2 150
3 22
2 3
2 14
15 1449
27 2244
79 3451
3 304
6 82
8 312
4 2065
5 11
2 3
20 1168
2 2
4 289
13 91
2 8
6 327
13 3075
76 3675
2 3
4 4
9 2526
7 588
1 48
9 23
1 64
2 79
111 5340
6 297
4 6
11 28
1 2
3 3
1 5
41 6795
3 22
8 34
1 3
16 1360
24 12937
1 76
3 14
7 31
2 3
5 2074
6 32
15 33311
35 14813
2 3
2 2
12 29
2 2
10 835
5 11
23 9797
112 3529
10 36
2 304
2 3
6 300
2 15
3 3
5 15
2 3
8 581
2 2
6 249
1 6
7 31
2 3
41 6795
3 89
1243 106497
1 5
3 3
10 36
1 588
4 52
16 398
3 7
204 17878
166 2037
11 4880
6 360
2 2
13 4962
6 82
12 3488
54 1567
5 15
4 4
283 834480
11 10849
6 23
4 52
5 10
4 52
2 3
6 10
8 941
15 4708
7 11
277 25723
9 12
4 5
2 4
4 19
96 2819
3 3
2 3
4 55
2 3
11 93
200 4711
179 5158
3 588
3 289
2 2
1 15
1 269
17 33
4 11
2 877
2 3
3 15
12 29
356 11062
2 3
3 3
3 304
2 588
19 9789
1 297
2 9
85 9911
3 12
3 2078
34 3452
12 2878
5 15
1 2
5 10
3 89
17 35
7 31
2 6
4 315
2 588
10 90
266 11913
2 4
8 8
5 12
3 588
10 329
4 11
3 9
2 3
5 41
2 3
83 14434
5 2077
3 5
32 8727
3 3
2 9
197 146400
32 3220
4 26
34 3452
5 1742
2 2074
4 20
1 7
50 14435
2 2
30 3416
18 378
21 6773
11 1857
5 386
15 26
3 15
1 6
4 596
3 8
7 105
2 3
3 7
21 6143
7 31
7 1558
105 1029
1 3
5 28
10 12
57 8861
6 885
2 304
5 12
18 378
3 288
20 134062
11 478
5 15
20 334
33 2829
5 11
3 15
11 10849
7 32
7 32
2 3
3 597
4 28
7 82
1 5
3 297
1 35
36 206098
6 6
295 39050
4 21
4 14
41 6795
11 10849
2 22
72 2819
102 18428
1 588
11 13263
6 885
3 6
27 8879
96 56859
1 949
92 17120
4 596
146 36841
11 93
4 188
25 12580
2 288
73 2819
2 3
1 7
2 2
6 31
277 8430
5 300
2 2
27 730
91 12676
6 327
10 59
10 56
4 941
2 2
1 5
28 3087
3 89
6 312
3 8
17 39
6 2584
234 162172
6 277
7 54
1 286
1 3
2 3
26 183
2 3
34 3452
5 581
15 144
6 300
1 2
3 1768
536 80942
41 4507
3 3
2 8
10 320
2 8
2 3
2 2
105 6029
10 35
2 8
2 3
2 10
3 10
2 8
9 6841
10 9789
10 1293
3 7
110 29625
4 4
5 8
6 13
83 14434
2 2
2 2
4 588
3 15
2 27
2 2
10 329
6 2000
1 287
3 180
18 2243
3 9
4 596
2 2
18 2243
3 304
1 9
316 42975
10 4017
1 2
1 312
1 5
11 13283
295 39050
74 2819
2 2
34 162
60 691
29 7461
23 95
12 29
207 3529
12 29
8 581
6 290
2 2
8 3056
38 6795
3 15
1 588
26 167
3 300
2 8
9 32
2 3
5 13
160 4528
4 9
9 8179
1 6
2 3
12 2878
2 288
6 32
17 228
1 2
19 2762
2 58
15 1449
2 3
2 40
82 19393
2 1999
3 3
83 14434
1 588
1 855
60 1760
46 3179
4 11
3 3
1009 62970
89 3534
2 287
3 22
1 3
1 1996
57 10998
3 18
1 91
1 6
10 12
11 1857
41 4507
43 82
1 588
2 15
4 52
29 1547
3 4
3 3
3 30
3 33
3 8
2 588
2 3
7 32
5 12
1 5
2 7
60 691
3 8
2 5
18 378
11 1857
3 3
4 5
4 304
1 8
7 1769
2 2
11 493
6 1537
11 10869
301 836218
8 2074
2 3
3 3
49 12580
1 14
727 76578
8 5613
6 14
3 6
2 3
211 6134
2 3
2 3
6 32
11 13291
5 68
6 7
3 5
11 4672
10 12
364 54365
57 8861
3 1007
2 2
2 15
18 1839
56 6029
137 28806
4 6
2 3
4 6
11 2552
3 89
2 3
1 5
5 41
3 290
17 3074
2 275
30 12677
2 58
7 10
9 31
5 3994
3506 334093
6 7
16 97
2 2
2 2
118 261
3 3
7 32
1 303
5 1769
8 34
11 3416
10 941
4 4
2 6
105 122758
2 3
2 859
85 9911
3 29
1 5
2 2
36 206098
2 5
2 2
3 3
3 588
5 7
6 301
19 929
6 31
3 3
2 6
2 2
12 58
15 39
9 312
38 2251
23 6433
1 312
119 19967
3 10
3 3
6 6
4 289
3 3
6 6773
1 20
4 588
92 17120
10 329
2 3
1 288
6 6
157 1853
3 72
5 10
4 17
4 24
1 3
98 1282
2 136
1 6
2 6
4 1999
18 18
2 2
2 2
1304 58680
6 80
14 4672
15 1449
21 2878
12 29
59 6312
14 89
5 11
2 2
5 39
1 10
108 20580
58 3452
3 35
3 3
11 3669
1 588
8 581
5 6
18 700
3 1999
1 3
2 588
1 2
2 3
1 4
10 3730
2 3
2 17
1 3
8 134
7 31
3 91
11 13261
71 17655
5 68
2 3
31 6773
12 29
4 12
18 1839
30 12677
11 10869
1301 58670
17 6143
43 82
2 3
3 35
9 51
6 4651
6 14
5 6
2 3
10 36
2 3
6 885
3 9
42 1299
97 15474
113 260
4 4
5 15
5 6
1 883
2 52
2 3
2 2
2 5
4 5
2 8
2 303
1 6
49 12580
3 6
18 1769
4 8
1 6
5 12
95 19393
3 11
2 3
4 2065
6 29
120 17852
2 2
3 289
16 1360
2 2
4 588
2 3
13 91
6 34
174 146400
9 51
5 15
7 300
2 2
24 4698
12 29
6 304
23 7461
9 13
7 588
4 11
1 5
32 3220
33 2829
2 6
2 3
112 3529
334 834480
63 630
34 162
1 5
2 2
15 144
4 5
1 2
1 12
3 15
105 6029
1 2
2 5
6 4708
2 3
2 2
20 134062
8 3056
10 36
5 588
31 3198
9 327
5 2074
1 949
8 8
5 12
274 24303
5 5
1 2
3 89
7 31
7 12
29 12937
2 2
234 162172
2 3
72 2819
6 327
5 15
7 1537
2 26
1 2
11 13271
9 31
8 327
3 54
4 6
3 12
11 473
12 327
6 327
2 304
6 1703
1 6
2 5
1 58
482 32586
8 2074
4 19
282 24319
10 93
21 1610
67 2552
11 1857
4 14
10 93
5 2074
46 3179
2 2
8 8
2 3
4 288
3 29
3 72
3 3
14 1360
41 2254
1 3
3 4
2 304
3 15
1 80
2 3
1 855
3 3
138 4711
27 150
1 16
5 595
14 4672
5 21
29 7461
21 2878
117 11913
34 3452
1 58
277 25723
21 673
7 10
1 3
2 4
329 36897
22 9690
7 25
67 2552
41 4507
22 4787
3 10
1 297
6 29
1 4
158 9876
1 4
5 5
64 2819
5 7
1 3
105 6029
8 581
6 327
2 3
3 3
3 9
12 29
2 3
2 3
60 691
41 202746
6 588
1 297
60 1760
2 3
3 3
2 304
9 327
8 34
33 2829
6 80
5 11
2 6
15 1449
1 5
1 6
5 581
2 3
5 7
3 289
2 6
6 868
4 8
3 18
3 30
18 167
44 20727
5 31
19 2246
2 2
10 36
16 1769
3 304
3 588
5 31
3 6
1301 58670
6 32
3 2074
2 288
2 15
1 5
1 588
5 5
1 34
3 289
8 885
4 288
6 312
1 3
3 5
2 2
17 34
2 588
2 12
160 4528
6 156
2 15
2 2
1 891
30 12677
10 118
32 8727
1 2
1 59
3 14
4 5
10 56
292 80629
7 31
2 2
7 12
88 82948
3 949
11 93
2 2
2 2
3 7
2 3
41 2254
2 1999
2 3
11 13271
5 8
45 3719
4 5
2 2
274 24303
67 2552
1 288
26 167
24 12937
2 2
2 2
8 96
3 1999
2 3
23 95
10 36
3 3
25 1769
2 4
7 588
4 11924
21 2878
3 289
83 14434
23 9797
3 5
1 5
27 1894
1 12
3 3
3 3
33 2829
110 13394
33 2552
3 304
1 14
4 941
3 3
1 588
2 8
3 22
122 16391
6 885
1 588
2 3
5 10
7 31
6 2074
1 71
11 10849
1 297
2 2
1 2
3 4
64 2819
3 3
8 3056
30 12677
3 58
1 2
4 67
2 3
1 3
38 12678
124 9605
2 304
6 304
4 9
1 286
2 288
5 10
6 6773
5 581
9 603
1 6
22 9690
12 327
10 56
2 22
30 5092
11 1857
22 127012
2 2
2 2
3 3
2 5
1 64
2 3
1779 102079
4 1999
9 6841
2 304
12 3488
2 2
356 11062
4 327
85 9911
5 10
1 71
3 17
18 167
9 144
11 473
21 1039
6 290
23 1306
1 2
10 93
3 304
4 17
6 301
10 2829
4 1768
1 5
1 297
3 3
38 12677
4 4
5 588
70 6201
120 17852
7 31
11 93
8 2080
5 12
364 54365
122 19415
2 3
6 31
3 7
2 2
1 76
5 7
501 20874
71 17655
5 68
23 9797
2 8
6 580
16 1360
11 3416
7 32
19 73
11 473
17 8876
2 288
1 6
50 12678
4 9
3 289
2 2
1 58
1 14
3 3
3 11
2 2
59 55393
38 6795
1 588
5 588
2 3
23 95
4 596
2 5
3 354
2 288
295 39050
3 3
2 6
6 304
3 3
16 1360
3 10
91 12676
69 9911
6 32
8 34
11 13273
2 2
2 2
15 144
3 15
2 21
2 3
1 2
107 9605
1 588
3 9
1 2
5 17
1 855
32 8727
4 4
2 15
7 31
2 9
2 72
9 588
5 5
1 5
74 2819
1 12
2 3
2 2
41 217543
1 5
23 13689
2 3
38 6795
22 34
2 30
25 7461
7 64
1301 58670
27 1894
1 64
454 20704
9 2257
6 29
9 598
5 11
2 3
19 19
2 5
16 608
4 256
41 4507
102 18428
8 34
3 89
4 11
4 11
9 1180
1 297
51 20727
4 4
5 15
3 3
85 2930
16 1769
6 29
6 2662
4 304
2 3
5 5
12 1610
5 12
3 89
2 3
6 13
2 5
20 1168
15 144
2 6
15 26
3 15
5 7
16 3488
29 1547
3 3
1 9
1 297
21 6773
3 8
3 7
2 2
3 8
2 288
21 2878
9 30
301 836218
69 9911
3 304
98 1282
11 473
2 3
20 1168
19 9789
3 3
2 5
2 288
15 1449
1 20
3 296
2 3
11 93
2 2
1 5
9 3442
6 7
1 6
3 5
89 3534
3 885
5 327
2 30
6 13
12 29
3 3
3 18
1 12
1 9
3 8
3 3
6 24
34 162
3 12
3 304
54 323
1 301
1 2
27 2244
2 61
3 3
21 1039
4 289
1 588
6 2662
277 25723
15 1449
9 2257
11 7952
37 5113
1 18
634 241063
482 32586
2 3
9 8179
22 9690
2 6
4 304
2 3
34 162
3 220
70 6201
116 4497
3 304
25 5904
1 2
27 2244
3 290
80 17436
2 3
5 15
2 3
3 12
10 588
377 10474
2 2
1 64
3 30
52 10999
9 387
207 3529
2 3
1441 329339
1 6
3 3
118 7902
6 1537
1 2
34 3220
4 289
23 95
5 66
2 2
25 5904
157 1853
204 17878
33 2829
4 304
3 8
5 9
15 39
9 327
9 2762
1 5
3 30
4 55
17 35
3 3
4 289
1 6
2 1709
6 11
3 7
11 473
3 304
4 67
8 7952
11 28
3 588
29 335
2 288
1 588
1 2
4 6
2 3
19 73
74 2819
23 95
1 5
34 3452
4 13
7 32
4 33
2 3
4 8
174 146400
64 2819
2 2
2 14
6 2584
12 4708
10 93
6 360
3 14
1 10
18 9797
58 3452
4 327
2 3
5 595
2 2
6 22
7 32
13 59
5 5
3 8
89 3534
23 135703
11 13293
3 3
16 1769
2 304
23 135703
2 2074
10 93
3 3
8 34
15 4708
366 37169
6 12
2 3
1 2
7 7898
2 2
2 3
79 79
57 8861
3 14
2 3
15 144
12 58
4 4
6 32
12 170
1 2
4 596
3 3
2 2
10 93
7 868
3 588
9 327
112 259
46 3179
17 17
15 6752
3 72
27 150
8 10376
4 14
5 1537
7 31
1797 405917
2 2
4 52
3 3
2 2
2 3
4 596
1 10
8 22
4 11
6 156
2 4
20 1520
1 3
3 3
27 1894
1 5
6 6
1 588
6 1703
3 18
135 18507
89 3534
3 7045
2 2
4 6
11 1857
5 19
24 12937
2 1999
2 288
5 10
2 3
2 304
5 312
25 4410
30 2237
10 329
6 1537
3 89
11 13273
30 2237
2 2
3 8
18 1769
2 6
21 6773
6 13
5 11
4 7
4 304
44 2251
2 3
15 1449
11 27
21 1610
4 588
4 12
4 596
112 259
1 2
9 9
277 11192
1 312
6 29
3 3
2 3
2 2
5 10
11 93
25 922
12 29
15 929
1 11
2 2
3 588
8 2080
2 3
4 33
50 13618
11 13273
11 13273
2 3
10 320
38 2251
1 5
17 8876
18 1766
5 581
7 10
132 35971
1 24
50 14435
11 1857
103 4497
2 3
4 304
3 304
1 2
1 287
3 18
3 54
2 2
1 269
34 3452
2 72
9 23
6 156
2 5
1 4
22 4787
5 10
2 3
3 588
1 588
34 3452
7 31
2 2
1 5
1 2074
2 3
85 9911
21 673
7 588
6 312
482 32586
1 64
1 6
1892 407637
23 95
10 12
9 8179
3 5
1 6
11 13261
2 3
1 3
23 1520
2 72
11 4789
2 6
1304 58680
1 14
2 3
3 3
7 13
21 2878
16 97
1 855
20 1168
1 5
7 13
6 597
2 1999
3 3
1 301
3 3
4 4
18 323
5 588
15 6752
15 26
231 156917
6 6773
1 5
34 3452
2 2
8 868
12 29
34 162
3 3
6 327
5 6
1 64
50 13618
167 5519
2 2
10 93
6 1537
3 3
11 28
2 3
4 55
3 6
19 71
4 33
6 312
4 52
4 596
283 834480
3 6
41 2254
17 339
17 1839
6 31
31 3198
1 2
10 93
209 3529
3 58
2 3
2 304
2 3
4 315
4 18
3 3
3 3
2 8
7 7898
2 67
24 7456
4 1999
46 10517
19 4788
283 834480
10 90
3 289
3 354
18 378
2 2
122 3325
69 13618
33 2829
23 7461
1304 58680
120 18094
2 2
12 1608
2 40
6 2662
21 2878
3 10
12 73
3 10
2 588
6 23
27 150
4 2142
1 288
7 32
24 7456
1 5
34 162
6 80
4 12
56 6029
5 31
2 2
2 3
22 334
3 326
4 297
2 3
6 312
5 24
28 63
2 2
3 3
2 3
3 15
9 31
11 493
4 4
59 55393
4 297
427 21729
2 2
15 39
2 2
12 5168
5 10
11 13283
1165 32123
2 3
17 1293
2 2
3 13
1 2
156 12234
6 6773
1 5
1 3
11 473
9 2362
8 469
3 290
6 31
1 76
5 10
2 2
2 3
12 29
4 590
6 360
1 6
10 329
2 21
2 1709
12 1610
9 2762
14 4672
9 1610
6 1703
1 5
364 54365
3 290
9 30
6 154
9 51
6 312
10 36
1 39
89 3534
1 4
83 14434
20 13262
1 3
6 3994
5 6
1 6
3 3
2 9
1 855
105 1029
3 44
1 4
1 297
2 15
15 32978
3 10
283 834480
3 354
4 13
2 3
6 6773
30 12677
3 304
11 493
3 6
10 941
71 17655
10 1293
4 11
6 868
1 9
122 9876
5 11
6 297
2 2
1 30
2 6
8 55
2 3
59 6312
8 8
1 1293
5 19
334 834480
2 2
3 3
1 297
1 9
1 3
7 32
3 8
6 301
12 145
2 1999
1 2
5 2029
2 588
2 3
4 89
2 2
5 10
1 2074
3 22
2 12
9 2762
17 179
15 71
8 55
5 10
1 297
2 4
4 19
1 7
3 9
3 178
3 7
1 6
5 11
41 4506
19 4788
181 629188
12 903
6 23
5 15
3 3
4 9
17 1360
4 11
3 12
1 76
3 89
21 1039
6 360
3 3
4 33
5 10
2 8
1 6
3 10
14 929
11 2231
1 5
2 2074
19 3452
3 5
41 6795
4 52
3 3
2 288
138 4711
3 10
2 3
3 304
11 473
3 596
7 17
11 2552
2 24
6 304
6 14
2 288
6 32
377 10474
1 3
5 114
451 39833
3 7
165 1853
6 304
1 13
2 3
6 156
9 23
207 3529
3 3
10 36
8 8
2 3
4 10
4 52
2 22
2 2
3 304
4 588
1 3
3 8
33 323
1 3
6 301
3 3
10 36
9 144
216 33033
4 354
7 70
1 301
2 3
58 20727
11 493
3 1768
3 3
3 354
2 3
2 6
1 5
1 76
2 21
27 730
25 4787
13 134
4 4
6 22
100 1853
16 183
2 3
1 588
283 834480
2 2
6 6
2 588
76 3675
3 22
2 3
2 3
1 855
34 162
3 6
1 269
17 66
1 588
1 855
4 297
26 167
168 2043
3 89
33 2829
11 1857
26 8727
2 3
11 144
2 14
2 10
5 1528
3 4
18 1769
3 18
57 2858
17 6143
1 5
316 54360
73 747
3 14
2 2
3 89
2 60548
3 10
5 7
2 2
15 1449
87 12676
2 12
11 13293
2 9
2 3
5 7
50 13618
2 2
33 2829
73 633
5 10
2 3
32 8727
4 20
23 9797
45 3719
12 2878
7 13
329 36897
92 12676
4 288
1304 58680
3 1999
13 3075
11 17
2 3
6 15
3 3
21 673
179 5158
1 5
3 6
5 6
124 9605
6 290
9 8179
16 28
8 1604
11 2552
10 93
1 2
1 27
3 15
6 15
7 868
10 36
16 398
2 588
8 35
3 3
12 29
118 7902
19 4788
2 3
2 3
4 4
6 29
37 249
2 288
3 304
10 329
8 1602
12 1610
18 4962
5 56
34 162
9 327
1 289
8 868
23 9797
6 297
283 834480
14 89
17 95
1 7
234 162172
3 3
2 6
4 7
2 288
2 3
1 297
6 32
2 3
4 288
15 90
4 8
4 11
5 10
25 378
120 17852
4 89
3 20
2 2
15 3431
1 588
9 8179
2 2
2 44
1 949
3 5
2 2
16 3488
31 3198
2 588
14 89
2 3
29 122024
1304 58680
12 327
4 1768
1 1999
96 56855
3 938
1 5
2 3
82 19393
15 6752
10 329
12 3500
58 20727
377 10474
3 5
4 11
6 32
24 4698
17 31
27 2244
3 89
1 64
11 473
3 29
8 22
2 3
4 9
4 5
4 941
2 2
23 95
3 304
41 6795
30 2237
11 2762
4 304
26 8727
1 3
2 3
57 2858
10 36
3 6
25 5904
2 3
23 135703
5 588
3 22
5 6
3 296
6 1768
16 1769
3 8
2 2
4 27
2 3
12 603
9 51
17 35
1 25
18 378
1 588
6 32
6 22
2 3
1 21
2 2
2 3
3 5
2 26
5 31
3 18
3 304
11 2552
2 3
1 287
4 11
3 10
11 13291
2 2
15 5456
5 22
24 12937
13 478
5 24
7 32
3 304
3 30
1 3
1 588
1 297
6 14066
115 261
4 289
14 929
7 31
6 23
1 35
2 2
5 10
8 2080
364 54365
1 297
74 2819
8 52
1 6
27 1894
2 588
204 17878
168 2043
2 3
4 8
6 32
31 18323
2 2
4 6
112 3529
9 327
4 112
2 588
3 9
3 3
16 34
2 3
3 3
74 1853
23 95
4 2065
2 3
7 32
3 18
2 2
2 1999
3 14
5 17
3 89
3 3
3 89
21 1610
377 10474
4 24
5 10
2 2
1 588
2 2
10 93
1 5
6 31
118 15542
2 2
3 15
19 1610
3 20
19 195
12 2878
23 95
2 2
24 12937
15 1449
2 5
2 4
3 3
9 6841
1 35
4 8
15 39
4 7
1 588
4 289
10 36
1 5
3 7
15 90
26 6841
211 6134
5 12
109 13386
14 636
1 64
7 10
8 12
59 6312
1 2
1301 58670
74 2819
24 12937
301 836218
2 5
2 2
5 9
6 301
10 56
6 12
9 23
28 14218
5 11
12 4708
25 7461
27 2244
11 13273
2 5
3 290
1 14
1 287
3 326
11 13281
3 3
209 3529
3 6
2 5
1 2
12 29
1 3
6 2030
2 2
5 24
1 64
4 11
9 327
3 10
7 1769
7 588
12 8634
4 941
1 3
1 2
3 89
3 4
6 290
21 1039
4 315
21 2878
1 588
3 4
6 23
3 14
3 7
1 3
85 9911
1 5
1 9
28 14218
2 2
1 7
1 3
2 3
727 76578
4 6
3 3
3 7
3 296
7 588
2 3
12 3488
2 2
119 19967
6 312
5 7
6 14
3 15
1 588
3 35
4 67
94 13618
1 15
168 2043
2 2
469 20146
18 105
2 3
211 4546
11 1857
5 595
11 2762
1 588
4 12
1 588
4 8
2 3
174 146400
2 7
3 8
2 2
1 22
6 6
6 301
41 6795
4 11
2 3
23 9797
3 354
334 834480
11 493
1 301
6 290
75 2819
1 588
2 6
3 7
47 1760
3 15
3 8
2 2
1 2
1 6
30 12677
2 3
1 949
5 297
6 3994
15 144
3 3
2 2
16 608
207 3529
22 634
5 6
6 327
3 354
2 2
277 11192
2 304
2 2
2 275
3 289
2 2
12 29
2 3
2 33
4 1528
40 120475
10 329
2 2
2 2
1 588
82 19393
63 630
11 2762
5 54
7 581
8 581
2 12
5 1742
4 11
2 1999
1 5
5 2077
2 3
8 34
6 10
11 1857
1 949
1 588
15 1449
3 19
5 31
11 93
10 4304
283 834480
59 4006
37 249
3 288
15 1172
1 588
6 10
2 2
4 21
10 36
3 326
6 12
5 5
26 2755
3 10
2 2
120 18094
2 2
2 2
1 301
1 3
138 4711
3 3
38 6795
9 312
8 8
16 39
1 2
174 146400
116 4497
111 20580
4 4
3 3
6 32
3 18
44 2251
5 581
4 11
3 3
1 20
5 19
2 6
2 5
7 7
3 588
597 48227
6 54
445 51956
22 9690
2 22
1 588
122 3325
4 354
105 6029
2 7
34 162
9 8177
15 71
8 12
7 31
1 64
6 277
1 9
2 2
4 33
4 596
3 22
609 65392
1 855
3 22
38 12678
9 2526
2 2
8 8
2 3
6 1703
4 11
124 9605
4 2065
4 21
38 2251
82 19393
10 941
1 76
2 2
49 12580
16 40
4 6
3 3
2 288
1 1656
15 1449
2 2
1 11
44 2251
11 3416
5 10
3 20
18 1839
3 89
3 289
2 3
1 5
57 8861
8 1604
59 633
3 30
17 39
9 327
1 64
3 10
2 3
1 297
8 1604
8 1039
4 2074
1 588
1 9
12 144
25 378
1 6
2 24
60 3484
12 29
6 15
9 8177
3 304
5 10
10 941
2 3
1 885
5 581
1 12
19 26
8 327
5 10
1 297
3 326
181 629188
1 64
6 28
2 3
3 289
2 7
2 3
1 2
3 3
2 885
4 8
3 1171
3 89
5 44
6 1703
316 54360
6 82
8 5613
2 3
4 11
364 54365
1 33
102 18428
20 1769
1 588
1 5
11 93
4 304
5 581
6 6
2 30
2 6
10 90
2 3
4 4
34 3452
8 52
6 312
52 10999
47 1029
4 4
10 13
11 13291
10 36
123 16399
4 588
5 5
6 304
1 5
2 2
2 15
115 122329
1 588
79 3451
10 588
2 3
21 2878
22 2720
3 36
5 12
5 22
3 7
103 4497
92 17120
6 31
11 473
4 52
5 41
4 949
13 3075
92 12676
1 297
6 304
227 51208
16 608
3 354
2 2
4 949
2 3
2 2
1 15
41 217543
1 588
41 12677
1 9
119 16399
3 3
2 3
6 1768
11 473
4 17
377 10474
9 23
1 588
18 378
6 297
10 588
1 15
2 3
3 3
102 18428
11 473
7 32
32 8727
1 64
3 6
105 6029
1 588
6 304
9 144
4 354
1 5
3 65
1 588
41 2254
277 25723
6 581
2 58
2 9
4 588
2 2
2 2
289 47853
72 3534
6 14
28 14218
4 4
15 3431
3 3
3 2074
9 9
7 46
7 54
1 588
2 2
1 5
2 2
1 588
4 288
2 2
2 5
22 1839
124 9605
9 6841
27 2244
9 144
2 304
1 588
7 31
11 13283
3 12
2 2
4 14
118 7902
3 12
2 3
18 183
146 36841
15 4708
8 581
1 294
61 3482
3 290
5 2080
7 31
17 6143
22 2720
11 473
2 288
2 2
7 12
3 22
98 7185
1 2
5 581
42 6868
2 34
2 3
2 288
4 11
14 929
3 8
3 289
9 31
6 883
2 9
5 8
7 1769
5 11
2 2
7 581
2 2
23 12937
2 3
18 378
2 3
2 4
1 22
8 91
5 15
3 175
1 269
4 2074
54 323
32 8727
6 301
3 15
32 8727
9 327
4 2074
1 287
2 2
30 13323
2 2
2 3
5 10
17 66
5 10
2 8
1 296
112 3529
5 15
3 5
7 32
2 2
4 5
2 4
7 2576
29 122024
4 6
2 2
4 4
3 6
11 493
3 15
1 588
10 835
9 327
1 3
24 12937
7 31
5 10
64 2819
1 2
179 29421
8 581
12 17
1 2
6 13
7 11
1 5
3 304
5 56
6 4708
15 6752
4 52
2 3
2 288
2 5
1301 58670
1 297
1 12
1656 21137
8 34
11 13281
119 19967
4 4
2 3
122 9876
2 3
20 334
34 3452
2 2
64 2552
6 2662
19 4788
11 10869
2 2
8 2080
4 11
3 18
57 8861
7 31
6 300
44 2251
3 3
21 1039
18 1839
10 4591
9 327
11 473
41 6795
1 588
1 69
3 3
1 588
2 288
2 288
6 32
10 93
4 7
2 588
8 1039
3 3
58 20727
2 3
6 4708
266 11913
23 95
5 1769
2 288
6 31
7 588
1 2
3901 334093
79 79
3 30
9 31
9 51
1304 58680
41 4507
171 29421
1 588
7 31
3 3
3 3
319 54365
2 2
9 2362
18 4789
58 20727
4 304
7 297
4 6
1 5
3 15
6 23
6 941
15 26
1 297
283 834480
2 21
6 24
1 12
4 55
3 7
5 11
28 14218
1 855
2 15
2 287
2 2
3 3
7 10
2 21
10 93
179 5158
3 3
88 1106
3 3
2 4
1 6
2 2
94 13618
1 297
1 12
11 2762
27 2244
2 3
1 7
4 7
6 3994
11 93
146 36841
2 2
8 2080
11 13273
4 297
2 588
4 9
1 14
6 6773
4 294
2 213
2 9
334 834480
3 22
3901 334093
6 597
3 290
1 80
2 15
1 588
2 34
6 10
34 3452
1 2
146 36841
72 2819
33 40
20 9690
2 2
85 9911
76 3675
9 8179
7 31
18 1839
3 304
44 2251
5 5
2 112
2 14
3 29
4 6
83 14434
67 647
2 3
3 20
2 3
1 2
12 1610
7 868
4 11
2 2
15 26
11 3416
3 66
7 31
79 3451
2 2
334 834480
1 949
6 941
3 12
3 5
11 13261
3 20
4 312
6 360
30 2237
59 4006
3901 334093
22 413
138 4711
14 89
1 3
96 3054
3 18
9 51
9 134
11 1172
4 6
21 1610
2 2
22 249
28 14218
18 1839
14 29
412 20874
10 329
3 3
29 1547
266 37169
58 20727
10 93
5 1537
3 10
60 691
19 4788
6 32
6 32
70 6201
1 1999
56 6029
5 56
7 31
1 2
76 3675
1 5
18 18
2 2
64 9343
19 9789
13 5168
7 3500
2 2
4 67
9 2257
3 588
11 3669
18 9797
2 2
17 1460
113 260
316 54360
6 23
9 327
21 1610
22 413
5 10
34 162
11 93
34 162
3 89
2 588
3 89
10 118
11 10849
2 3
63 630
4 32
3 3
3 8
295 39050
13 3416
7 32
337 11062
40 1299
4 5
13 3416
2 112
16 1360
120 18094
10 93
3 10
67 2552
3 289
2 2
2 2
2 5
6 6
2 2
1 5
16 16
207 3529
2 3
4 28
16 1360
2 2
17 3074
6 312
12 29
19 1839
3 6
7 1537
1301 58670
1 2
2 2
501 20874
3 72
4 65
19 73
3 35
1 13
23 9797
2 5
7 15
4 17
22 2720
2 8
8 12
1 287
3 3
2 2
4 588
36 206098
8 34
1 2
8 73
6 868
27 2244
5 9
4 14
6 6773
8 868
3 14
3 8
2 2
42 6868
10 1610
6 1537
2 3
11 28
21 1975
21 1610
6 327
25 4787
1 18
2 3
102 18428
1 35
2 6
216 33033
2 2
6 3994
3 10
43 82
1 2
23 13718
277 11192
2 2
18 1839
1 5
5 10
80 82948
124 9605
2 18
1 588
17 639
8 12
3 7
9 59
21 2878
82 19393
5 12
2 3
1 287
2 1999
2 2
122 16391
7 32
9 327
6 2662
10 59
2 5
5 588
11 473
2 9
6 12
2 3
2 12
10 93
3 9
2 3
22 9690
27 1221
1 64
50 14435
5 6
9 45
2 2
38 12678
4 14
3 3
20 73
3 18
5 21
30 2237
3 304
1 588
18 1769
1 286
1 2
1 9
3 33
461 44569
11 4782
92 12676
11 13293
2 2
8 2686
2 5
15 1449
4 8
1 297
132 35971
4 33
31 3198
11 13281
21 1610
10 1293
2 15
7 1537
1 5
2 3
6 29
2 5
477 29134
1 588
5 114
6 312
11 1857
2 2
3 18
2 3
1 2074
22 4787
2 5
3 7
13 3416
67 647
1656 21137
58 2858
1 5
6 6773
5 31
1 312
50 12678
1 5
2 2
4 294
380 39833
18 183
2 6
253 162172
4 289
2 2
4 301
356 11062
18 105
4 315
2 3
1 297
8 327
4 6
11 327
14 89
2 3
16 1360
21 2878
2 885
38 12678
2 21
10 941
15 144
2 288
179 29421
17 39
5 5
1 5
4 588
57 2858
7 32
5 8
6 1537
3 7
179 5158
1 3
6 581
41 6795
1 3
9 93534
5 595
1 5
1 7
1 288
7 12
1 5
727 76578
12 1610
6 22
8 8
5 5
12 3500
6 1768
283 834480
7 588
6 80
1 5
24 7456
3 290
3 3
2 3
30 2237
12 3488
2 9
5 15
8 941
3 12
7 31
9 31
2 2
2 5
15 144
16 16
3 3
7 31
3 3
2 24
2 3
14 89
3 10
2 34
115 261
9 13
3 5
22 4787
3 22
1 3
2 6
69 13618
112 3529
6 1703
5 297
85 9911
2 21
2 2
4 312
2 3
6 597
7 1537
7 868
13 3416
2 288
2 2
6 29
2 5
2 3
5 300
1 588
5 105
9 23
3 597
2 2
4 1528
5 6
3 3
4 52
1 14
11 473
1 59
16 608
9 144
2 3
2 3
73 633
3 8
1 5
92 12676
356 11062
9 327
2 288
1 297
8 581
64 2819
3 3
5 1769
3 14
5 5
65 10998
11 1857
230 17878
2 5
3 588
64 2819
9 23
2 286
3 15
9 327
6 56
9 1610
2 3
3 18
2 2
2 3
3 18
2 5
41 2254
2 12
1 6
2 3
2 588
11 2762
168 2043
1 14
80 17436
67 2552
96 2819
7 588
67 2552
3 1805
2 3
8 885
2 288
2 3
5 303
9 2829
30 12677
2 2
18 4458
4 294
11 10849
1 5
3 296
316 54360
3 3
2 304
1 6
50 13618
2 3
207 3529
13 3416
2 2872
4 7
22 4787
38 2251
2 2
2 288
2 304
180 4103
31 3198
1 588
3 9
1 288
207 3529
7 31
4 301
5 2074
83 2819
3 54
6 309
11 2762
1 6
2 3
9 9
5 12
2 304
1 588
7 33
6 6
5 3994
2 3
11 1172
38 2251
5 10
5 3994
60 1760
6 32
6 12
5 7
4 2081
46 10517
38 2251
7 10
14 636
2 588
12 144
3 288
70 6201
1 5
13 3075
12 4830
15 3431
2 3
3 89
5 71
2 2
34 3452
6 301
2 2
3 89
1 6
3 72
3 3
4 8
3901 334093
102 18428
3 290
1 3
95 1282
18 639
1 6
5 303
3 3
5 10
45 3719
16 1360
4 9
2 288
15 14797
5 12
277 11192
7 588
14 327
2 5
3 5
28 14218
2 15
1 3
1 269
266 37169
2 2
3 72
124 9857
2 3
2 3
2 2
371 707468
118 7902
4 11924
6 13
3 304
1 949
23 95
3 15
6 13
59 6312
146 36841
4 14
8 34
1 2
6 31
234 162172
1 301
1 2
3 288
6 2584
35 14813
14 929
6 300
18 1839
5 581
1 2
99 3000
1 6
6 304
7 32
1 7
17 6143
15 1449
3 12
1 58
20 73
10 588
3 15
3 67
7 1537
1 303
6 312
6 10
8 581
3 354
11 473
9 327
80 12676
9 327
3 18
1 35
3 5
1 312
4 2065
10 19
3 297
18 127012
50 12678
199 4711
3 3
12 29
211 6134
6 327
482 32586
2 2
135 1515
9 327
16 1360
18 1839
2 1999
2 3
3 885
24 7456
2 3
67 2552
1 297
1 949
3901 334093
27 8879
7 595
2 2
63 630
1 3
59 6312
2 2
2 6
4 297
58 20727
79 3451
1 5
1 269
4 24
2 288
14 3075
17 1764
29 122024
8 52
2 15
8 320
7 11
14 327
3 1095
11 4672
4 327
6 29
451 39833
6 11
112 3529
59 6312
4 1528
12 17
4 6
1 2
3 15
19 73
2 2
2 2
2 285
5 16
6 156
12 3488
17 6143
2 8
2 5
6 290
8 1039
3 18
23 9797
1 2
1 297
189 33902
21 1039
2 2
11 13271
3 89
2 2
15 1449
5 581
11 10869
28 14218
3 18
79 3451
7 941
3 1805
5 10
3 22
2 303
4 4
2 2
23 1306
16 1360
1 2
1 6
5 588
108 20580
190 24939
3 5
2 3
3 1767
4 4
334 834480
3 304
110 29625
11 1293
10 53
6 327
1 39
5 588
2 3
80 82948
174 146400
7 1537
1 2
420 44569
1 64
2 2
7 1769
2 3
9 318
7 588
99 3325
1 297
2 287
1 2
4 304
5 71
1 10
2 2
9 312
2 2
2 2
1 588
1 2
6 304
4 289
83 14434
2 1999
2 3
1 72
1 2
1 5
5 31
9 312
6 23
17 6143
10 93
2 2
1 3
6 12
1 2
1 6
4 289
21 1039
9 46
3 3
11 2230
4 295
2 3
114 260
3 3
6 2662
2 3
1 5
10 93
2 288
2 2
1 15
174 146400
24 12937
2 5
5 31
3 14
5 15
4 40
19 9789
5 31
6 31
6 580
64 14812
2 3
11 473
3 3
27 2244
52 10999
2 2
1 6
17 34
22 2720
4 11
120 17852
1 949
105 6029
2 2
6 301
1 286
7 1537
2 3
380 39833
2 2
18 105
1 286
6 304
5 15
1 5
2 3
2 3
6 31
1 2
6 1537
33 2829
67 2552
71 17655
4 297
337 11062
6 301
9 3147
2 288
3 15
2 4
4 588
6 82
3 3
1 2
3 3
30 204
1 588
46 10517
3 3
2 7
30 204
36 206098
5 11
68 9902
3 3
6 10
59 4006
334 834480
7 32
19 4788
4 6
2 2
1 3
5 3683
2 3
15 26
4 9
17 31
3 3
5 12
137 28806
21 1039
15 1449
3 18
4 6
10 90
3 23
17 35
6 82
27 2244
6 23
83 14434
7 31
2 2
3 3
1 297
5 2077
18 378
2 5
316 362071
31 3196
40 1299
9 93534
3 3
5 15
5 15
1 59
6 80
234 162172
46 10517
9 93534
21 1610
3 89
12 29
2 8
116 4497
2 3
112 259
20 134062
2 2
2 2
11 473
3 12
19 35
27 2244
38 12677
3 5
2 3
9 23
19 73
3 12
95 1282
34 162
11 10869
3 40
3 10
3 7
2 2
5 15
106 5340
29 14218
4 1999
2 288
1 588
2 5
19 9789
2 3
1 72
283 834480
5 297
3 3
1 22
2 2
4 11
2 2
6 941
1 6
7 32
2 2
41 4507
9 327
15 1449
3 588
364 54365
1 3
1 9
2 2
16 1769
3 9
2 8
4 6
1 2
7 949
2 5
1 588
10 329
89 19393
67 2552
9 31
3 5
3 4
18 4962
41 2254
8 8
1 14
3 18
3 18
2 3
11 13271
6 1537
4 8
46 10517
1 296
10 93
3 15
1 6
11 10849
6 52
4 6
3 22
2 2
57 323
14 929
59 4006
72 2819
74 2819
420 44569
2 2
3 14
1 5
7 32
2 3
2 2
107 9605
1 588
3 597
6 304
1 2
3 3
10 93
1 2
11 13271
2 1999
2 2
3 2074
3 3
3 10
1 12
17 31
1 6
2 2
21 2878
38 2251
5 22
2 33
8 581
1 59
1 15
11 473
14 327
5 188
6 303
1 5
6 31
3 6
2 2
58 20727
9 1293
5 44
6 327
1 9
6 290
31 21519
2 3
3 3
7 32
161 17245
3 949
11 10849
8 8
3 354
149 11913
1 5
112 259
19 73
3 3
88 82948
4 11
1 35
1 588
12 29
29 122024
58 20727
1 15
27 2244
9 45
1 22
1 297
2 72
7 31
4 11
482 32586
1 27
38 6795
2 275
29 1547
18 127012
3 3
41 202746
3 15
8 320
32 8727
3 18
5 12
1 6
5 581
156 59187
116 4497
4 304
1 15
18 1839
11 2720
209 3529
6 31
1 6
6 290
2 2
3 288
2 288
8 52
4 6
12 29
44 2251
2 3
9 13
3 3
1 5
283 834480
2 2
289 47853
3 5
2 2
11 473
3 7
21 1610
1 949
3 20
18 1769
85 9911
5 323
4 4
69 13618
2 3
23 135703
2 3
3 10
30 12677
3 10
2 288
538 43060
4 304
5 10
135 5863
2 40
4 6
1 5
49 2251
6 11
1 588
84 16332
2 3
10 36
16 608
3 3
1 269
20 1769
2 5
2 5
4 5
7 45
60 691
29 7461
4 7
12 1537
5 8
2 2
2 2
266 37169
15 144
3 66
43 82
283 834480
6 312
11 10849
2 2
5 15
2 3
25 167
3 15
2 588
2 3
9 79
16 1360
1 64
7 595
2 3
2 24
6 309
3 3
2 3
13 3075
1 588
30 2244
4 14
2 24
4 4
1 5
34 162
7 3500
4 11
1 15
3 10
23 95
1 288
5 11
2 22
21 6143
5 949
2 21
2 15
4 4
2 2
30 2237
3 288
2 2
44 2251
6 588
2 2
2 9
289 47853
6 6773
6 1537
9 2762
5 15
28 127012
2 3
2 3
6 28
1 14
3 6
2 4
5 8
5 71
3 89
211 4546
1 949
28 14218
1 2
1 3
3 22
83 14434
6 2074
2 2
11 4782
4 327
124 9605
15 34
6 360
23 95
11 10849
6 297
20 1176
364 54365
277 11192
58 3452
2 2
3 20
6 2584
3 3
2 6
44 2251
105 6029
11 473
6 31
41 6795
2 288
3 22
7 31
8 8
3 15
6 54
3 67
44 2251
5 15
7 588
3 15
2 6
6 6
2 2
95 1282
5 5
21 1039
17 3452
14 89
30 2237
7 10
2 2
44 2251
3 304
4 304
2 3
2 6
3 3
200 4711
17 39
28 14218
10 13
3 26
1 14
42 6868
1 5
3 20
1 2
1 2
1 39
21 1039
16 97
2 2
7 1769
6 82
2 34
2 3
19 4788
2 304
2 15
3 3
