3 22
2 14
45 834480
44 3451
3 304
8 1449
4 82
6 312
2 2065
2 11
10 1168
6 13291
3 8
70 17878
6 91
1 8
5 327
7 3075
10 3675
6 8
2 3
3 4
5 2526
2 588
1 48
5 23
1 64
60 5340
1 3
4 297
3 6
2 2
11 28
1 2
3 3
1 5
2 18
20 6795
3 22
1 3
8 1360
12 12937
4 2244
1 14
4 2074
4 33311
12 14813
2 2
40 259
1 29
7 835
2 11
8 9797
42 3529
3 10
2 3
1 304
5 2686
3 10
3 300
2 15
1 3
2 15
2 2
2 2
4 249
1 6
2 2
20 6795
2 89
259 106497
1 3
1 3
1 588
3 52
11 398
3 7
4 360
5 4962
4 82
4 3488
2 2
14 1567
2 15
4 5
26 2251
2 2
2 23
3 52
3 52
1 10
3 10
3 941
4 4708
2 9
1 3
4 11
7 12
2 5
2 4
6 32
1 19
20 2819
3 3
3 55
6 93
55 4711
69 5158
1 3
1 29
2 588
1 2
3 289
1 15
1 269
2 4
4 8
1 11
2 3
1 877
2 24
1 3
3 15
1 29
138 11062
1 3
3 304
1 588
6 13293
13 9789
6 13283
1 297
2 9
2 2
27 9911
2 12
5 32
1 2078
5 71
5 13
20 3452
7 2878
2 15
1 2
4 10
1 7
1 89
7 34
2 6
3 315
1 588
63 11913
8 2237
2 4
1 3
7 8
3 12
2 588
1 3
7 329
1 11
4 41
4 31
38 14434
3 2077
1 5
17 8727
1 29
2 9
77 146400
5 31
25 4507
17 3220
4 26
20 3452
5 1742
2 2074
4 20
1 7
12 14435
2 18
13 3416
7 378
10 6773
7 1857
1 3
11 26
1 3
3 15
1 6
3 596
7 105
4 2244
3 7
11 6143
3 1558
35 1029
1 3
40 259
7 12
28 8861
3 885
2 304
2 12
6 10869
1 6
8 1449
7 378
10 134062
4 478
2 15
18 334
15 2829
2 11
1 15
3 31
1 597
2 28
4 82
1 5
1 6
1 297
1 35
18 206098
3 21
2 2
6 6
82 39050
2 21
3 14
3 5
20 6795
2 22
21 2819
57 18428
1 588
3 885
2 6
2 4
13 8879
28 56859
1 949
36 17120
2 3
3 596
5 31
29 36841
6 93
4 188
4 8
8 12580
22 2819
1 7
109 8430
3 300
2 2
23 730
45 12676
5 327
5 59
9 56
4 941
12 3087
2 89
3 312
3 2584
6 327
2 2
57 834480
4 277
7 54
1 286
1 3
4 32
16 183
2 3
2 3
4 2244
20 3452
3 581
10 144
8 36
3 300
1 2
2 1768
231 80942
2 3
2 8
5 320
1 8
1 4
2 2
25 6029
5 35
1 8
2 3
20 2251
2 10
1 8
5 6841
6 9789
3 1293
3 7
35 29625
2 12
107 2610
7 13
1 5
38 14434
3 289
1 2
2 588
25 4507
2 27
7 329
6 2000
1 287
6 2243
1 3
3 596
6 2243
2 3
57 834480
1 304
1 9
48 42975
6 473
1 2
1 312
82 39050
23 2819
1 2
11 162
23 691
11 7461
15 700
8 29
40 3529
1 3
1 29
3 290
2 2
4 3056
16 6795
2 2
2 15
1 588
8 167
46 261
2 300
1 8
1 3
7 34
3 13
64 4528
3 9
5 8179
1 6
11 2878
2 288
16 228
5 581
1 2
9 2762
2 58
2 3
1 40
24 19393
2 1999
8 127012
3 938
38 14434
1 588
1 855
18 1760
17 3179
4 11
2 24
235 62970
25 4507
55 3534
4 312
2 22
1 3
2 10
1 1996
28 10998
1 6
2 213
7 12
7 1857
31 82
1 588
6 90
2 15
3 52
6 13281
10 1547
3 10
2 3
3 33
1 588
3 12
1 5
2 7
23 691
3 8
2 5
7 378
1 3
7 1857
2 3
5 13
4 5
4 304
1 8
3 1769
2 2
3 1537
4 2074
20 12580
1 14
3 5613
5 14
2 6
5 31
1 3
45 6134
1 3
1 69
2 58
2 68
4 8
1 5
4 4672
7 12
198 54365
28 8861
2 2
2 15
10 1839
12 6029
55 28806
3 6
2 3
3 6
2 15
8 2552
6 13271
2 89
2 2
3 31
1 5
4 41
2 290
6 3074
2 275
8 1449
10 12677
2 58
4 10
4 3994
274 65392
1131 334093
5 7
9 97
2 3
61 261
3 3
2 10
2 2
1 303
3 1769
2 10
2 2
2 3416
5 941
2 6
5 581
60 122758
1 29
2 859
27 9911
1 29
1 5
2 2
18 206098
2 5
6 473
5 31
1 7
2 2
1 287
2 3
2 588
5 7
5 301
11 929
1 3
2 6
12 6433
2 20
1 312
24 19967
5 10376
1 5
3 289
2 6773
1 20
2 588
36 17120
7 329
1 288
6 6
29 1853
3 72
5 581
2 17
26 2251
1 3
36 1282
7 34
1 6
1 6
4 1999
1 12
14 18
2 2
1 2
267 58680
1 80
7 4672
10 2878
1 29
33 6312
5 31
1 5
9 89
2 10
1 12
8 36
2 11
2 2
2 3
2 2
4 39
36 20580
27 3452
3 35
3 3
7 3669
1 3
1 588
21 335
5 581
5 6
3 1999
1 3
2 588
1 2
2 3
5 6
4 32
6 473
1 3
2 134
3 91
2 3
2 2
24 17655
3 10
2 68
15 6773
1 29
2 12
10 1839
10 12677
267 58670
10 6143
31 82
3 8
2 35
25 4507
4 51
3 4651
5 14
1 3
3 3
1 3
3 885
2 18
8 36
25 1299
61 15474
1 5
3 8
3 4
6 473
2 15
4 6
20 2251
1 883
2 52
2 3
1 5
4 5
1 8
1 3
2 303
1 6
20 12580
2 6
8 1769
1 6
3 12
36 19393
3 11
2 2065
2 3
45 834480
1 3
3 10
1 2
3 1360
2 588
4 312
6 91
2 2
5 34
55 146400
4 51
2 15
17 95
1 7
5 300
8 4698
4 2244
1 29
4 304
12 7461
1 3
2 13
2 588
4 11
1 5
17 3220
15 2829
17 95
42 3529
32 630
13 162
1 5
10 144
2 5
1 2
1 3
2 2
25 6029
1 2
2 5
3 4708
2 3
2 2
10 134062
4 3056
5 588
314 76578
16 3198
4 2074
1 949
3 12
73 24303
4 5
2 89
5 31
6 10869
5 12
13 12937
2 2
21 2819
5 327
2 15
3 1537
1 26
1 2
8 8
3 327
2 2
2 2
2 54
2 6
2 12
7 327
5 327
1 304
3 31
5 1703
3 8
2 2
1 6
2 5
1 58
155 32586
4 2074
80 24319
6 93
12 1610
31 2552
7 1857
3 14
6 93
2 2074
17 3179
6 3147
1 29
3 72
5 1360
2 2
1 3
2 3
2 304
3 15
4 8
1 80
1 3
1 855
2 3
22 4711
11 150
101 162172
1 16
2 595
7 4672
4 2244
11 7461
6 473
6 13263
10 2878
18 11913
20 3452
1 58
8 8
4 10
3 3
1 3
4 32
2 4
80 36897
2 9690
3 25
31 2552
5 36
2 3
8 4787
6 493
1 297
46 9876
5 13
4 5
9 2819
2 18
25 6029
5 327
1 29
2 2
2 3
23 691
18 202746
2 588
1 297
18 1760
2 3
1 304
2 15
5 327
3 289
148 11192
15 2829
2 80
5 11
2 6
1 5
6 93
101 162172
1 6
3 581
5 7
1 6
1 287
31 2858
3 868
2 2
3 29
8 167
19 20727
6 2246
1 2
12 1769
3 304
2 588
2 6
267 58670
5 31
6 327
2 2074
2 288
2 15
1 5
1 588
4 5
1 34
6 13273
6 885
25 4507
3 288
3 312
1 3
10 34
1 588
2 12
2 9
64 4528
5 156
2 15
1 891
6 10849
10 12677
4 118
12 39
17 8727
1 2
2 18
1 59
3 14
4 5
9 56
163 80629
5 12
32 82948
2 949
1 29
6 93
1 2
2 2
1 7
4 32
2 1999
4 8
2 9
16 3719
101 162172
2 5
1 2
2 3
73 24303
31 2552
1 288
8 167
12 12937
2 2
1 2
4 96
3 1999
2 3
14 16
1 3
2 2
2 3
13 1769
2 4
2 588
3 10
4 11924
10 2878
38 14434
8 9797
1 5
1 5
17 1894
3 295
3 3
1 2
5 31
45 834480
15 2829
75 13394
17 2552
6 10849
2 304
1 14
4 941
3 3
1 588
1 8
3 22
2 10
81 16391
3 885
1 588
1 6
3 3
5 2074
1 297
1 76
45 834480
9 2819
2 3
2 3
3 3
4 3056
10 12677
3 58
1 2
2 67
1 3
10 12678
8 1449
59 9605
1 304
4 304
3 9
1 286
2 9
2 3
2 288
2 6773
3 581
3 603
8 36
5 32
2 9690
9 327
9 56
2 22
12 5092
7 1857
6 8
2 2
2 3
3 3
2 2
2 5
1 64
1 3
622 102079
45 834480
4 1999
5 6841
2 304
4 3488
138 11062
4 327
27 9911
3 289
1 5
3 17
5 32
7 35
1 76
8 167
3 144
9 1039
3 290
13 1306
1 2
2 304
3 6
5 301
6 2829
3 1768
1 5
1 297
3 3
10 12677
1 12
5 588
27 6201
1 5
6 93
5 2080
3 12
3 8
3 31
1 3
198 54365
2 10
24 19415
1 6
3 7
2 2
5 7
157 20874
24 17655
2 68
8 9797
2 8
2 580
10 1360
2 3416
6 13293
9 73
6 13261
5 31
2 24
11 8876
2 288
1 6
12 12678
1 2
3 9
2 2
7 93
1 58
1 14
198 21729
33 55393
16 6795
1 588
5 588
3 596
2 5
2 20
8 36
2 354
2 288
82 39050
4 31
3 3
2 2
4 304
1 3
10 1360
45 12676
1 11
2 288
1 3
33 9911
2 2
2 2
1 2
10 144
1 15
2 3
1 3
1 21
2 3
1 2
47 9605
1 588
1 2
2 17
1 855
2 2
2 2
5 31
17 8727
3 4
2 15
5 31
2 9
1 72
6 13273
3 588
4 5
1 5
23 2819
2 2
18 217543
2 3
3 10
2 3
16 6795
1 3
9 5456
2 30
8 7461
5 64
267 58670
17 1894
1 64
152 20704
8 2257
5 13
3 288
8 598
4 11
15 19
2 5
8 608
4 256
6 473
2 3
57 18428
57 834480
2 89
1 11
4 11
5 1180
1 297
23 20727
1 4
5 15
3 3
19 2930
8 1769
1 3
3 5
6 327
2 3
6 2662
4 304
3 15
4 5
7 1610
2 12
6 327
1 24
2 89
6 473
1 3
5 303
2 5
1 5
1 3
1 3
10 144
11 26
1 15
5 7
5 3488
1 7
10 1547
1 9
1 297
10 6773
3 7
3 8
1 288
10 2878
2 10
1 3
2 3
33 9911
3 304
1 5
36 1282
11 9789
13 40
3 3
2 5
2 2
5 31
1 20
57 834480
2 296
2 3
4 6
1 3
6 93
2 2
1 5
45 834480
1 6
1 5
55 3534
2 885
2 20
1 327
2 30
2 3
1 29
3 3
1 14
1 9
13 162
1 3
2 2
2 12
1 304
19 323
1 301
1 2
3 3
9 1039
1 588
6 2662
1 3
8 2257
9 7952
23 5113
1 18
2 12
230 241063
155 32586
5 8179
6 32
2 9690
4 304
5 13
13 162
27 6201
25 4497
2 304
12 5904
2 290
18 17436
2 3
2 15
2 3
56 836218
2 12
6 588
4 2244
131 10474
1 64
3 29
18 10999
7 387
40 3529
7 35
1 6
54 7902
3 1537
1 2
21 3220
2 18
3 3
2 66
2 2
12 5904
1 3
3 10
2 18
29 1853
15 2829
2 304
5 9
1 2762
1 5
3 30
1 3
3 55
1 6
2 1709
3 7
2 304
2 67
7 7952
2 588
2 3
2 288
10 1839
1 588
1 2
14 16
2 3
3 6
9 73
6 493
23 2819
20 3452
4 13
2 3
1 5
4 33
1 3
1 8
55 146400
9 2819
1 14
3 2584
1 29
3 4708
4 360
2 14
7 9797
27 3452
4 327
2 595
1 3
2 2
1 2
3 22
6 59
8 1449
4 5
3 8
55 3534
11 135703
12 1769
2 304
11 135703
1 2074
6 93
2 3
3 10
4 4708
99 37169
4 12
6 7898
2 18
2 2
3 8
79 79
28 8861
3 14
2 3
10 144
1 29
6 93
3 4
4 170
1 2
3 596
2 2
1 5
7 34
2 3
2 2
2 3
2 588
2 2
17 3179
13 17
5 6752
2 2
3 72
11 150
6 10869
3 14
13 39
3 1537
6 127012
3 52
2 2
1 3
2 3
2 10
3 596
5 22
1 11
5 156
2 4
2 4
1 3
12 1520
3 10
1 3
2 18
1 3
17 1894
6 6
1 588
5 1703
87 18507
55 3534
2 7045
3 6
7 1857
5 19
12 12937
2 10
2 1999
2 288
2 304
1 312
6 473
7 4410
7 329
20 2251
4 1537
1 3
2 89
8 1769
5 36
2 3
1 3
10 35
1 7
10 6773
1 7
5 11
2 304
5 31
6 13291
2 3
12 1610
2 18
11 34
2 588
2 12
3 596
1 2
1 29
7 9
1 312
2 3
1 3
3 10
1 3
4 10
6 93
1 29
8 929
1 3
1 11
2 588
2 2
2 2
2 3
5 2080
1 3
1 33
7 13618
2 4
6 32
6 13261
1 3
5 320
6 327
11 8876
5 1766
3 581
4 10
30 35971
12 14435
7 1857
46 261
20 4497
8 1449
2 288
4 304
3 304
1 2
2 54
1 269
20 3452
1 72
5 23
6 13261
5 156
2 5
7 4787
1 2
1 3
2 588
8 36
1 588
2 3
20 3452
1 2074
5 36
5 31
2 4
27 9911
2 588
3 31
7 70
1 312
155 32586
1 64
23 2254
1 6
696 407637
2 3
17 95
7 12
5 8179
1 5
2 3
4 10
7 34
1 3
13 1520
1 72
3 10
6 4789
1 6
267 58680
1 14
2 3
2 2
5 13
10 2878
9 97
1 855
3 289
1 5
148 11192
3 597
6 473
2 1999
4 32
3 3
1 301
1 3
2 2
10 323
5 588
2 6752
101 162172
11 26
2 2
93 156917
2 6773
20 3452
1 3
6 868
1 29
13 162
11 28
5 327
2 2
13 39
6 90
1 64
5 31
7 13618
633 405344
2 3
44 5519
6 8
3 1537
1 2
3 55
2 2
3 6
16 71
1 33
6 473
2 312
3 52
3 596
6 493
1 6
2 2
1 3
9 339
7 1839
16 3198
1 2
42 3529
3 58
2 304
2 3
3 8
3 315
3 18
3 3
2 3
2 2
2 8
6 7898
2 67
8 7456
4 1999
26 10517
6 4788
2 3
1 6
2 354
7 378
35 3325
2 2
17 13618
15 2829
12 7461
267 58680
3 288
12 95
73 18094
6 1608
5 31
1 3
1 40
6 2662
10 2878
2 2
3 73
6 13273
3 15
2 588
6 10849
2 23
2 287
11 150
1 3
4 2142
10 1176
6 473
1 288
2 4
1 3
2 2
8 7456
11 162
2 80
2 12
12 6029
2 3
18 334
2 326
2 297
1 3
2 3
26 2251
3 312
2 18
16 63
1 15
1 4
33 55393
2 297
2 2
2 2
6 5168
2 3
9 1293
2 13
1 2
66 12234
2 6773
1 5
6 13271
8 2362
2 290
1 2
1 29
2 590
4 360
1 6
7 329
1 3
1 21
2 1709
3 10
7 1610
1 2762
148 25723
2 2
7 4672
3 1610
5 1703
1 5
198 54365
2 290
3 289
5 154
4 51
3 312
1 39
55 3534
38 14434
5 32
6 13262
6 13283
2 18
4 32
1 3
4 3994
3 3
2 2
2 9
1 855
35 1029
1 44
1 297
2 58
2 14
4 32978
3 10
2 354
2 13
2 6773
10 12677
8 2237
1 3
3 304
2 6
5 941
6 473
24 17655
3 1293
4 11
1 9
29 9876
2 11
4 297
40 259
6 4304
1 2
1 30
2 6
8 55
33 6312
2 2
2 2
1 1293
3 19
2 3
1 297
2 4
1 9
5 301
1 12
2 4
8 145
2 1999
6 34
5 2029
1 588
1 3
3 15
2 89
2 2
1 2074
1 12
3 22
1 2762
13 179
8 71
8 55
1 297
2 4
1 7
3 7
1 5
1 6
2 11
26 4506
6 4788
6 4017
58 629188
7 903
2 23
2 15
2 3
1 9
1 3
7 1360
4 11
2 12
1 5
2 89
1 2
9 1039
5 360
108 2616
3 3
2 33
4 13
1 8
1 6
7 929
4 2231
1 5
1 2074
9 3452
75 17852
20 6795
3 52
45 834480
3 3
2 288
22 4711
2 304
3 596
2 3
5 2552
4 304
5 31
2 14
5 32
1 29
131 10474
1 3
5 114
149 39833
3 7
37 1853
4 304
1 13
5 156
5 23
40 3529
5 31
148 11192
4 8
2 3
2 10
3 52
1 2
2 22
19 634
2 2
2 304
3 588
1 3
1 4
8 2237
17 323
7 93
3 31
2 2
2 18
1 3
5 301
3 144
53 33033
3 354
1 301
22 20727
2 1768
3 3
1 3
3 354
2 20
1 3
2 3
2 10
1 21
8 4787
7 134
3 4
5 22
36 1853
5 183
1 3
1 588
6 8
6 6
1 588
10 3675
3 22
1 3
2 3
1 855
11 162
2 6
1 269
1 5
1 5
9 66
1 588
1 855
2 2
4 297
8 167
2 89
15 2829
7 1857
1 76
17 8727
7 144
2 14
2 10
2 2
2 1528
8 1769
10 6143
1 5
168 54360
36 747
8 1449
3 14
2 89
2 60548
2 11
40 12676
2 9
5 7
7 13618
15 2829
35 633
2 2
17 8727
4 20
6 3442
8 9797
3 31
16 3719
7 2878
80 36897
39 12676
267 58680
3 1999
7 3075
8 17
4 15
6 32
6 32
2 3
15 673
69 5158
6 473
1 5
2 6
1 3
5 6
59 9605
6 10869
3 290
5 8179
8 28
1 3
5 1604
8 2552
1 2
1 27
1 15
5 15
5 13
11 398
1 3
1 588
5 24
6 312
5 35
1 3
1 29
54 7902
6 4788
1 3
3 4
56 836218
7 93
15 249
1 288
2 304
7 329
5 581
4 1602
7 1610
6 493
7 4962
5 56
11 162
8 30
2 2
1 289
6 868
3 289
8 9797
2 2
4 297
1 3
12 89
1 7
3 289
3 3
1 6
2 3
5 31
2 288
1 297
2 2
2 288
3 3
14 90
4 11
1 3
7 378
1 3
2 89
2 2
9 3431
3 10
1 588
5 8179
2 44
1 949
3 5
13 39
2 7
1 2
5 3488
16 3198
2 3
4 2244
1 588
6 33
9 89
2 3
9 122024
267 58680
7 327
3 1768
1 1999
28 56855
10 1449
24 19393
5 6752
7 329
7 3500
22 20727
7 34
131 10474
1 11
1 4
8 4698
8 1449
8 31
1 4
2 2
2 89
1 64
1 29
4 19
5 22
4 31
2 9
8 2237
2 5
41 260
4 941
6 13281
4 8
2 3
23 3484
2 304
20 6795
2 2762
2 304
17 8727
1 3
2 6
12 5904
1 3
11 135703
5 588
1 3
2 22
4 32
4 6
2 296
7 34
8 1449
3 1768
12 1769
4 27
8 36
2 3
6 603
4 51
7 378
1 588
3 22
1 3
1 21
1 3
2 2
1 3
1 3
3 10
1 3
1 26
40 259
3 31
2 304
2 4
5 2552
1 287
4 11
266 48227
26 2251
2 22
12 12937
6 478
3 304
3 29
1 3
1 588
1 297
6 14066
7 929
2 23
1 35
2 2
5 2080
198 54365
1 297
1 3
23 2819
7 52
4 2244
1 6
17 1894
1 588
15 673
16 18323
2 6
42 3529
3 112
3 1007
1 588
2 3
27 1853
2 2065
2 2
1 3
11 27
7 34
2 2
6 493
1 2
1 1999
2 14
2 17
2 89
3 3
2 89
12 1610
131 10474
2 2
1 588
2 2
5 31
1 5
54 15542
11 1610
7 469
1 71
5 195
7 2878
2 3
12 12937
2 5
2 4
3 3
148 11192
5 6841
1 35
3 10
2 2
1 588
2 15
3 7
6 6841
45 6134
1 76
3 12
2 3
74 13386
9 636
3 868
2 2
1 64
4 10
5 32
1 12
33 6312
1 2
2 2
267 58670
2 4
23 2819
12 12937
2 36
3 8
2 2
2 18
2 5
6 7
2 2
2 2
2 9
5 301
9 56
2 2
6 12
5 23
2 3
13 14218
2 11
3 4708
8 7461
3 5
2 5
2 2
2 290
1 14
2 326
2 2
17 13689
3 3
31 2858
42 3529
1 6
1 5
1 2
1 29
6 2030
314 76578
1 2
1 64
4 11
3 10
3 1769
2 588
7 8634
108 2616
4 941
2 2
1 3
3 8
1 2
3 89
3 4
5 31
3 290
9 1039
2 9
3 315
10 2878
1 588
2 23
3 14
1 7
27 9911
2 24
1 5
1 9
6 473
13 14218
1 7
6 90
1 3
3 6
3 7
2 296
6 32
2 588
4 3488
2 3
24 19967
2 312
5 7
3 14
1 15
1 588
3 35
2 67
29 13618
1 15
6 473
2 2
151 20146
1 3
13 105
89 4546
8 1857
2 2
2 595
2 2762
2 18
3 3
1 588
2 12
1 588
3 8
55 146400
2 7
2 2
1 22
6 6
5 301
20 6795
17 13718
4 11
8 9797
3 354
55 5340
7 34
31 2858
1 301
3 290
2 3
1 5
14 2819
1 588
3 7
15 1760
3 15
3 8
2 2
1 2
10 12677
1 949
3 297
4 3994
1 2
10 144
2 3
8 608
40 3529
1 3
6 327
3 354
1 2
2 304
2 275
2 2
1 29
1 33
2 1528
2 24
8 120475
7 329
2 2
2 2
1 588
24 19393
32 630
2 2762
4 54
6 581
3 10
1 12
5 1742
2 11
2 1999
3 2077
45 834480
3 10
7 1857
1 949
1 588
3 1171
3 19
2 2
3 5
6 93
15 4006
2 136
15 249
1 5
2 288
7 1172
1 588
3 10
2 288
1 71
4 21
1 326
4 12
3 29
8 2755
2 8
6 8
73 18094
6 127012
2 2
2 2
1 301
1 3
3 3
22 4711
1 2
3 3
16 6795
5 312
17 95
13 39
1 2
55 146400
25 4497
43 20580
6 327
3 4
4 386
26 2251
3 10
3 581
1 11
1 20
2 3
5 19
1 10
2 5
5 7
2 588
1 5
4 54
134 51956
2 9690
2 22
1 588
35 3325
4 354
25 6029
2 7
13 162
5 8177
8 71
1 12
3 289
23 2254
1 64
8 36
4 277
5 32
2 2
1 9
1 33
3 596
3 22
5 31
1 3
3 8
1 855
2 22
5 581
10 12678
5 2526
2 2
2 3
1 6
5 1703
4 11
59 9605
10 1168
2 2065
4 21
6 473
24 19393
5 941
20 12580
3 3
26 2251
4 31
2 288
1 1656
1 2
2 3416
10 1839
2 2
2 89
2 3
2 288
8 36
28 8861
5 1604
1 3
23 633
3 30
17 95
5 327
5 31
4 32
1 64
1 297
2 3
5 1604
8 1449
5 1039
1 3
3 2074
1 588
1 9
9 144
7 378
1 6
314 76578
2 2
1 29
5 8177
3 304
5 941
6 10849
2 3
1 885
6 493
3 10
3 581
16 26
148 25723
3 327
1 297
2 326
6 4880
58 629188
1 64
57 834480
4 28
2 7
1 885
2 4
4 8
2 89
5 32
2 44
5 1703
168 54360
4 82
3 5613
2 3
1 11
198 54365
1 33
57 18428
5 1769
1 588
2 3
5 31
6 473
1 5
6 93
4 304
6 93
3 581
6 6
2 30
6 90
1 3
20 3452
1 6
3 10
2 2
7 52
4 32
3 312
18 10999
8 1029
7 13
82 16399
2 588
4 304
1 3
2 15
66 122329
1 588
44 3451
6 588
10 2878
12 2720
3 12
2 22
2 7
3 31
20 4497
38 17120
5 31
4 4
3 52
4 41
3 949
7 3075
39 12676
1 297
4 304
141 51208
8 608
6 4591
2 2
3 354
1 3
3 949
1 15
6 327
18 217543
101 162172
1 588
13 12677
1 9
5 581
77 16399
2 3
3 1768
131 10474
5 23
1 588
7 378
4 297
6 588
1 15
1 3
57 18428
17 8727
1 64
2 17
2 6
2 3
26 2251
25 6029
1 588
4 304
3 144
3 354
1 5
2 2
5 32
3 65
1 588
2 58
1 5
3 5
5 31
2 9
3 588
2 2
12 39
104 47853
2 2
45 3534
3 14
13 14218
3 31
1 2
6 10849
9 3431
2 3
2 2074
7 9
4 46
7 54
1 588
21 922
1 588
2 2
2 5
14 1839
59 9605
5 6841
3 144
1 304
1 588
6 13283
2 12
2 2
3 14
3 8
54 7902
2 12
7 183
29 36841
4 4708
26 2251
1 294
28 3482
2 290
1 2
3 289
2 2080
10 6143
12 2720
2 2
2 288
1 2
5 12
2 22
18 7185
1 2
1 2
70 17878
3 581
16 6868
2 34
2 3
1 11
1 76
7 929
2 8
3 883
2 9
2 150
3 7
3 1769
2 11
1 2
6 581
1 9
1 3
2 2
2 17
1 6
11 12937
7 378
2 4
1 22
4 91
1 3
2 15
1 269
3 2074
2 3
19 323
2 10
17 8727
5 301
17 8727
4 2074
5 31
2 89
1 287
5 71
12 13323
3 10
1 2
21 1299
4 13
9 66
20 2251
1 8
2 2
1 296
42 3529
2 15
1 3
1 5
1 2
2 2
2 5
2 4
4 2576
9 122024
3 6
3 6
3 288
2 7
1 5
2 6
2 10
3 15
1 588
7 835
1 3
12 12937
1 3
9 2819
1 2
103 29421
3 10
8 17
1 2
5 11
3 304
5 56
3 4708
5 6752
3 52
2 288
6 327
1 5
267 58670
1 297
595 21137
24 19967
1 3
3 4
2 3
29 9876
10 1839
18 334
20 3452
25 4507
36 2552
6 2662
6 4788
1 3
1 3
5 2080
23 2254
2 2
4 11
28 8861
3 300
1 3
3 3
4 32
9 1039
57 834480
5 327
1 3
20 6795
1 588
3 3
1 588
1 288
1 288
1 588
6 29
5 1039
22 20727
3 4708
63 11913
3 1769
2 288
8 2237
23 730
2 588
1 2
1197 334093
3 220
79 79
3 3
4 51
267 58680
92 29421
2 9
1 588
3 3
3 3
170 54365
8 2362
7 4789
22 20727
3 304
4 297
2 6
1 5
1 15
2 23
1 3
4 941
11 26
1 297
1 12
1 21
6 13271
3 55
3 7
2 11
13 14218
1 855
2 15
2 3
2 287
1 21
69 5158
2 2
2 17
4 2244
3 3
2 20
1 3
41 1106
1 12
3 3
2 4
1 6
29 13618
1 297
2 2762
2 18
2 3
1 3
1 7
4 3994
1 3
6 93
29 36841
8 30
5 2080
2 3
2 2
75 17852
2 297
3 289
1 588
2 9
1 14
2 6773
2 294
2 9
2 22
1197 334093
4 597
2 290
1 91
1 80
2 15
1 588
2 34
3 10
1 3
20 3452
29 36841
1 3
23 2254
21 2819
24 40
1 9690
27 9911
10 3675
5 8179
10 1839
3 304
4 5
1 112
2 14
1 29
3 6
38 14434
29 647
2 3
6 10849
26 2251
1 2
7 1610
1 3
1 5
4 11
1 2
11 26
2 3416
3 66
6 10849
56 836218
44 3451
10 1168
1 949
3 941
2 2
2 12
5 13
3 5
6 32
2 312
5 360
7 93
15 4006
1197 334093
2 17
13 413
22 4711
1 287
9 89
1 3
43 3054
23 2254
1 5
4 51
3 3
4 134
2 1172
3 6
12 1610
3 31
6 249
2 2
13 14218
17 95
2 288
10 1839
152 20874
7 329
3 3
10 1547
22 37169
22 20727
2 24
6 93
3 1537
23 691
6 4788
27 6201
1 1999
2 2
12 6029
5 56
1 2
10 3675
1 5
14 18
25 9343
2 2
6 327
13 9789
4 3500
2 2
2 67
8 2257
1 588
7 3669
8 9797
6 327
6 473
2 2
8 1460
3 10
168 54360
2 23
12 1610
13 413
11 162
2 2
6 93
1 2
11 162
2 89
41 260
1 588
2 89
4 118
32 630
4 32
2 3
82 39050
7 3416
105 11062
2 5
7 3416
1 112
10 1360
2 3
73 18094
1 3
1 10
31 2552
1 5
1 3
1 3
6 6
1 5
8 2237
13 39
2 3
40 3529
2 28
10 1360
13 33
2 2
6 3074
3 312
1 29
10 1839
3 6
2 1537
400 32123
3 31
267 58670
2 2
1 5
157 20874
3 72
2 3
2 65
9 73
3 35
1 13
8 9797
2 5
3 15
5 32
12 2720
1 8
5 12
2 3
2 588
18 206098
1 2
3 73
5 9
3 14
2 6773
6 868
2 14
2 8
16 6868
5 1610
3 1537
12 1975
12 1610
6 327
8 4787
1 18
2 10
57 18428
1 35
6 327
53 33033
4 3994
6 13273
1 6
11 28
31 82
10 1839
3 868
1 5
8 8
7 34
28 82948
59 9605
2 18
1 588
11 639
5 12
3 7
4 59
10 2878
24 19393
3 12
6 10849
2 1999
81 16391
6 2662
5 59
2 5
5 588
2 9
6 12
2 3
1 3
2 9690
4 8
11 1221
1 64
12 14435
5 45
10 12678
3 14
16 73
8 2237
2 304
5 31
1 588
4 32
8 1769
1 286
1 9
3 33
138 44569
2 3
6 4782
39 12676
1 2
2 5
1 297
30 35971
1 33
16 3198
12 1610
3 1293
1 15
2 3
4 1537
2 5
152 29134
1 588
5 114
3 312
7 1857
2 2
3 5
1 2074
7 4787
2 5
2 10
2 3
2 3
3 7
7 3416
29 647
595 21137
37 2858
1 5
2 6773
2 2
1 312
12 12678
1 5
5 32
2 2
2 294
85 39833
7 183
1 6
113 162172
4 301
138 11062
13 105
3 315
1 297
3 327
3 6
7 327
9 89
7 35
10 1360
10 2878
1 885
1 76
4 32
10 12678
1 21
5 941
10 144
2 2
1 288
103 29421
1 5
2 588
2 3
3 1537
3 7
69 5158
1 3
20 6795
4 2244
1 3
6 93534
2 595
1 7
20 2251
1 288
3 289
5 12
3 289
2 4
7 1610
5 22
4 5
7 3500
3 1768
8 1449
2 588
2 80
1 5
8 7456
2 290
17 95
1 3
3 3
4 3488
2 9
1 6
2 15
3 941
2 12
2 5
10 144
2 3
8 36
2 3
5 581
4 32
2 3
12 89
2 34
7 4787
3 22
1 3
2 6
17 13618
42 3529
5 1703
2 297
27 9911
1 21
1 2
2 2
2 312
4 597
4 1537
1 6
3 3
7 3416
70 17878
2 5
2 3
2 300
1 588
5 31
3 105
5 23
57 834480
1 597
45 834480
2 2
1 6
4 32
2 1528
1 6
2 3
3 3
1 2
3 52
1 14
2 2
1 59
8 608
1 3
3 144
2 3
5 31
1 3
35 633
2 8
1 5
4 19
39 12676
138 11062
2 288
1 297
9 2819
3 3
5 31
3 1769
3 14
4 5
32 10998
7 1857
82 17878
1 2
2 5
1 588
9 2819
5 23
2 2
1 286
1 15
6 327
8 1449
5 56
3 1610
2 3
2 2
5 24
7 5168
2 3
2 5
1 12
1 6
1 588
2 2762
1 14
1 3
18 17436
31 2552
20 2819
2 588
31 2552
2 1805
6 885
2 288
1 6
3 303
6 2829
3 21
5 8
10 12677
3 289
7 4458
2 294
1 5
2 296
2 3
168 54360
2 304
1 6
6 10849
7 13618
40 3529
2 18
7 3416
2 2872
7 4787
1 288
2 304
5 31
48 4103
2 12
16 3198
1 588
1 3
1 288
40 3529
4 301
4 2074
25 2819
2 54
2 309
2 2762
1 6
7 93
7 9
3 12
2 304
1 588
2 4
2 9
6 6
4 3994
2 1172
4 3994
3 175
18 1760
2 12
4 7
2 2081
26 10517
6 10
9 636
17 95
1 588
3 868
9 144
2 288
27 6201
1 5
7 3075
7 4830
9 3431
3 868
20 3452
2 9
5 301
1 2
2 89
4 8
1 6
2 3
3 72
3 3
3 6
2 2
1197 334093
57 18428
2 290
1 3
6 327
24 1282
1 3
1 6
3 303
2 28
3 3
16 3719
10 1360
3 9
2 288
2 3
10 14797
2 12
6 13281
2 588
8 327
2 5
1 5
1 6
13 14218
2 15
7 93
1 3
1 269
22 37169
2 2
6 93
3 72
30 9857
67 707468
54 7902
4 11924
45 834480
1 287
2 2
5 17
3 304
17 95
2 2
13 90
1 949
2 581
1 15
3 11
1 6
33 6312
29 36841
3 14
1 2
8 36
2 288
1 301
3 2584
11 28
12 14813
7 929
3 300
2 15
10 1839
3 581
1 2
45 3000
4 304
1 7
10 6143
2 12
1 58
16 73
5 588
3 15
2 67
4 1537
3 288
1 303
2 3
3 312
3 10
1 6
2 354
36 12676
1 35
3 5
20 2251
1 312
2 2065
1 3
6 19
1 297
1 2
2 180
12 39
12 12678
54 4711
2 20
3 3
1 29
6 93
6 10849
2 3
4 8
45 6134
6 327
155 32586
22 1515
10 1360
2 24
2 1999
2 885
8 7456
31 2552
1 297
148 25723
20 2251
1 949
6 13293
1197 334093
3 8
505 328766
13 8879
4 595
45 260
2 2
32 630
4 6
1 3
33 6312
3 289
1 4
1 6
2 297
22 20727
44 3451
1 5
1 269
2 61
2 18
6 13273
1 288
8 3075
8 1764
9 122024
7 52
2 14
3 320
4 11
8 327
4 4672
4 327
149 39833
5 11
42 3529
33 6312
2 1528
8 17
3 6
1 2
3 15
9 73
2 2
2 285
6 13273
3 16
5 156
4 3488
10 6143
2 8
2 5
3 290
5 1039
8 9797
17 95
1 2
1 297
113 33902
9 1039
2 2
2 89
1 6
3 581
13 14218
44 3451
2 941
2 1805
2 3
3 22
2 303
3 4
13 1306
10 1360
2 18
2 10
1 2
1 2
1 6
5 588
36 20580
104 24939
108 2616
1 1767
3 304
35 29625
4 1293
8 53
6 327
1 39
5 588
6 8
28 82948
55 146400
4 1537
3 868
4 31
4 8
1 25
99 44569
1 64
1 3
1 12
3 1769
1 3
6 318
2 588
2 3
25 3325
1 297
1 287
1 2
3 304
1 10
1 6
1 2
75 17852
1 2
1 588
1 2
4 304
1 3
6 32
38 14434
6 327
2 1999
1 3
2 3
1 72
1 2
2 178
6 32
10 1168
1 5
2 23
26 2251
10 6143
2 30
6 93
3 10
6 12
1 2
3 289
9 1039
4 5
5 46
3 3
4 2230
6 2662
1 5
2 288
2 2
2 2
1 15
55 146400
12 12937
2 5
2 4
2 14
2 15
6 13271
3 40
11 9789
4 2244
5 31
2 580
19 14812
75 17852
18 10999
3 10
2 2
1 6
10 34
12 2720
1 11
1 3
1 949
2 2
25 6029
2 2
5 301
1 286
4 1537
85 39833
5 581
17 95
13 105
45 834480
1 286
4 304
2 15
1 5
2 3
1 3
1 2
4 1537
2 2
1 3
15 2829
31 2552
24 17655
2 297
105 11062
5 301
2 288
2 4
2 3
2 588
4 82
1 3
3 3
1 2
3 3
12 204
1 588
26 10517
2 3
2 7
12 204
1 4
18 206098
4 11
32 9902
3 10
15 4006
4 6
4 32
6 4788
148 25723
5 36
3 6
2 2
1 3
5 3683
11 26
1 12
2 2
2 9
8 31
3 3
3 12
55 28806
9 1039
1 6
3 6
2 23
4 82
2 3
2 23
38 14434
5 31
3 289
1 297
3 2077
7 378
2 5
8 1449
168 362071
16 3196
6 93534
2 15
2 15
1 59
3 288
2 10
1 80
26 10517
6 93534
6 93
1 3
12 1610
2 89
2 11
1 29
2 8
25 4497
10 134062
2 2
2 10
2 3
7 473
2 12
10 12677
1 5
3 10
5 23
9 73
2 12
1 3
24 1282
11 162
3 40
3 7
5 15
13 14218
4 1999
1 588
2 5
13 9789
1 2
2 2
1 72
4 5
3 6
3 297
1 22
4 11
3 941
3 15
6 327
10 1449
2 588
198 54365
1 3
3 289
12 1769
2 8
3 6
1 2
4 949
2 5
6 473
1 588
7 329
3 1095
3 10
30 19393
31 2552
3 4
2 2
7 4962
1 5
1 7
1 3
1 10
3 1537
3 8
26 10517
1 296
6 93
1 15
1 6
4 52
2 9
3 22
12 39
22 323
7 929
15 4006
21 2819
23 2819
99 44569
1 2
3 14
2 2
2 2
4 5
2 2
47 9605
148 11192
1 588
1 597
4 304
1 2
5 31
1 2
2 1999
2 24
1 2
2 2074
3 3
6 32
23 2254
6 10869
8 31
2 4
2 3
10 2878
2 22
1 33
1 2
1 59
1 15
2 10
12 673
8 327
2 2
1 3
2 188
1 24
1 5
2 6
1 2
22 20727
5 1293
2 2
2 44
5 327
7 35
1 9
3 290
16 21519
2 2
6 13271
3 3
21 1299
70 17245
2 949
5 31
2 354
2 3
5 32
15 11913
1 5
9 73
3 3
32 82948
4 11
3 31
1 5
1 35
1 588
1 29
9 122024
22 20727
1 15
5 45
1 22
1 297
1 72
2 11
155 32586
1 27
2 10
16 6795
5 581
2 275
10 1547
2 3
18 202746
3 320
17 8727
8 1449
3 12
3 581
66 59187
25 4497
4 304
1 15
10 1839
7 2720
42 3529
1 6
3 290
2 3
3 288
1 288
7 52
3 6
3 289
1 29
3 31
2 13
2 2
104 47853
3 5
2 2
1 7
12 1610
1 949
8 1769
27 9911
2 323
17 13618
11 135703
5 31
3 868
2 10
2 24
10 12677
2 581
1 288
167 43060
2 304
1 3
32 5863
1 3
1 40
3 6
28 2251
1 588
52 16332
2 18
17 95
8 608
3 3
1 269
2 20
5 1769
1 5
1 5
4 5
4 45
2 24
23 691
11 7461
5 1537
2 2
2 3
22 37169
10 144
3 66
31 82
3 312
2 15
7 167
1 15
2 588
1 3
6 79
10 1360
1 64
1 3
4 595
2 309
2 20
4 31
7 3075
1 588
9 2244
3 14
3 4
11 162
4 3500
4 11
1 15
2 18
2 2
1 288
3 289
2 11
2 22
6 93
11 6143
3 949
2 3
1 5
1 21
2 15
10 2237
3 288
1 2
2 3
2 588
1 6
2 4
1 2
2 9
104 47853
2 6773
6 473
3 1537
1 2762
3 15
8 127012
6 3730
6 13291
2 3
3 289
4 28
1 14
2 6
2 4
2 2
17 95
5 71
1 3
2 89
1 79
2 2
2 2
3 10
1 6
1 3
89 4546
1 949
13 14218
1 3
108 2616
3 22
38 14434
2 9
5 2074
6 4782
4 327
59 9605
6 34
5 360
2 3
3 297
198 54365
26 3452
1 2
3 2584
3 5
3 3
25 6029
20 6795
2 288
3 22
1 15
4 54
11 639
2 67
2 15
2 2
2 588
3 15
6 6
2 2
5 32
24 1282
2 3
9 1039
2 2
6 3452
9 89
4 10
2 30
3 304
2 304
4 8
1 3
1 6
2 3
7 327
2 18
55 4711
45 834480
4 2244
13 14218
2 2
7 13
1 26
1 14
16 6868
1 5
1 3
1 3
1 2
1 39
9 1039
9 97
4 1769
4 82
5 31
2 34
6 4788
2 2
2 304
