6 7
6 22
3 14
2 2
15 93
35 95
27 473
144 3451
3 304
16 82
13 312
3 3
4 2065
5 10
4 10
2 24
2 2
19 91
5 8
4 4
1 5
15 327
2 2
35 95
28 3075
347 3675
2 3
4 4
19 2526
13 588
1 48
11 23
2 64
186 5340
2 2
8 297
4 289
2 2
4 6
13 28
1 2
3 3
1 5
66 6795
6 22
5 10
2 3
30 1360
92 12937
2 24
6 14
9 2074
24 33311
109 14813
2 2
16 29
11 835
5 10
2 2
3 3
41 9797
331 3529
4 304
10 300
3 15
2 3
5 15
2 2
28 249
3 6
66 6795
4 89
3676 106497
3 3
3 3
3 6
6 588
4 52
48 398
4 7
2 2
5 10
8 360
33 35
3 3
55 4962
16 82
51 3488
141 1567
5 15
16 23
4 52
4 52
8 10
25 941
24 4708
11 31
8 11
11 12
3 3
5 5
2 4
6 19
303 2819
3 3
3 3
4 55
2 2
22 93
649 4711
495 5158
3 3
4 588
2 2
1 15
1 269
4 11
4 877
3 3
12 31
1902 834480
8 15
16 29
1059 11062
23 4880
4948 405916
184 5340
3 3
1 5
3 304
10 588
37 9789
3 3
4 297
2 9
288 9911
8 12
9 2078
6 28
3 18
87 3452
31 2878
5 15
1 2
3 79
253 2041
7 10
1 3
3 89
9 31
3 288
4 6
9 31
8 315
10 588
941 11913
11 32
2 4
8 8
7 11
6 19
4 588
11 329
19 39
4 11
6 41
3 3
202 14434
5 2077
11 32
3 5
53 8727
1 10
2 9
2 2
4 288
561 146400
80 3220
253 2041
4 26
87 3452
5 1742
6 2074
6 20
5 8
1 7
2 2
141 14435
15 36
75 3416
142 378
89 6773
16 1857
3 3
5 10
5 5
1 3
16 26
3 3
8 15
1 6
3 3
5 7
7 596
7 105
4 7
31 6143
9 31
2 2
28 1558
297 1029
1 3
3 3
11 12
2 3
2 2
85 8861
12 885
6 304
20 29
9 12
142 378
41 134062
24 478
5 15
20 334
64 2829
5 10
3 15
3 3
6 597
6 28
17 82
3 5
4 297
3 35
66 205986
6 6
696 39050
6 21
6 14
5 10
66 6795
64 2251
6 22
301 2819
219 18428
2 588
12 885
6 6
78 8879
221 56859
1 949
194 17120
5 14
7 596
500 36841
22 93
17 1449
6 161
3 3
3 18
84 12580
298 2819
27 10849
2 7
985 8430
5 300
3 6
2 2
52 730
2 2
202 12676
15 327
4 289
17 59
12 56
6 941
3 18
27 473
2 2
56 3087
4 89
13 34
15 312
3 18
520 25714
12 2584
10 277
11 31
8 54
1 286
1 3
42 183
2 3
2 2
87 3452
8 581
22 144
10 300
2 2
6 1768
1283 80942
3 3
2 8
16 320
3 8
2 2
231 6029
19 35
3 8
3 3
2 3
1750 834480
2 10
3 8
48 6841
21 9789
15 93
25 1293
3 7
308 29625
1902 834480
197 17843
202 14434
2 2
6 588
3 27
11 329
6 2000
1 287
29 2243
3 9
7 596
22 1168
29 2243
4 304
3 3
2 9
1534 42975
8 581
2 2
3 18
9 312
696 39050
299 2819
2 2
46 162
12 31
165 691
73 7461
15 29
688 3529
2 2
4 288
16 29
12 290
2 2
64 2251
17 3056
97 6795
3 15
1 588
57 167
5 300
3 8
3 3
11 13
399 4528
4 9
9 8179
1 6
2 61
32 2878
3 288
36 228
1971 76578
1 2
25 2762
6 58
6 40
206 19393
3 1999
26 5168
59 2244
8 13
202 14434
6 588
2 2
1 855
320 1760
173 3179
5 11
2844 62970
64 2251
121 3534
5 8
4 22
2 3
2 1996
131 10998
3 6
9 31
11 12
16 1857
48 82
6 588
3 15
4 52
22 1176
62 1547
3 3
3 33
2 588
5 12
1 5
4 7
165 691
5 8
3 5
3 3
142 378
16 1857
2 2
3 3
27 13281
5 5
4 304
1 8
25 1769
16 1537
8 2074
13 34
2 2
146 12580
3 14
9 31
31 5613
1 4
27 493
8 14
5 6
1065 6134
3 3
6 68
64 2251
5 7
3 5
49 4672
11 12
59 2244
798 54365
85 8861
2 2
3 3
5 15
29 1839
169 6029
394 28806
4 6
4 6
24 2552
27 13273
4 89
3 89
10 29
1750 834480
2 3
2 5
6 41
13 469
3 290
25 3074
2 275
118 12677
6 58
2 2
9 10
6 3994
10747 334091
6 7
32 97
162 261
3 3
1 5
16 327
1 303
14 1769
40 3416
3 17
15 941
3 6
184 122758
27 473
6 71
2 859
288 9911
6 29
2 5
27 473
2 2
66 205986
2 5
2 2
2 2
3 3
4 588
6 7
7 301
8 13
33 929
22 1168
3 6
27 13273
3 6
59 2244
33 6433
9 312
344 19967
4 289
44 6773
2 20
4 588
194 17120
11 329
1 288
9 31
6 6
435 1853
4 72
6 17
8 8
3 3
276 1282
13 34
1 6
2 6
5 1999
18 18
2 2
2 2
3 3
5475 58680
10 80
22 4672
45 2878
16 29
82 6312
12 27
15 89
5 10
2 2
33 35
3 3
5 39
3 3
212 20580
123 3452
17 1449
6 35
3 3
44 3669
6 588
8 581
10 10
5 6
4 1999
2 588
3 3
2 2
8 8
12 32
3 3
15 134
7 91
174 17654
6 68
4 20
125 6773
16 29
8 8
9 12
29 1839
27 13273
118 12677
5471 58670
30 6143
48 82
35 13718
2 2
27 493
1 5
7 35
16 51
21 4651
8 14
27 473
2 2
12 885
70 1299
208 15474
9 29
4 4
5 15
35 95
5 6
1 883
2 52
2 3
3 5
5 5
3 8
2 303
3 6
146 12580
3 3
4 6
21 1769
1 6
6 11
212 19393
67 2254
7 11
3 3
4 2065
3 3
8 24
2 2
28 1360
59 2244
5 10
6 588
197 17843
19 91
6 34
503 146400
16 51
5 15
2 2
121 3484
3 3
11 300
15 93
33 35
59 4698
7 295
3 3
16 29
7 304
81 7461
13 13
13 588
4 11
1 5
80 3220
64 2829
331 3529
19 39
137 630
46 162
1 5
22 144
12 32
5 5
2 2
231 6029
8 581
1 2
2 5
21 4708
2 2
3 3
41 134062
17 3056
11 588
14 36
79 3198
9 2074
1 949
7 11
664 24303
5 5
4 89
7 12
98 12937
15 36
301 2819
15 327
5 15
17 1537
3 26
1 2
1 12
15 327
3 3
3 54
4 6
3 3
6 12
1 14
14 327
2 2
27 13273
15 327
4 304
11 1703
1 6
17 1449
2 5
1 58
3 18
1717 32586
8 2074
153 259
2 5
675 24319
17 93
29 1610
2 2
122 2552
16 1857
6 14
1 5
17 93
11 2074
173 3179
6 29
1750 834480
4 72
30 1360
1 3
6 304
4 15
2 2
1 80
3 3
1 855
3 3
486 4711
38 150
2 2
3 16
7 595
22 4672
5 10
73 7461
8 581
45 2878
692 11913
87 3452
1 58
9 10
1 3
3 4
64 2251
728 36897
13 34
69 9690
1 3
2 2
7 25
122 2552
62 4787
10 32
4 297
11 31
551 9876
3 3
4 5
293 2819
5 8
3 3
231 6029
1902 834480
15 327
4 6
5 8
16 29
2 136
3 3
165 691
107 202634
14 588
3 297
320 1760
2 3
4 304
16 327
64 2251
64 2829
11 80
6 11
3 6
2 5
3 3
3 6
8 581
6 7
4 30
2 6
9 868
12 31
3 3
7 30
53 167
148 20727
31 2246
2 2
18 1769
3 304
16 327
4 588
4 6
5471 58670
4 938
11 2074
3 288
3 15
3 5
6 588
4 5
1 34
15 885
1 5
2 2
4 288
15 312
1 3
197 17843
29 34
10 588
9 12
399 4528
16 156
3 3
5 15
3 3
3 891
9 31
118 12677
5 9
4 10
10 118
53 8727
1 2
1 59
65 127012
4 14
3 3
5 5
12 56
666 80629
11 32
7 12
238 82948
6 949
27 10869
22 93
2 2
2 2
9 31
5 7
5 10
3 1999
4 289
3 9
5 8
60 3719
5 5
1 3
2 2
3 3
664 24303
3 3
122 2552
2 288
15 3442
11 31
13 2686
57 167
92 12937
2 2
2 2
14 96
4 1999
2 3
3 3
72 1769
3 4
13 588
3 3
5 11924
45 2878
202 14434
159 261
11 32
41 9797
3 5
1 5
59 1894
3 3
34 34
64 2829
16 327
2 2
186 13394
65 2552
658 17878
6 304
2 14
4 10
3 3
4 4
9 29
5 941
17 1449
3 3
6 588
2 2
27 473
3 8
6 22
1 76
3 3
28 473
262 16391
12 885
1 588
10 2074
4 297
293 2819
35 95
3 3
17 3056
2 2
118 12677
6 58
1 2
5 67
1 3
2 2
135 12678
3 3
279 9605
4 304
7 304
4 10
5 9
1 286
3 288
44 6773
8 581
14 603
69 9690
17 327
12 56
6 22
77 5092
16 1857
2 2
27 473
3 3
2 2
2 5
1 64
3 3
3824 102081
1750 834480
2 2
5 1999
48 6841
6 304
51 3488
3 9
1059 11062
11 327
288 9911
3 17
1 4
53 167
18 144
45 1039
12 290
48 1306
27 13271
1 2
4 304
67 2254
7 301
9 31
20 2829
19 1768
1 5
4 297
3 3
135 12677
11 588
189 6201
22 93
24 2080
5 12
798 54365
317 19415
9 31
6 7
2 2
6 7
1754 20874
174 17654
9 868
6 68
41 9797
2 8
8 580
29 1360
40 3416
27 13281
30 73
62 8876
3 3
3 288
1 6
141 12678
3 3
5 9
7 70
2 2
5 58
2 14
3 3
82 55393
97 6795
4 10
1 588
11 588
2 2
7 596
2 5
4 354
2 288
696 39050
3 3
7 304
3 3
29 1360
202 12676
4 20
278 9911
27 13261
153 259
2 2
2 2
22 144
3 15
2 21
2 3
2 2
260 9605
15 36
2 588
1 2
1902 834480
6 17
1 855
15 36
53 8727
4 4
3 15
9 31
2 9
3 72
2 2
99 4507
13 588
5 5
64 2251
1 5
299 2819
1 2
3 3
35 95
107 217431
97 6795
3 30
56 7461
8 64
5471 58670
59 1894
1 64
19 30
1555 20704
9 2257
3 3
11 598
6 10
19 19
3 5
19 608
15 93
13 256
219 18428
10 31
3 89
2 2
2 2
4 11
5 11
12 1180
4 297
5 10
169 20727
4 4
6 15
3 3
456 2930
16 1769
15 93
10 2662
4 304
5 5
33 1610
9 12
9 31
4 89
9 31
3 3
2 5
9 868
5 8
22 144
16 26
3 15
6 7
53 3488
62 1547
1 9
4 297
89 6773
6 7
5 8
3 288
45 2878
5 10
2 287
278 9911
3 304
276 1282
34 9789
3 3
595 162172
3 5
1 6
2 20
12 32
4 296
2 3
5 17
27 13263
1 6
8 13
2 2
22 93
2 2
2 5
27 473
4 10
17 39
3 6
3 5
121 3534
1 4
3 885
2 2
14 327
3 30
4 20
16 29
15 36
3 3
3 3
1 9
46 162
5 12
2 2
4 304
8 8
124 323
3 301
1 2
3 3
45 1039
2 2
3 3
1 588
10 2662
2 2
10 32
3 3
9 2257
11 7952
117 5113
3 15
8 18
520 11192
1570 241062
1717 32586
9 8179
69 9690
12 31
4 304
1 91
46 162
12 32
3 3
189 6201
573 4497
6 304
49 5904
3 290
244 17436
2 3
5 15
2 3
5 12
13 588
1136 10474
1 64
1 2
7 30
122 10999
9 387
2 2
688 3529
1 6
268 7902
16 1537
3 3
1 2
90 3220
2 2
3 3
3 3
5 60
2 2
49 5904
435 1853
27 493
64 2829
4 304
5 9
9 868
24 2762
2 5
7 30
15 36
14 36
4 55
4 10
3 6
2 1709
3 15
6 7
6 304
5 67
8 7952
1 5
4 588
6 24
3 288
9 868
6 588
1 2
9 31
4 6
11 31
99 4507
4 10
30 73
299 2819
87 3452
4 13
4 33
3 3
3 3
4 8
503 146400
293 2819
69 1299
1 76
2 14
12 2584
23 4708
154 260
8 360
6 14
30 9797
123 3452
11 327
7 595
4 10
2 2
10 22
17 59
5 5
5 8
121 3534
84 135675
17 1769
6 304
84 135675
5 2074
3 6
17 93
3 3
2 2
12 31
3 3
24 4708
1109 37169
5 8
15 93
11 12
7 7898
11 32
3 3
3 3
2 2
79 79
85 8861
4 14
2 3
22 144
4 4
23 170
1 2
7 596
2 2
3 3
2 2
4 588
3 9
173 3179
3 24
17 17
82 6752
4 72
38 150
6 14
9 1537
4 52
1 5
2 2
3 3
3 6
7 596
14 22
4 11
16 156
3 4
28 1520
1 3
59 2244
3 3
59 1894
9 31
6 6
6 588
9 31
1 10
11 1703
281 18507
121 3534
3 7045
4 6
16 1857
6 19
92 12937
2 287
4 1999
3 288
3 18
1 5
6 304
13 312
139 4410
11 329
2 2
11 1537
27 10849
3 6
4 89
10 31
16 327
21 1769
89 6773
6 11
3 3
6 304
29 1610
5 10
6 588
7 12
7 596
2 2
27 10849
2 2
9 9
9 312
3 3
7 10
22 93
6 24
16 29
29 929
1 11
4 588
4 289
24 2080
7 33
171 13618
4 289
1750 834480
3 3
16 320
27 10869
6 7
62 8876
2 2
24 1766
4 289
8 581
9 10
361 35971
141 14435
16 1857
576 4497
1 2
13 13
4 304
3 304
1 2
6 71
3 54
16 327
1 269
87 3452
3 72
658 17878
10 23
16 156
4 289
2 5
58 4787
3 3
14 36
6 6
3 3
4 588
1 588
35 95
87 3452
4 2074
2 2
11 32
3 3
8 13
288 9911
13 588
2 3
13 312
1717 32586
1 64
1 6
1 12
5043 407634
11 12
27 10849
4 289
9 8179
5 5
35 95
1 3
28 1520
3 72
50 4789
5 6
5475 58680
3 14
3 3
4 4
9 13
45 2878
32 97
1 855
6 6
3 3
19 39
2 2
6 597
3 3
3 1999
3 3
3 301
3 3
3 3
4 4
40 323
11 588
64 6752
16 26
630 156917
44 6773
5 8
87 3452
3 3
8 868
16 29
2 2
46 162
8 581
15 327
15 90
3 18
3 3
1 64
4 289
171 13618
566 5519
3 3
1 4
36 922
16 1537
5 10
153 259
4 55
4 10
3 3
3 6
33 71
7 33
12 312
16 327
4 52
7 596
3 3
4 6
4 4
27 339
41 1839
3 9
79 3198
2 2
689 3529
6 58
6 304
4 288
27 473
2 3
8 315
4 18
3 3
3 3
2 8
7 7898
2 67
53 7456
3 3
27 10869
5 1999
64 2251
92 10517
62 4788
10 32
9 13
3 3
4 354
142 378
343 3325
189 13618
64 2829
81 7461
3 3
5475 58680
230 18094
32 1608
6 40
10 2662
3 3
45 2878
15 73
2 588
16 23
38 150
7 2142
2 288
11 31
3 9
4 289
27 13261
53 7456
12 32
3 15
46 162
11 80
7 12
169 6029
4 10
3 6
2 3
22 334
4 326
5 297
1771 836218
2 3
15 312
4 289
41 63
3 15
8 8
4 4
82 55393
5 297
2 2
2 2
25 5168
39 1293
5 13
1 2
2 2
451 12234
44 6773
1 5
658 17878
3 3
16 2362
5 290
3 18
3 3
2 2
11 31
16 29
5 590
8 360
1 6
11 329
2 21
2 1709
33 1610
24 2762
5 10
22 4672
30 1610
17 1449
11 1703
1 5
798 54365
3 290
7 8
15 154
16 51
3 3
8 8
67 2254
11 32
16 16
15 312
1 39
17 1449
13 34
3 18
2 287
121 3534
202 14434
70 13262
3 3
17 39
6 3994
3 3
2 2
2 9
6 24
1 855
2 2
297 1029
9 44
4 297
5 15
24 32978
5 9
4 354
10 13
16 327
11 32
44 6773
118 12677
3 304
5 6
15 941
174 17654
5 8
25 1293
5 11
1 9
513 9876
5 10
15 312
1 6
8 297
2 2
5 30
3 6
9 55
3 5
82 6312
18 1293
6 19
4 297
1 9
7 301
2 3
4 10
20 145
3 1999
3 3
6 2029
2 588
3 3
9 89
2 2
4 2074
6 22
24 2762
17 179
21 71
9 55
4 297
2 4
2 3
2 7
1 12
99 4507
6 7
3 6
6 10
3 18
99 4506
62 4788
98 2858
540 629188
14 903
16 23
8 581
5 15
3 3
5 9
2 2
30 1360
4 11
9 12
15 93
4 89
3 3
35 13689
45 1039
9 360
3 3
7 33
3 8
3 6
28 929
26 2231
1 5
8 24
5 2074
61 3452
66 6795
4 52
3 3
3 288
486 4711
6 304
5 596
23 2552
7 304
6 14
5 10
1136 10474
2 3
5 114
12 31
1149 39833
1 76
4 7
448 1853
7 304
1 13
16 156
10 23
33 35
688 3529
27 13271
6 10
4 52
6 22
2 2
6 304
9 588
1 3
65 323
5 8
2 3
7 301
18 144
525 33033
11 354
15 90
3 301
3 3
2 2
156 20727
6 1768
3 3
5 354
2 3
7 7
32 34
2 21
3 3
66 4787
21 134
4 4
14 22
317 1853
34 183
3 3
6 588
6 6
2 588
347 3675
6 22
3 3
2 3
3 3
15 93
1 855
46 162
11 31
4 6
1 269
18 40
25 673
28 66
1 588
1 855
8 297
57 167
13 34
4 89
1771 836218
64 2829
16 1857
47 8727
22 1168
19 144
3 14
3 3
3 10
9 1528
4 220
34 35
21 1769
30 6143
1 5
756 54360
178 747
8 14
4 89
4 60548
2 2
202 12676
9 29
2 9
6 7
171 13618
64 2829
177 633
35 95
53 8727
6 20
41 9797
60 3719
31 2878
728 36897
8 8
5 10
209 12676
5475 58680
4 1999
28 3075
17 17
3 3
7 15
10 31
3 3
2 5
25 673
495 5158
2 5
3 6
6 6
279 9605
2 2
12 290
9 8179
23 28
16 327
29 1604
24 2552
1 2
1 27
3 15
6 15
48 398
10 588
16 35
3 3
16 29
268 7902
62 4788
2 3
3 3
3 3
4 4
59 2244
520 11192
86 249
2 288
7 7
5 304
2 2
11 329
8 581
28 1602
33 1610
66 4962
7 56
46 162
5 289
8 868
9 29
10 32
17 4017
41 9797
3 3
3 3
8 297
15 89
3 3
3 7
3 3
2 6
3 3
3 288
3 297
27 13271
4 288
1750 834480
16 90
5 11
139 378
9 89
67 2254
2 2
49 3431
6 588
9 8179
8 44
1 949
15 93
3 5
6 303
53 3488
79 3198
2 588
15 89
2 3
67 122024
5475 58680
14 327
19 1768
3 1999
221 56855
15 36
3 5
206 19393
82 6752
11 329
25 3500
156 20727
1136 10474
4 11
35 95
59 4698
19 31
3 3
59 2244
4 89
1 64
595 162172
6 29
14 22
2 2
6 9
5 5
5 941
3 3
3 3
1 12
6 304
5 10
66 6795
26 2762
59 2244
4 304
27 10849
47 8727
1 3
16 327
5 6
49 5904
84 135675
11 588
4 22
5 6
4 296
24 1768
12 31
18 1769
3 5
4 27
11 32
15 603
16 51
4 20
142 378
6 588
10 22
3 3
1 21
11 32
2 2
1 25
54 2237
3 26
6 304
23 2552
1 287
2 2
2 2
5 11
22 1168
9 22
5 10
3 3
92 12937
26 478
3 304
7 30
8 8
3 3
2 588
4 297
10 14066
28 929
16 23
3 35
2 2
15 36
2 2
8 8
24 2080
798 54365
4 297
3 3
299 2819
9 52
3 6
59 1894
2 588
3 3
76 18323
1 5
4 6
3 3
331 3529
3 3
11 112
2 588
3 3
293 1853
17 1449
4 2065
2 2
3 1999
6 14
6 17
4 89
3 3
4 89
29 1610
3 3
1136 10474
2 2
6 588
2 2
2 5
9 868
268 15542
3 3
27 1610
36 195
4 20
31 2878
35 95
92 12937
3 5
2 4
3 3
48 6841
3 35
3 3
2 588
1 5
6 7
3 12
70 6841
1065 6134
5 12
183 13386
19 636
2 64
3 3
9 10
8 581
12 12
82 6312
5 5
1 2
5471 58670
299 2819
92 12937
2 5
2 2
7 9
7 301
8 8
12 56
2 2
2 2
3 3
7 12
10 23
96 14218
5 10
23 4708
56 7461
6 24
2 5
3 290
4 14
4 326
27 473
3 3
3 3
3 3
9 31
689 3529
3 3
99 4507
6 6
2 5
1 2
16 29
6 2030
2 2
1 64
6 10
5 9
25 1769
13 588
31 8634
54 2237
6 941
3 3
2 2
4 89
4 4
3 3
12 290
45 1039
8 315
45 2878
1 588
5 10
16 23
4 14
13 28
99 4507
7 7
1 76
288 9911
1 5
1 9
96 14218
4 7
1 3
2 2
4 6
4 7
4 296
13 588
51 3488
344 19967
12 312
6 7
4 1007
6 14
3 15
2 2
6 588
13 28
6 35
5 67
208 13618
5 15
2 2
1703 20146
42 105
546 4546
16 1857
7 595
26 2762
6 588
7 12
1 588
7 8
503 146400
4 7
27 10869
2 2
1 22
6 6
7 301
66 6795
27 13273
2 2
4 11
41 9797
5 354
16 3730
11 32
2 301
12 290
4 8
326 2819
6 588
4 7
263 1760
5 15
5 8
31 95
1971 76578
1 2
118 12677
1 949
8 297
4 1095
6 3994
22 144
3 3
19 608
688 3529
15 327
5 354
2 2
6 304
2 275
2 2
16 29
9 33
8 1528
93 120475
11 329
3 288
2 2
4 289
2 2
3 3
2 588
206 19393
137 630
1 5
26 2762
7 54
7 581
1 2
4 12
5 1742
9 11
3 1999
3 18
5 2077
3 15
8 10
16 1857
1 949
6 588
3 19
3 3
9 13
1 6
23 93
5 8
3 3
237 4006
86 249
3 3
4 288
15 1172
6 588
1 2
8 10
27 13293
6 21
2 3
3 326
11 12
9 31
2 2
57 2755
230 18094
2 2
3 3
1 5
3 301
1 3
486 4711
3 3
97 6795
14 312
4 6
24 38
1 2
503 146400
1750 834480
573 4497
220 20580
4 4
595 162172
12 32
2 287
35 95
4 10
8 581
3 3
4 11
9 31
2 20
27 13271
4 4
6 19
2 5
7 7
4 588
7 54
1320 51956
69 9690
6 22
6 588
1 5
343 3325
5 354
231 6029
4 7
46 162
9 8177
154 260
21 71
12 12
1 64
64 2251
4 4
10 277
1 9
7 33
7 596
6 22
1 11
10 32
1 855
4 22
135 12678
19 2526
15 36
2 2
11 1703
6 10
279 9605
3 288
4 2065
6 21
17 1449
206 19393
64 2251
15 941
146 12580
6 11
3 3
3 3
3 288
1 1656
2 2
40 3416
29 1839
4 89
4 289
2 3
85 8861
29 1604
159 633
10 30
14 327
1 76
1 64
11 32
1 5
4 297
29 1604
16 1039
8 2074
6 588
2 9
22 144
139 378
3 6
16 29
9 8177
3 304
15 941
520 25714
253 2041
2 3
1 885
2513 32123
8 581
3 5
19 26
15 327
4 297
5 8
4 326
540 629188
1 64
10 28
1971 76578
4 7
9 29
27 473
2 2
2 885
5 8
4 89
12 44
11 1703
756 54360
16 82
31 5613
4 11
798 54365
8 33
219 18428
4 4
26 1769
2 588
64 2251
2 5
22 93
4 304
8 581
6 6
3 30
15 90
2 3
87 3452
9 52
15 312
122 10999
195 1029
8 14
11 13
3 3
265 16399
4 588
2 2
7 304
3 15
4 30
198 122329
5 10
18 58
1 588
144 3451
13 588
45 2878
57 2720
4 289
7 11
11 22
3 7
576 4497
205 17120
4 52
6 41
4 949
28 3075
209 12676
4 297
7 304
475 51208
19 608
3 3
5 354
4 949
1 15
107 217431
1 5
5 588
132 12677
1 9
237 16399
12 32
3 3
24 1768
1 5
1136 10474
11 23
1 588
142 378
8 297
13 588
2 15
1 4
219 18428
31 700
53 8727
1 64
16 90
4 6
231 6029
2 588
7 304
3 3
18 144
19 4304
11 354
2 5
3 65
2 588
24 33
6 58
2 9
9 588
2 2
647 47853
93 3534
27 13283
6 14
96 14218
49 3431
3 3
11 2074
9 9
10 46
8 54
6 588
69 1299
1902 834480
2 588
2 2
3 5
37 1839
279 9605
48 6841
18 144
27 13283
4 304
6 588
27 13293
17 39
4 12
2 2
6 14
268 7902
5 12
36 183
500 36841
24 4708
6 7
3 294
1134 48229
8 11
123 3482
5 290
9 2080
30 6143
57 2720
3 288
2 2
7 12
4 22
410 7185
1 2
35 95
8 581
87 6868
2 34
2 3
4 11
2 3
28 929
6 8
12 883
2 9
1750 834480
25 1769
5 10
2 2
7 581
2 2
87 12937
142 378
2 4
1 22
14 91
5 15
11 32
1 269
8 2074
12 31
17 39
124 323
53 8727
12 31
7 301
53 8727
6 2074
1 287
77 13323
2 2
28 66
3 8
4 296
331 3529
5 15
2 2
3 5
2 2
5 5
3 4
12 2576
67 122024
4 6
4 6
8 15
2 588
11 835
4 20
2 3
92 12937
293 2819
1 2
427 29421
158 260
17 17
1 2
3 9
8 11
3 304
15 36
7 56
21 4708
3 3
3 5
520 11192
82 6752
4 52
3 6
21 4591
3 288
4 5
5471 58670
4 297
3 3
4171 21141
344 19967
4 4
1750 834480
513 9876
11 31
20 334
5 17
87 3452
3 3
124 2552
10 2662
63 4788
5 10
24 2080
3 3
159 261
5 7
5 11
85 8861
10 300
4 289
3 3
45 1039
3 3
1 12
14 327
66 6795
2 588
3 3
1 588
3 288
3 288
3 288
2 2
10 588
3 18
16 1039
3 3
156 20727
4 289
21 4708
941 11913
14 1769
9 31
3 288
50 730
13 588
9 31
15 93
1 2
11259 334091
12 32
79 79
16 51
3 3
2 2
5475 58680
407 29421
2 588
3 3
54 2237
3 3
760 54365
16 2362
59 4789
156 20727
4 304
8 297
4 6
1 5
3 15
16 23
12 941
16 26
4 297
2 24
27 13291
2 21
3 5
4 55
8 11
3 7
5 10
96 14218
1 855
3 15
2 287
99 4507
2 21
17 1449
11 32
495 5158
1 5
3 3
1 3
289 1106
3 3
3 4
1 6
208 13618
4 297
26 2762
3 3
4 7
6 3994
22 93
500 36841
24 2080
5 297
2 588
6 9
4 14
44 6773
5 294
8 9
4 22
5 10
11259 334091
67 2254
15 597
5 290
1 80
27 13261
3 15
1 588
2 34
9 29
8 10
87 3452
500 36841
301 2819
40 40
70 9690
288 9911
347 3675
9 8179
29 1839
3 304
2 24
641 21729
2 2
4 5
8 112
4 14
6 29
5 6
202 14434
141 647
2 3
1 2
33 1610
6 10
2 2
16 26
8 13
40 3416
3 66
144 3451
2 2
1 949
24 941
5 12
3 5
8 8
32 639
7 312
9 360
3 3
13 28
3 3
237 4006
11259 334091
34 413
486 4711
27 473
1902 834480
197 17843
15 89
1 3
340 3054
2 2
16 51
5 10
3 6
520 25714
14 134
15 1172
4 6
29 1610
4 4
3 3
48 249
96 14218
4 289
29 1839
1414 20874
11 329
3 3
5 10
62 1547
1042 37169
156 20727
3 3
17 93
11 31
2 213
10 1537
165 691
62 4788
189 6201
3 1999
169 6029
7 56
2 2
347 3675
1 5
18 18
15 327
1 4
164 9343
37 9789
9 3500
2 2
5 67
9 2257
9 588
44 3669
31 9797
4 10
2 2
5 7
2 2
10 32
18 1460
756 54360
16 23
29 1610
34 413
19 39
46 162
22 93
3 3
46 162
12 33
1 5
4 89
2 588
4 89
10 118
137 630
13 32
3 3
696 39050
41 3416
4 4
1 2
2 2
1116 11062
3 288
3 180
5 5
41 3416
8 112
29 1360
4 8
2 2
230 18094
4 10
122 2552
3 5
4 4
6 6
1 5
688 3529
6 28
29 1360
2 2
25 3074
15 312
16 29
30 1839
3 6
3 3
15 1537
3 3
6 24
5471 58670
2 2
3 3
1754 20874
27 473
4 72
27 473
5 65
2 2
30 73
6 35
1 13
41 9797
3 5
8 15
57 2720
3 12
3 8
10 12
3 3
3 3
9 29
6 588
66 205986
1 2
10 73
5 9
6 14
44 6773
8 868
3 3
6 14
3 8
2 2
87 6868
32 1610
16 1537
3 9
40 1975
29 1610
15 327
15 90
66 4787
8 18
219 18428
1750 834480
3 9
3 35
525 33033
8 581
6 3994
8 581
2 2
48 82
29 1839
33 335
1 5
10 32
3 3
64 2251
229 82948
59 2244
12 31
279 9605
4 18
6 588
33 639
10 12
4 7
16 59
45 2878
206 19393
3 18
5 12
3 1999
262 16391
10 2662
17 59
2 5
17 1449
11 588
8 9
7 12
3 3
69 9690
129 1221
1 64
141 14435
5 7
10 45
135 12678
6 14
34 73
26 673
54 2237
4 304
6 6
1 12
6 588
5 8
21 1769
1 286
1 9
3 33
1230 44569
47 4782
209 12676
2 2
2 5
4 297
361 35971
7 33
79 3198
8 581
29 1610
25 1293
3 15
15 1537
2 2
2 5
1757 29134
1 588
5 114
15 312
16 1857
2 2
11 32
4 2074
3 3
58 4787
2 5
2 2
6 7
41 3416
141 647
4171 21141
103 2858
1 5
44 6773
6 21
9 312
5 5
2 2
141 12678
2 5
2 2
5 294
15 93
1102 39833
36 183
3 6
64 2251
8 581
619 162172
3 3
17 1449
6 301
1059 11062
42 105
8 315
2 2
4 297
15 327
4 6
15 327
15 89
3 3
2 2
4 20
29 1360
45 2878
2 885
135 12678
2 21
15 941
22 144
3 288
427 29421
3 5
12 31
6 588
16 1537
6 7
3 3
495 5158
3 3
1 3
8 24
2 2
66 6795
27 10849
2 3
17 93534
7 595
13 34
4 289
4 7
2 288
7 12
33 1610
14 22
4 5
3 3
25 3500
24 1768
13 588
11 80
3 5
53 7456
5 290
3 3
27 10849
3 3
3 3
51 3488
2 9
5 15
1 5
25 941
5 12
3 5
22 144
3 3
57 127012
3 3
1 6
3 3
3 18
15 89
2 34
58 4787
6 22
3 3
2 6
189 13618
331 3529
11 1703
1771 836218
6 6
3 3
595 162172
6 297
288 9911
27 493
2 21
2 2
7 312
15 597
59 2244
15 1537
27 13271
41 3416
27 473
29 1839
3 5
520 11192
3 3
3 3
9 300
27 10849
1 588
11 105
5 10
11 31
11 23
6 597
2 5
2 2
8 1528
5 6
3 3
4 52
2 14
3 3
1 59
19 608
18 144
2 3
3 3
177 633
3 8
1 5
5 17
209 12676
1059 11062
2 288
3 3
3 288
3 297
3 15
293 2819
3 3
3 3
14 1769
4 14
5 5
141 10998
16 1857
3 3
684 17878
2 5
9 588
293 2819
10 23
2 286
4 1171
3 15
57 127012
16 327
4 4
8 56
30 1610
2 3
64 2251
2 2
2 3
3 5
4 12
3 6
1 287
3 36
3 18
11 32
10 588
26 2762
3 3
2 14
244 17436
122 2552
303 2819
13 588
122 2552
10 1805
64 2251
15 885
3 288
6 303
17 2829
3 18
118 12677
29 1839
45 4458
5 294
2 5
4 296
756 54360
15 93
4 8
6 304
1 6
1750 834480
171 13618
688 3529
41 3416
3 2872
1 71
58 4787
28 473
3 3
3 288
6 304
2 2
655 4103
79 3198
1 588
1 288
688 3529
6 301
9 2074
316 2819
3 54
7 309
26 2762
1 6
17 1449
2 3
17 312
9 9
5 12
6 304
2 588
5 7
4 4
6 6
2 2
6 3994
15 1172
6 3994
320 1760
7 12
3 3
6 7
9 31
12 2081
92 10517
64 2251
1 3
7 10
19 636
10 588
22 144
3 288
189 6201
2 5
28 3075
33 4830
49 3431
3 12
87 3452
3 3
54 2237
7 301
2 2
4 89
3 6
1 2
4 289
4 72
3 3
2 2
11259 334091
219 18428
17 1449
3 290
1 3
8 8
271 1282
3 6
6 303
3 3
27 493
9 31
60 3719
29 1360
5 9
2 288
30 14797
9 12
13 588
16 327
3 5
3 5
3 3
96 14218
54 2237
4 289
3 15
1 3
1 269
1042 37169
2 2
4 72
277 9857
1983 707468
268 7902
5 11924
3 3
5 304
1 949
10 34
3 15
82 6312
500 36841
6 14
1 2
2 301
12 2584
3 3
109 14813
28 929
4 10
10 300
3 6
29 1839
8 581
1 2
1 2
336 3000
10 32
7 304
4 7
30 6143
12 32
5 12
1 58
34 73
3 3
13 588
8 15
8 8
1 6
5 67
15 1537
5 9
1 303
2 2
15 312
3 3
8 10
3 3
4 354
198 12676
5 5
3 35
1 24
3 5
9 312
4 2065
15 19
3 3
4 297
3 3
141 12678
648 4711
3 3
16 29
1065 6134
15 327
1717 32586
2 2
3 3
3 3
436 1515
29 1360
16 327
3 3
3 1999
3 3
5 885
53 7456
122 2552
4 297
2 2
1 949
11259 334091
16 327
59 2244
78 8879
8 595
2 2
137 630
1 10
1 5
29 5456
1 3
82 6312
2 6
5 297
156 20727
144 3451
5 10
1 5
1 269
3 288
31 3075
20 1764
67 122024
9 52
5 15
15 320
8 11
16 327
49 4672
12 32
11 327
3 3
1149 39833
16 16
7 11
3 3
331 3529
82 6312
8 1528
17 17
3 3
4 6
1 2
8 15
30 73
2 2
4 285
7 16
16 156
51 3488
30 6143
27 13281
4 20
2 8
14 36
2 5
12 290
15 1039
41 9797
3 175
2 2
4 297
440 33902
45 1039
2 2
4 89
3 3
3 3
17 1449
9 31
3 18
8 581
96 14218
3 3
144 3451
23 941
10 1805
6 22
2 303
4 4
3 3
48 1306
98 2858
29 1360
1 2
3 6
27 13293
27 473
11 588
212 20580
2 2
387 24939
1750 834480
3 3
12 1767
3 304
308 29625
28 1293
24 53
15 327
8 39
11 588
229 82948
503 146400
5 10
15 1537
2 3
1228 44569
4 8
1902 834480
1 64
9 31
25 1769
2 3
12 318
13 588
11 31
304 3325
3 297
2 287
1 2
4 304
1 10
3 15
11 32
2 2
3 18
3 3
2 2
2 5
1 588
1 2
595 162172
7 304
202 14434
4 1999
3 3
3 3
3 72
2 2
1 5
7 17
16 23
30 6143
17 93
1 69
7 12
1 2
45 1039
5 7
10 46
3 3
25 2230
27 13291
10 2662
2 5
3 288
2 2
2 15
503 146400
27 13291
92 12937
2 5
3 3
251 2036
6 14
5 15
10 40
34 9789
8 580
189 14812
2 2
59 2244
2 2
1 71
122 10999
5 10
253 2041
2 2
1 6
29 34
57 2720
4 11
3 3
1 949
4 10
231 6029
3 3
6 301
1 286
15 1537
5 8
2 2
1102 39833
42 105
1 286
7 304
5 15
1 5
2 3
16 327
2 3
1 2
11 1537
64 2829
122 2552
174 17654
3 3
5 297
2 2
1116 11062
7 301
3 288
2 4
3 3
6 588
16 82
3 3
2 2
1 2
3 3
57 204
6 588
92 10517
3 3
4 7
57 204
66 205986
6 10
33 634
275 9902
4 10
12 32
8 10
5 8
237 4006
62 4788
4 6
2 2
1 3
25 3655
16 26
15 93
6 9
3 3
19 31
3 3
7 11
394 28806
45 1039
2 2
64 2251
9 386
4 6
3 23
3 3
3 18
16 82
16 23
202 14434
12 31
8 13
4 297
3 6
5 2077
142 378
2 5
756 362071
1 6
2 6
77 3196
17 93534
5 15
13 34
3 3
5 15
3 9
1 59
3 178
10 80
92 10517
17 93534
29 1610
4 89
3 3
16 29
9 31
2 8
573 4497
41 134062
2 2
31 473
8 12
5 10
3 18
135 12677
3 5
4 4
10 23
3 3
30 73
4 12
271 1282
46 162
4 40
6 7
27 10869
1 76
5 15
99 14218
5 1999
1 588
2 5
2 2
37 9789
3 3
3 72
2 2
8 297
1 22
4 11
24 941
16 327
17 1449
7 588
9 29
798 54365
1 3
9 31
3 288
17 1769
2 8
4 6
1 2
1 6
14 949
27 10849
3 3
19 30
3 5
2 2
1 588
11 329
211 19393
122 2552
3 3
3 4
66 4962
2 2
2 2
3 3
12 31
16 1537
7 8
92 10517
1 296
15 93
3 15
5 6
13 52
6 22
127 323
2 2
28 929
237 4006
301 2819
299 2819
1228 44569
2 2
8 14
27 13273
2 2
3 3
260 9605
2 588
6 597
7 304
2 2
5 8
1 2
8 13
3 1999
2 2
11 2074
3 3
3 3
19 31
45 2878
9 22
9 33
3 3
1 59
3610 329338
1 15
98 2858
16 327
5 161
35 95
1 5
4 6
2 2
3 3
156 20727
13 1293
12 44
15 327
1 9
12 290
77 21519
3 18
3 3
412 17245
6 949
17 1449
4 354
772 11913
1 5
3 15
30 73
3 3
238 82948
4 11
3 35
1 588
16 29
67 122024
156 20727
4 15
10 45
1 22
4 297
3 72
14 3147
9 11
2 2
1717 32586
3 27
97 6795
2 275
62 1547
3 3
107 202634
13 34
15 320
53 8727
7 11
8 581
451 59187
573 4497
9 868
1 9
4 304
1 15
29 1839
42 2720
689 3529
3 3
1 6
12 290
6 24
3 3
3 288
3 288
27 493
9 52
5 6
16 29
1 12
17 312
2 2
13 13
2 2
2 2
647 47853
3 5
2 2
7 7
3 3
29 1610
1 949
21 1769
1 12
4 4
288 9911
8 323
189 13618
84 135675
6 6
3 3
118 12677
3 288
1936 43060
4 304
398 5863
6 40
4 6
3 3
64 2251
1 588
4 10
197 16332
19 608
1 12
3 3
1 269
26 1769
2 5
4 5
5 5
10 45
11 32
165 691
73 7461
13 1537
3 3
2 2
1042 37169
22 144
3 66
48 82
15 312
11 15
56 167
3 288
9 31
3 15
2 588
3 3
15 79
29 1360
153 259
1 64
8 595
7 309
28 3075
2 588
59 2244
6 14
4 4
4 4
46 162
9 3500
5 11
1 15
1 288
2 2
5 10
6 22
31 6143
5 949
13 34
2 21
3 15
27 473
2 2
55 2237
54 2237
16 327
3 288
2 2
14 588
2 2
2 9
647 47853
1 6
44 6773
16 1537
24 2762
8 15
67 127012
3 3
2 2
10 28
2 14
5 6
3 4
27 10849
2 150
6 71
4 89
4 289
13 10376
67 2254
11 32
546 4546
520 25714
1 949
96 14218
3 3
6 22
202 14434
10 2074
6 21
6 19
47 4782
11 327
279 9605
26 34
520 11192
9 360
7 297
798 54365
27 473
123 3452
15 36
2 2
12 2584
1 5
3 3
231 6029
66 6795
3 288
6 22
3 15
7 54
5 67
5 15
13 588
8 15
6 6
2 2
3 3
2 2
271 1282
3 3
3 3
11 31
45 1039
58 3452
15 89
9 10
3 3
8 8
12 31
3 304
1687 65391
6 304
5 6
3 3
649 4711
96 14218
27 13283
11 13
3 26
4 14
87 6868
1 5
2 2
1 39
45 1039
32 97
25 1769
16 82
2 34
3 3
63 4788
6 304
3 5
4 4
