2 2
2 22
1 3
2 14
1 3
43 3451
2 2
2 20
3 304
39 259
4 82
6 312
1 3
1 76
2 2065
2 10
6 91
1 8
3 15
75 17841
5 327
8 3075
10 3675
2 3
3 4
5 2526
2 588
1 48
5 23
1 64
60 5340
4 297
3 6
6 8
11 28
1 2
3 3
2 3
1 5
45 834401
20 6795
2 22
1 3
7 1360
12 12937
6 327
1 14
4 2074
4 33311
11 14813
2 2
1 29
7 835
2 10
2 10
8 9797
41 3529
6 327
4 32
2 304
3 300
2 15
2 15
3 3
2 2
4 249
1 6
20 6795
2 89
255 106497
1 3
2 24
1 588
3 52
1 3
11 398
148 25713
3 7
4 360
5 4962
4 82
4 3488
14 1567
2 15
2 2
2 23
3 52
5 31
3 52
3 10
2 3
3 941
4 4708
4 11
6 12
2 289
2 5
2 9
2 4
1 19
20 2819
3 5
3 3
3 55
6 93
55 4711
71 5158
2 588
1 2
1 6
1 15
6 10869
1 269
1 11
2 289
1 877
4 32
1 3
3 10
5 581
2 3
3 15
1 29
2 18
140 11062
3 10
1 3
1 3
27 2251
6 10869
3 304
2 588
13 9789
1 297
2 9
27 9911
2 12
1 287
1 2078
19 3452
7 2878
2 15
2 2
1 2
45 834401
4 10
3 6
1 89
7 34
2 6
2 2
7 34
3 315
2 588
1 3
62 11913
2 4
7 8
3 11
2 2
2 588
6 32
7 329
1 11
4 41
38 14434
3 2077
1 5
17 8727
2 9
80 146373
17 3220
4 26
19 3452
5 1742
2 2074
3 8
4 20
1 7
6 4017
13 14435
13 3416
7 378
1 6
10 6773
8 1857
11 26
3 15
1 6
1 287
2 596
7 105
2 17
3 7
12 6143
3 1558
35 1029
2 150
1 3
6 12
2 3
29 8861
3 885
2 304
2 12
2 2
2 3
7 378
5 31
10 134012
4 478
2 15
18 334
16 2829
2 10
1 15
3 31
2 597
1 6
1 2
5 32
2 28
4 82
1 5
1 297
1 35
18 205719
1 71
6 6
83 39050
2 21
4 14
2 2
20 6795
2 22
21 2819
57 18428
1 588
5 31
3 885
2 6
12 8879
28 56859
1 949
37 17120
2 2
2 596
5 31
28 36841
6 93
4 161
1 3
45 834401
7 12580
17 95
3 868
22 2819
2 221
1 7
110 8430
3 300
2 2
23 730
2 2
45 12676
5 327
5 59
9 56
4 941
6 327
2 2
13 3087
2 89
6 13271
3 312
3 2584
8 2237
4 277
7 54
1 5
1 286
1 3
14 183
2 3
1 11
24 2254
19 3452
6 473
3 581
10 144
4 5
3 300
2 3
1 2
2 9
1 3
2 1768
224 80942
2 3
2 2
2 8
5 320
1 8
2 2
2 2
25 6029
5 35
1 8
2 3
2 10
1 8
4 6841
6 9789
4 1293
3 7
34 29625
5 31
38 14434
1 2
2 588
2 27
2 4
1 3
3 10
7 329
6 2000
1 287
6 2243
1 3
2 596
5 32
5 32
6 2243
1 29
1 304
1 9
47 42975
1 2
1 312
83 39050
23 2819
1 2
11 162
23 691
11 7461
8 36
8 29
42 3529
1 29
1 29
3 290
2 2
4 3056
16 6795
2 15
1 588
8 167
2 300
1 8
1 3
3 13
66 4528
3 9
5 8179
1 6
1 3
11 2878
8 1449
2 288
16 228
1 2
9 2762
2 58
1 40
24 19393
2 1999
38 14434
1 588
1 855
18 1760
16 3179
4 11
6 327
8 36
239 62964
6 32
3 10
2 2
55 3533
2 22
1 3
55 836139
6 13283
1 1996
28 10998
1 6
6 12
8 1857
31 82
1 588
2 15
3 52
2 10
1 3
9 1547
2 3
3 33
1 588
3 12
1 5
3 8
2 7
23 691
2 8
1 3
2 5
7 378
8 1857
2 3
1 2
4 5
4 304
1 8
2 1769
3 1537
40 260
45 834401
1 3
4 2074
14 16
20 12580
1 14
3 5613
2 4
5 14
2 6
13 33
45 6134
1 3
2 68
1 5
4 4672
6 12
201 54365
29 8861
2 24
2 2
2 15
10 1839
12 6029
56 28806
6 32
3 6
3 6
4 32
26 4507
8 2552
2 2
1 3
2 2
2 89
1 5
4 41
2 290
7 3074
2 275
9 12677
2 58
4 10
2 18
4 3994
1130 334095
5 7
9 97
1 3
61 261
3 3
2 2
5 32
1 303
3 1769
2 3416
5 941
2 6
55 122758
2 859
27 9911
1 29
1 5
2 2
18 205719
2 5
2 2
2 3
2 588
5 7
6 473
5 301
11 929
4 5
2 9
1 3
6 4880
2 6
13 6433
4 8
17 13718
1 312
23 19967
5 31
2 289
2 6773
1 20
2 588
37 17120
7 329
1 288
6 6
28 1853
3 72
1 3
3 10
2 17
1 3
36 1282
2 2
1 6
1 6
4 1999
14 18
2 2
1 7
1 2
267 58680
1 80
7 4672
2 2
2 14
10 2878
1 29
33 6312
1 3
3 5
9 89
2 10
2 2
1 5
4 39
38 20580
27 3452
3 35
2 289
3 3
7 3669
1 588
5 581
5 6
2 137
2 3
3 1999
2 588
1 2
8 1449
1 6
1 3
2 134
3 91
10 35
24 17654
2 68
1 7
15 6773
1 29
5 31
2 12
2 3
10 1839
9 12677
267 58670
9 6143
31 82
2 2
2 35
4 51
3 4651
5 14
55 5340
2 2
45 834401
3 885
24 1299
60 15474
8 2237
3 4
2 15
2 289
4 6
2 9
1 883
2 52
1 3
2 3
1 5
4 5
1 8
2 303
2 3
1 6
20 12580
2 6
9 1769
2 2
1 6
3 11
35 19393
3 11
1 10
2 2065
1 3
1 2
3 1360
6 473
2 588
6 126988
6 91
5 34
56 146373
4 51
2 15
5 31
5 300
8 4698
1 29
4 304
12 7461
2 13
2 588
4 11
1 5
17 3220
16 2829
2 4
41 3529
33 630
13 162
1 5
10 144
2 5
19 634
2 2
1 2
25 6029
1 2
2 5
2 2
3 4708
2 3
2 2
10 134012
4 3056
5 588
16 3198
4 2074
2 10
1 949
3 11
74 24303
4 5
17 95
2 89
2 2
2 2
5 12
13 12937
2 18
2 2
21 2819
5 327
6 93
2 15
2 3
4 1537
1 26
1 3
1 2
3 327
2 54
2 2
2 6
2 12
7 327
5 327
2 304
5 1703
1 6
2 5
1 58
2 2
2 18
156 32586
4 2074
81 24319
6 93
13 1610
32 2552
8 1857
4 14
6 93
2 2074
16 3179
1 29
3 72
8 1449
5 1360
3 288
1 3
2 304
3 15
1 74
75 17841
1 3
1 855
2 3
22 4711
2 9
11 150
17 95
6 13271
1 16
2 3
2 595
7 4672
11 7461
2 20
3 8
10 2878
1 3
18 11913
19 3452
1 58
4 10
1 3
2 4
81 36897
2 3
2 3
2 9690
3 25
32 2552
8 4787
1 297
2 2
46 9876
4 5
9 2819
25 6029
2 18
5 327
8 8
1 3
1 29
1 5
2 3
23 691
18 202371
2 588
1 297
18 1760
2 3
2 304
5 327
401 32098
16 2829
2 80
4 2244
1 10
5 11
2 6
1 5
1 6
3 581
5 7
1 6
3 868
1 3
3 868
3 30
8 167
2 3
19 20727
10 1168
6 2246
1 2
12 1769
3 304
2 588
5 32
2 4
2 6
267 58670
2 2074
2 288
2 15
1 5
1 588
4 5
1 34
5 885
3 288
3 312
1 3
2 2
10 34
4 2244
2 588
2 12
2 7
66 4528
5 156
2 2
2 15
1 891
9 12677
1 3
4 118
17 8727
1 2
1 3
148 11191
1 59
2 14
4 5
9 56
164 80629
3 31
5 12
32 82939
5 581
21 335
2 949
1 3
6 93
1 2
1 3
2 2
2 3
57 834401
1 7
2 1999
107 2522
4 8
16 3719
3 10
2 5
2 58
1 2
74 24303
32 2552
1 288
1 5
3 31
8 167
12 12937
2 2
1 2
4 96
45 834401
3 1999
2 3
2 10
2 2
1 25
3 288
2 3
13 1769
2 4
2 588
4 11924
10 2878
38 14434
8 9797
1 5
1 5
16 1894
3 3
2 3
4 8
16 2829
3 868
75 13394
20 2552
1 304
1 14
6 493
57 834401
4 941
2 3
3 3
1 588
4 2244
6 473
1 8
2 22
5 31
82 16391
3 885
2 12
1 588
1 12
21 2251
5 13
11 28
4 2074
1 297
2 2
9 2819
3 3
4 3056
3 5
2 2
9 12677
2 3
3 58
1 2
2 67
1 5
1 288
39 259
1 3
1 7
10 12678
61 9605
2 304
4 304
3 9
1 286
2 288
6 32
2 6773
3 581
3 603
1 3
21 2251
2 9690
8 327
9 56
2 22
12 5092
1 6
8 1857
2 2
3 3
2 3
2 5
1 64
1 3
626 102042
3 8
4 1999
4 6841
2 304
4 3488
1 76
2 3
140 11062
4 327
27 9911
1 5
2 2
3 17
8 167
3 144
10 1039
3 290
12 1306
4 32
55 836139
2 2
1 2
2 304
2 581
5 301
2 3
6 2829
1 76
2 1768
1 5
1 14
1 297
4 32
3 3
10 12677
5 588
27 6201
6 93
5 2080
3 12
201 54365
24 19415
6 8
3 7
17 95
2 2
5 7
158 20874
24 17654
2 68
8 9797
2 8
2 580
1 9
9 1360
2 3416
6 8
10 73
11 8876
2 3
1 24
2 288
1 6
13 12678
3 9
2 2
1 58
1 14
8 126988
33 55333
16 6795
1 588
5 588
6 473
2 596
5 2686
2 5
2 354
2 288
83 39050
3 3
4 304
2 18
2 289
9 1360
45 12676
55 836139
32 9911
2 2
1 2
10 144
1 15
1 21
2 3
1 2
48 9605
6 473
1 588
1 2
2 17
1 855
5 71
17 8727
3 4
2 15
5 31
2 9
5 31
1 72
3 588
4 5
1 5
23 2819
18 217168
1 3
1 2
16 6795
5 581
2 30
8 7461
5 64
267 58670
16 1894
1 64
153 20704
8 2257
8 598
4 10
15 19
2 5
8 608
8 1449
4 256
3 10
57 18428
2 89
1 11
4 11
45 834401
5 1180
1 297
23 20727
27 2251
1 4
5 15
3 3
19 2930
13 39
8 1769
6 2662
4 304
4 5
7 1610
2 12
1 3
2 89
5 31
6 493
2 5
2 3
4 2244
10 144
11 26
1 15
5 31
5 7
5 3488
1 3
9 1547
6 90
1 9
1 297
10 6773
3 3
3 7
6 13273
2 8
1 288
10 2878
2 10
2 2
32 9911
3 304
36 1282
11 9789
12 39
3 3
2 2
2 5
1 3
2 2
1 20
2 296
2 3
6 3730
4 32
1 4
6 93
2 2
1 5
8 1449
1 6
1 5
55 3533
3 885
101 162156
2 2
1 327
2 2
2 30
3 10
2 3
1 29
3 3
2 3
1 9
13 162
2 12
5 31
26 4507
1 304
1 3
20 323
1 301
3 10
1 2
6 13291
4 2244
3 3
10 1039
1 588
6 2662
7 5168
8 2257
9 7952
23 5113
1 18
228 241056
156 32586
1 3
6 126988
5 8179
1 3
2 9690
8 1449
2 18
4 304
13 162
27 6201
25 4497
2 304
12 5904
2 290
17 17436
2 3
2 15
2 3
3 868
2 12
6 588
131 10474
1 64
3 30
19 10999
7 387
42 3529
1 6
56 7902
6 13263
3 1537
1 2
20 3220
4 8
1 7
2 60
2 2
12 5904
28 1853
16 2829
2 304
5 9
1 2762
1 5
3 30
3 55
1 6
2 1709
3 7
1 304
2 67
7 7952
2 588
1 3
2 18
2 288
2 20
2 3
1 588
1 2
2 18
3 6
1 29
10 73
23 2819
3 15
1 4
2 2
19 3452
4 13
4 33
1 3
6 7
1 8
56 146373
9 2819
1 14
3 2584
8 8
148 11191
3 4708
2 3
2 3
4 360
2 14
7 9797
27 3452
4 327
2 595
1 2
2 2
3 22
6 59
4 5
2 8
55 3533
11 135565
12 1769
2 304
11 135565
1 2
1 2074
6 93
2 3
5 31
4 4708
98 37169
4 12
10 1168
1 3
4 19
6 7898
2 3
2 24
2 2
2 15
45 834401
79 79
29 8861
2 14
2 3
10 144
2 3
3 4
4 170
1 2
2 596
1 6
21 922
2 3
2 2
2 588
16 3179
3 10
13 17
5 6752
2 7
3 72
11 150
2 2
2 18
4 14
4 8
3 1537
3 52
45 261
2 2
1 3
2 596
5 22
1 11
5 156
1 3
2 4
12 1520
1 3
16 1894
1 3
6 6
1 588
5 1703
1 3
87 18507
55 3533
12 39
2 7042
3 6
8 1857
5 19
12 12937
2 1999
2 288
2 304
1 312
7 4410
7 329
1 76
4 1537
2 3
2 89
3 5
2 2
9 1769
10 6773
5 11
4 32
2 304
1 3
5 13
24 2254
13 1610
6 473
2 588
2 12
2 596
1 2
7 9
1 312
2 3
1 5
2 18
4 10
9 5456
6 93
1 29
8 929
5 31
1 11
2 588
5 2080
1 33
7 13618
4 31
2 3
4 32
5 320
6 32
6 327
5 31
4 312
11 8876
2 3
5 1766
3 581
4 10
29 35971
1 3
13 14435
8 1857
20 4497
4 304
3 304
1 2
7 35
2 54
1 269
19 3452
1 72
5 31
5 23
1 29
5 156
2 5
7 4787
2 3
27 2251
1 2
1 3
2 588
1 588
2 581
19 3452
1 2074
6 13291
2 1170
27 9911
2 588
4 6
6 10849
1 312
156 32586
1 64
1 6
699 407607
6 12
1 3
5 8179
1 5
3 295
1 3
13 1520
1 72
6 4789
1 6
267 58680
1 14
6 33
2 3
5 13
10 2878
5 31
9 97
1 855
5 13
3 10
3 597
2 1999
3 3
1 301
1 3
2 289
9 323
5 588
6 13273
2 6752
11 26
96 156890
2 6773
2 3
5 13
2 4
19 3452
2 3
6 868
1 29
13 162
5 327
2 4
1 64
7 13618
44 5519
3 1537
3 55
3 6
16 71
1 33
3 3
2 312
3 52
3 10
2 596
3 289
1 6
10 339
7 1830
16 3198
1 2
15 700
44 3529
3 58
6 13261
2 304
2 3
3 3
3 315
3 18
3 3
4 31
2 3
2 9
2 8
6 7898
2 89
2 67
8 7456
4 1999
2 2
26 10517
6 4788
107 2522
2 354
7 378
35 3325
17 13618
16 2829
12 7461
267 58680
73 18094
2 2
6 1608
2 24
1 40
6 2662
10 2878
3 3
3 73
1 6
2 588
2 23
40 260
11 150
4 31
2 10
4 2142
1 288
3 10
2 2
8 7456
11 162
2 80
2 12
2 3
12 6029
2 3
18 334
2 326
2 297
7 34
2 3
3 312
17 63
1 5
1 15
1 3
1 3
1 4
633 405408
33 55333
8 36
2 297
2 2
2 2
2 20
6 5168
2 2
9 1293
2 13
1 2
65 12234
2 6773
1 5
8 2362
2 290
2 938
1 2
1 29
2 590
2 2
4 360
1 6
1 3
1 3
7 329
1 21
2 1709
7 1610
1 2762
7 4672
2 3
3 1610
5 1703
1 5
201 54365
2 290
4 2244
5 154
4 51
1 3
3 312
1 39
1 4
6 327
55 3533
1 5
38 14434
6 13262
1 3
4 3994
1 288
3 3
1 7
6 13261
2 9
1 855
35 1029
3 8
1 44
1 297
2 15
2 18
4 32978
3 9
2 2
2 354
2 13
2 6773
9 12677
3 304
2 6
5 941
24 17654
4 1293
4 11
2 289
1 9
29 9876
2 10
4 297
2 2
2 2
1 2
1 30
2 6
8 55
33 6312
1 1293
3 19
2 18
2 2
1 297
2 3
1 9
2 3
1 3
5 301
5 31
8 145
2 1999
5 2029
1 588
1 3
1 3
2 89
2 2
1 2074
7 70
2 22
1 2762
2 2
13 179
1 5
8 71
8 55
1 297
6 473
2 4
27 2251
27 2251
1 7
3 7
12 673
1 6
2 10
27 4506
6 4788
3 21
315 76567
5 32
59 629071
7 903
2 23
2 15
2 3
1 6
1 9
6 1360
4 11
2 12
11 28
1 3
2 89
10 1039
5 360
3 3
2 289
6 32
2 33
1 8
1 6
3 10
7 929
3 2231
1 5
1 2
2 3
2 289
1 2074
10 3452
12 95
20 6795
3 52
6 10869
3 3
2 288
2 2
22 4711
1 304
2 3
3 596
5 2552
1 6
1 5
4 304
1 3
2 4
2 14
4 8
2 10
1 3
2 2
131 10474
2 15
1 3
5 114
2 2
150 39833
3 7
39 1853
4 304
1 13
5 156
5 23
42 3529
1 29
2 15
1 3
2 10
3 52
1 3
2 22
4 312
2 2
75 17841
1 304
3 588
1 3
7 34
17 323
1 3
5 301
3 144
53 33033
2 2
3 354
1 301
5 32
22 20727
2 1768
3 3
148 11191
3 354
2 3
2 3
4 8
20 1299
2 24
1 21
1 3
8 4787
7 134
3 4
5 22
36 1853
6 13271
5 183
1 3
1 588
6 6
2 2
1 588
10 3675
2 2
2 22
1 3
2 3
2 3
1 855
11 162
1 6
2 6
1 269
2 2
2 34
9 66
1 588
1 855
4 297
2 289
8 167
2 89
3 10
16 2829
8 1857
18 8727
7 144
2 14
3 31
2 10
3 868
2 1528
9 1769
9 6143
1 5
169 54360
2 286
36 747
3 14
2 89
2 60548
3 31
45 834401
2 3
40 12676
17 95
2 9
5 7
7 13618
16 2829
35 633
3 7
17 8727
4 20
8 9797
1 76
4 13
16 3719
2 289
7 2878
2 4
17 95
81 36897
39 12676
1 3
267 58680
3 1999
8 3075
8 17
4 15
2 2
2 3
15 673
71 5158
6 13283
1 5
2 6
5 6
61 9605
4 31
5 31
3 290
5 8179
8 28
24 2254
5 1604
8 2552
1 6
1 2
1 27
1 15
5 15
11 398
2 588
4 2244
5 35
1 3
1 29
56 7902
6 4788
1 3
3 4
15 249
1 288
2 304
7 329
3 11
4 1602
7 1610
7 4962
5 56
11 162
1 289
2 2
6 868
2 30
8 9797
4 297
12 89
1 7
5 10376
3 3
1 6
7 93
6 473
2 288
2 3
2 3
1 297
2 288
14 90
4 11
6 93
5 36
7 378
101 162156
2 89
2 2
1 7
8 3431
148 25713
1 588
5 8179
2 44
1 949
3 5
2 3
5 3488
16 3198
2 3
1 588
9 89
2 3
3 8
2 3
9 121979
267 58680
7 327
2 1768
6 13291
1 1999
28 56855
57 834401
148 11191
24 19393
6 473
5 6752
7 329
7 3500
11 28
6 93
22 20727
131 10474
1 11
2 24
8 4698
2 2
8 31
1 6
5 32
2 89
1 64
1 29
5 22
2 9
2 5
4 941
7 34
6 13273
2 304
20 6795
2 2762
2 304
18 8727
1 3
2 6
12 5904
11 135565
5 588
2 22
4 6
2 296
5 31
6 493
2 1768
1 4
12 1769
4 27
71 17878
6 603
4 51
6 13271
7 378
1 588
6 93
3 22
1 3
1 21
2 2
2 2
1 4
1 26
3 8
2 304
6 93
5 2552
1 287
71 17878
4 11
2 22
12 12937
3 31
6 478
3 304
3 30
2 10
13 40
1 3
1 588
1 297
6 14066
1 3
7 929
2 23
1 35
11 639
2 2
5 2080
201 54365
1 297
2 2
23 2819
7 52
5 71
1 6
2 289
16 1894
1 588
5 31
6 473
16 18320
2 6
41 3529
3 112
1 588
2 3
26 1853
2 2065
2 3
1 2
1 1999
2 14
2 17
2 89
3 3
2 89
4 19
13 1610
131 10474
2 2
1 588
2 2
1 5
56 15542
11 1610
5 195
7 2878
12 12937
26 4507
2 5
2 4
3 3
4 6841
1 35
1 588
6 10849
3 7
7 6841
45 6134
17 13689
1 5
3 12
2 20
5 31
6 13273
1 3
2 2
74 13386
9 636
1 64
4 10
1 12
33 6312
1 2
1 3
267 58670
23 2819
2 289
12 12937
2 5
6 327
2 2
3 9
5 301
9 56
6 12
5 23
13 14218
3 3
2 10
2 289
3 4708
8 7461
2 289
2 5
2 290
1 14
2 326
3 3
5 581
5 31
1 12
44 3529
1 6
1 5
1 2
1 29
44 260
7 466
2 2
6 2030
1 2
1 64
4 10
6 473
3 9
2 1769
2 588
6 10869
3 3
7 8634
3 29
4 941
1 3
1 2
3 89
3 4
4 2244
3 290
10 1039
3 315
5 31
10 2878
4 31
5 31
1 588
2 3
2 23
2 14
1 7
2 18
27 9911
1 5
6 13293
2 2
1 9
13 14218
1 7
1 3
3 6
3 7
2 296
2 588
2 18
4 3488
2 2
23 19967
2 312
5 7
3 14
1 15
4 2244
1 588
3 35
2 67
3 31
29 13618
1 15
2 2
10 1176
152 20146
13 105
89 4546
8 1857
2 595
2 2762
2 28
2 2
1 588
2 12
1 588
7 35
3 8
56 146373
1 7
2 3
2 2
1 22
6 6
5 301
2 3
20 6795
4 11
8 9797
3 354
6 32
7 93
1 301
3 290
14 2819
1 588
4 2244
3 7
12 39
2 3
15 1760
3 15
2 8
1 3
3 31
1 2
9 12677
6 10869
1 949
3 297
4 3994
1 71
10 144
2 3
2 3
8 608
42 3529
6 327
3 354
1 2
2 304
2 275
2 2
1 29
26 4507
1 33
2 1528
8 120451
7 329
2 2
2 2
1 588
24 19393
33 630
4 10
2 2762
4 54
6 581
2 3
1 12
6 473
5 1742
2 11
2 1999
3 2077
3 10
45 834401
8 1857
1 949
1 588
3 19
3 31
1 91
5 31
6 93
21 2251
1 2
15 4006
15 249
2 288
7 1172
1 588
3 10
4 21
1 326
4 12
8 36
8 2755
73 18094
2 180
2 2
2 2
1 301
1 3
1 3
22 4711
3 3
16 6795
17 95
5 312
13 38
2 2
1 2
56 146373
25 4497
49 20580
2 2
57 834401
45 261
2 10
2 3
3 4
3 288
3 581
1 11
1 20
1 3
5 19
2 5
6 7
2 588
4 54
133 51956
2 2
2 9690
2 3
2 22
1 588
35 3325
4 354
25 6029
1 7
13 162
5 8177
8 71
1 12
1 64
1 68
2 3
27 2251
4 277
1 9
1 33
2 596
2 22
2 2
1 855
2 22
10 12678
5 2526
2 2
5 1703
4 10
1 3
61 9605
2 2065
4 21
6 13281
24 2254
24 19393
5 941
1 12
5 31
2 30
20 12580
2 10
2 2
3 3
2 288
1 1656
1 2
2 3416
10 1839
2 89
8 1449
2 3
29 8861
5 1604
23 633
2 2
3 30
5 327
1 64
1 297
5 1604
5 1039
3 2074
6 8
1 588
2 3
2 2
1 9
9 144
8 1449
7 378
1 6
1 29
1 3
8 2237
5 8177
3 304
5 941
2 3
1 885
3 581
21 2251
31 2858
4 8
16 26
5 581
3 327
1 297
7 93
2 326
59 629071
1 64
4 28
6 8
3 6
1 7
1 3
148 25713
1 885
4 8
1 3
2 89
2 44
5 1703
169 54360
4 82
3 5613
1 11
1 2
201 54365
1 33
1 3
57 18428
5 1769
1 588
1 5
6 93
4 304
3 581
6 6
2 30
6 90
1 3
19 3452
7 52
1 2
3 312
3 15
19 10999
8 1029
7 13
3 10
83 16399
1 3
2 588
4 304
3 10
2 15
2 3
61 122329
1 588
43 3451
6 588
2 3
10 2878
12 2720
1 29
17 95
3 11
2 22
2 7
2 213
20 4497
37 17120
3 52
2 1006
4 41
4 949
8 3075
39 12676
1 297
4 304
6 4591
142 51208
8 608
3 354
4 949
17 95
1 15
1 3
18 217168
2 289
1 588
12 12677
1 9
77 16399
2 3
2 1768
131 10474
2 2
5 23
1 588
8 1449
7 378
4 2244
4 297
6 588
1 15
1 3
6 473
57 18428
17 8727
1 64
20 1299
2 6
25 6029
107 2522
1 588
4 304
3 144
3 354
1 5
17 95
3 65
1 588
21 2251
2 58
6 10849
2 9
3 588
2 2
103 47853
4 32
45 3533
3 14
13 14218
1 6
8 3431
2 3
2 2074
7 9
4 46
7 54
1 588
3 3
2 3
1 588
2 2
2 5
14 1839
61 9605
2 2
4 6841
3 144
2 304
1 588
2 12
2 2
4 14
56 7902
2 12
7 183
28 36841
4 4708
6 327
1 294
28 3482
1 6
2 290
2 2080
9 6143
12 2720
2 10
2 288
1 2
5 12
2 22
18 7185
1 2
3 581
17 6868
2 34
2 3
1 11
7 929
2 8
2 2
3 883
2 9
2 1769
2 10
1 2
6 581
2 2
1 5
11 12937
3 31
7 378
3 5
1 4
1 22
4 91
6 90
2 15
1 269
3 2074
20 323
17 8727
1 3
5 301
6 327
17 8727
2 2
2 3
4 2074
1 287
2 1094
12 13323
1 2
5 6
9 66
1 8
1 296
41 3529
2 15
1 5
1 2
2 2
2 2
2 5
2 4
4 2576
9 121979
3 6
2 6
4 8
3 15
1 588
7 835
1 3
12 12937
9 2819
1 2
103 29421
5 32
5 31
2 2
8 17
1 2
6 493
5 11
3 304
1 3
5 56
3 4708
5 6752
3 52
2 288
1 5
267 58670
1 297
8 1449
598 21249
23 19967
1 3
3 4
57 834401
29 9876
18 334
19 3452
36 2552
6 2662
6 4788
1 4
1 3
5 2080
4 11
6 473
29 8861
1 5
3 300
8 36
3 3
10 1039
1 3
2 2
3 15
5 327
20 6795
1 588
3 3
1 588
1 3
1 288
1 3
1 288
2 588
2 2
5 1039
22 20727
3 10
3 4708
62 11913
6 327
3 1769
2 288
1 3
2 588
2 3
1 2
1 3
1203 334095
79 79
4 51
267 58680
92 29421
1 588
3 3
3 3
171 54365
8 2362
6 4789
22 20727
2 304
2 18
4 297
2 3
8 1449
2 6
1 5
1 15
2 23
2 12
27 2251
4 941
11 26
1 297
3 5
1 21
13 39
2 3
2 2
1 3
3 55
2 2
1 12
3 7
2 10
13 14218
1 855
2 15
1 2
2 287
1 21
71 5158
6 34
3 3
2 10
3 288
3 21
41 1106
3 3
2 4
2 3
1 6
1 3
31 2858
29 13618
1 297
5 36
2 2762
5 17
1 3
1 3
1 7
4 3994
7 35
6 93
28 36841
5 2080
2 2
2 9
6 13281
2 3
2 297
1 588
2 9
1 14
8 36
2 6773
2 294
2 9
2 22
1203 334095
4 597
2 2
4 8
2 3
2 290
1 74
2 15
1 588
2 34
3 10
19 3452
27 2251
2 3
10 1839
6 10849
2 11
28 36841
1 2
21 2819
24 40
1 9690
27 9911
10 3675
5 8179
3 174
10 1839
3 304
2 4
4 5
1 112
2 14
1 29
3 6
38 14434
29 647
2 20
2 3
1 3
27 2251
3 8
6 473
1 2
7 1610
4 10
1 2
11 26
2 3416
3 66
43 3451
1 949
3 941
4 5
2 12
3 5
2 312
5 360
5 31
1 3
1 5
1 3
2 2
15 4006
1203 334095
13 413
22 4711
9 89
1 3
43 3054
4 32
5 303
4 51
4 134
2 1172
3 6
13 1610
270 48223
6 249
13 14218
2 2
2 24
10 1839
154 20874
6 10849
3 10
7 329
3 3
9 1547
22 37169
6 327
22 20727
1 3
6 93
148 25713
3 1537
23 691
6 4788
2 3
10 1449
27 6201
1 1999
1 6
2 178
4 31
12 6029
5 56
1 3
1 2
10 3675
1 5
14 18
2 10
2 3
25 9343
13 9789
5 24
4 3500
2 2
2 67
8 2257
2 588
7 3669
315 76567
8 9797
6 93
8 1460
169 54360
2 23
13 1610
6 3147
13 413
11 162
6 93
11 162
3 10
2 89
1 588
2 89
4 118
33 630
4 32
2 3
83 39050
6 3416
8 1449
5 31
106 11062
2 5
6 3416
1 112
9 1360
73 18094
1 10
1 3
32 2552
6 13271
2 12
1 5
6 6
1 5
42 3529
2 2
2 28
9 1360
75 17841
2 2
7 3074
3 312
1 29
10 1839
3 6
2 1537
2 2
267 58670
2 2
158 20874
3 72
2 9
2 65
5 581
10 73
3 35
1 13
8 9797
2 5
4 5
3 15
12 2720
2 2
1 3
1 8
5 12
2 3
2 588
18 205719
1 5
1 2
3 14
3 73
5 9
4 14
2 6773
6 868
2 14
5 31
2 8
17 6868
4 32
5 1610
3 1537
3 8
11 1975
2 2
13 1610
2 2
7 34
6 327
8 4787
1 18
57 18428
1 35
53 33033
7 93
4 3994
1 5
1 287
10 1168
31 82
10 1839
2 2
1 2
1 5
28 82939
1 3
61 9605
10 1168
2 18
1 588
4 6
11 639
4 32
5 12
3 7
1 3
4 59
10 2878
24 19393
3 12
2 1999
82 16391
6 2662
5 59
2 5
5 588
2 288
2 9
6 12
2 9690
11 1221
6 327
3 3
1 64
13 14435
5 45
10 12678
4 14
5 24
16 73
2 3
5 31
8 2237
2 304
1 588
148 11191
9 1769
1 3
1 286
2 18
1 9
3 33
138 44569
6 4782
8 36
2 4
39 12676
1 2
2 5
1 297
29 35971
1 33
16 3198
13 1610
4 1293
1 15
4 1537
2 5
1 5
153 29134
1 588
5 114
3 312
8 1857
2 2
7 13
6 10849
1 2074
7 4787
2 5
3 7
6 3416
29 647
598 21249
37 2858
1 5
2 6773
3 10
1 312
13 12678
1 5
2 2
2 294
24 2254
86 39833
7 183
1 6
113 162156
3 301
2 3
140 11062
13 105
3 315
1 297
2 2
3 327
2 4
3 6
3 6
7 327
9 89
9 1360
10 2878
1 885
10 12678
1 21
5 941
10 144
1 288
103 29421
1 5
3 10
2 588
3 1537
3 7
71 5158
1 3
20 6795
1 3
2 10
6 93547
2 595
1 7
1 288
4 2244
5 12
1 3
7 1610
2 24
5 22
4 5
7 3500
13 39
2 1768
275 65381
2 588
2 80
1 5
8 7456
4 4
2 290
3 3
4 3488
2 9
1 76
2 15
3 941
2 2
2 12
2 5
10 144
2 3
2 3
12 89
6 32
2 34
4 13
7 4787
2 18
2 22
1 3
2 6
17 13618
41 3529
6 473
5 1703
2 297
27 9911
1 21
2 2
1 2
2 312
4 597
4 1537
8 1449
6 13273
6 3416
2 9
2 18
2 5
2 300
1 588
3 102
1 3
5 23
2 2
2 597
2 2
2 1528
1 6
3 3
3 52
1 14
1 59
8 608
3 144
2 3
1 3
35 633
2 8
1 5
7 93
39 12676
7 34
140 11062
6 493
2 288
1 3
1 297
9 2819
3 3
3 1769
2 14
4 5
2 2
32 10998
8 1857
82 17878
2 5
2 588
5 13
9 2819
5 23
1 286
1 15
6 327
5 56
3 1610
2 3
2 2
2 3
2 5
1 6
1 10
1 12
1 6
2 2
2 588
2 2762
4 7
1 14
17 17436
32 2552
2 3
20 2819
2 588
32 2552
2 1805
5 885
2 288
3 303
6 2829
9 12677
2 18
7 4458
2 294
1 5
2 296
169 54360
2 304
1 6
7 13618
42 3529
2 4
6 3416
6 13293
2 2872
7 4787
2 11
1 288
1 2
2 304
49 4103
16 3198
1 588
1 3
1 6
1 288
42 3529
3 301
4 2074
25 2819
2 54
2 309
2 2762
1 6
7 9
3 12
2 304
1 588
1 2
45 834401
6 13273
6 6
4 3994
2 1172
4 3994
18 1760
2 12
4 7
2 2081
26 10517
6 10
9 636
2 588
2 3
9 144
2 288
27 6201
1 5
2 2
8 3075
7 4830
8 3431
1 12
19 3452
5 301
1 2
2 89
1 6
3 72
3 3
1203 334095
57 18428
2 290
1 3
8 2237
2 24
25 1282
1 6
3 303
3 3
16 3719
9 1360
3 9
2 288
2 9
10 14797
2 12
5 8
2 588
8 327
2 5
1 5
13 14218
2 15
1 3
1 269
22 37169
2 2
3 72
29 9857
67 707413
56 7902
4 11924
57 834401
2 8
2 3
6 93
5 32
3 304
2 4
8 36
107 2522
1 949
3 10
1 15
6 29
33 6312
3 8
28 36841
3 14
1 2
1 301
3 2584
5 36
11 14813
7 929
4 8
3 300
10 1839
3 581
1 2
45 3000
4 304
1 3
1 7
9 6143
2 12
1 58
16 73
5 588
3 15
504 328841
2 67
7 34
15 673
4 1537
1 303
21 2251
3 31
3 312
1 3
3 10
2 354
6 8
36 12676
1 35
3 5
1 312
2 2065
6 19
1 297
2 24
23 730
6 13283
13 12678
54 4711
12 39
3 3
1 29
45 6134
6 327
156 32586
22 1515
9 1360
2 288
2 2
2 1999
2 3
2 885
8 7456
32 2552
1 297
1 949
1203 334095
196 21721
12 8879
4 595
5 31
2 2
33 630
2 2
1 3
33 6312
2 289
1 6
2 297
22 20727
43 3451
2 3
1 2
1 29
1 5
6 473
1 269
8 2237
2 3
1 288
8 3075
9 1764
9 121979
7 52
2 15
3 320
4 11
8 327
4 4672
4 327
1 287
150 39833
6 327
5 11
41 3529
33 6312
2 2
2 1528
8 17
3 6
1 2
3 15
10 73
2 2
2 17
2 285
3 16
5 156
4 3488
9 6143
2 8
2 5
2 289
3 290
5 1039
8 9797
3 5
1 2
1 297
111 33902
10 1039
1 3
2 2
2 89
2 17
3 581
1 6
13 14218
43 3451
2 941
2 1805
315 76567
2 22
2 3
2 303
3 4
1 2
12 1306
6 473
27 2251
9 1360
1 2
1 6
1 2
5 588
38 20580
1 2
107 24939
1 1767
3 304
6 493
34 29625
3 1293
8 53
6 327
1 39
5 588
28 82939
56 146373
4 1537
2 2
100 44569
1 64
2 9
1 3
2 1769
1 3
6 318
2 588
2 10
13 39
25 3325
1 297
1 287
26 4507
1 2
2 304
1 10
1 2
1 2
1 588
1 2
4 304
38 14434
2 1999
6 13281
2 18
1 3
1 72
1 2
1 5
2 23
9 6143
6 93
6 12
1 2
10 1039
5 46
3 3
3 2230
2 10
2 3
6 312
7 34
6 2662
1 5
2 288
2 2
2 24
1 5
1 15
57 834401
56 146373
12 12937
3 8
2 5
2 14
2 15
5 31
3 40
11 9789
2 580
19 14812
19 10999
2 2
1 6
10 34
12 2720
1 11
1 12
1 949
25 6029
5 301
1 286
4 1537
2 2
86 39833
13 105
1 286
4 304
2 15
1 5
2 3
2 3
1 79
1 2
1 5
45 834401
5 32
4 1537
16 2829
32 2552
24 17654
1 3
2 297
106 11062
5 301
2 288
2 2
2 4
2 588
4 82
3 3
1 2
2 2
3 3
2 4
12 204
1 588
26 10517
2 3
1 7
1 6
12 204
18 205719
4 10
2 289
31 9902
3 10
2 61
5 36
15 4006
2 4
6 4788
2 3
3 6
2 2
6 10849
6 90
1 3
2 3
3 10
1 12
5 3569
11 26
3 31
2 9
8 31
3 3
3 11
2 20
56 28806
10 1039
1 288
4 32
3 6
2 23
2 3
4 82
2 23
38 14434
5 31
2 3
3 868
1 297
101 162156
6 10849
8 30
3 2077
7 378
2 5
169 362065
16 3196
6 93547
2 15
8 36
2 288
2 15
21 2251
1 59
1 80
7 93
26 10517
6 93547
13 1610
2 89
1 29
2 2
2 8
25 4497
10 134012
2 2
1 5
7 473
2 12
10 12677
1 5
5 23
6 13293
10 73
2 12
25 1282
11 162
3 40
1 2
1 3
3 7
2 20
26 4507
5 15
13 14218
2 3
4 1999
1 588
2 5
8 2237
2 2
13 9789
1 72
3 297
1 22
4 11
3 941
1 5
6 327
10 1449
2 588
201 54365
1 3
1 3
12 1769
107 2517
2 8
4 32
3 6
1 2
8 30
4 949
2 5
1 588
7 329
31 19393
32 2552
8 36
1 3
3 4
7 4962
3 1537
3 8
26 10517
1 296
6 93
1 15
1 6
4 52
2 22
3 31
23 323
7 929
15 4006
21 2819
23 2819
100 44569
1 2
7 327
3 14
2 2
48 9605
1 588
2 3
2 597
4 304
1 2
1 2
2 1999
1 2
2 2074
3 3
8 31
10 2878
2 22
1 33
1 59
1 15
8 327
5 581
2 161
1 5
2 6
1 2
22 20727
5 1293
2 44
5 327
1 9
3 290
2 2
16 21516
6 32
2 3
3 3
72 17245
1 5
2 949
11 34
2 354
15 11913
1 5
10 73
3 3
32 82939
4 11
3 288
1 35
1 588
1 29
9 121979
22 20727
1 15
5 45
1 22
1 297
1 72
2 11
7 34
156 32586
1 27
16 6795
2 275
5 13
9 1547
2 3
18 202371
2 10
3 320
17 8727
3 11
5 31
3 581
65 59187
25 4497
2 3
17 95
3 3
4 304
1 15
10 1839
7 2720
1 3
44 3529
1 3
1 6
3 290
2 4
11 27
3 288
1 288
7 52
6 10849
3 6
1 29
1 12
2 13
5 581
1 3
2 2
103 47853
13 90
3 5
4 8
2 2
1 7
13 1610
1 949
1 3
9 1769
1 29
4 32
101 162156
27 9911
2 323
17 13618
11 135565
1 5
1 3
14 16
9 12677
17 95
1 288
169 43060
2 304
5 32
32 5863
1 40
3 6
5 581
29 2251
1 588
52 16332
2 2
1 3
8 608
3 10
3 3
1 269
5 1769
1 5
1 5
4 5
39 259
4 45
6 10849
23 691
11 7461
6 1537
2 2
22 37169
1 3
10 144
3 66
31 82
3 312
3 10
3 6
2 15
7 167
2 2
1 3
1 15
2 588
24 2254
1 3
6 79
1 5
9 1360
1 64
1 5
4 595
2 309
1 6
8 3075
1 588
9 2244
3 14
3 4
11 162
4 3500
4 11
1 15
1 6
2 18
2 3
10 1839
1 288
8 1449
2 10
2 22
12 6143
1 24
2 3
3 949
1 3
1 21
2 15
10 2237
71 17878
3 288
1 2
2 2
2 588
3 8
1 2
8 8
2 9
2 3
103 47853
2 6773
2 17
3 1537
1 2762
3 15
8 126988
3 10
1 3
4 28
1 14
2 9
2 6
2 4
6 3442
2 289
17 95
5 71
8 36
2 89
6 4304
1 3
89 4546
1 949
5 32
13 14218
1 3
2 22
38 14434
1 3
4 2074
1 3
6 4782
4 327
39 259
61 9605
7 34
1 7
5 360
3 297
201 54365
26 3452
1 2
3 2584
3 3
1 12
1 3
101 162156
25 6029
20 6795
2 288
2 2
2 22
1 15
4 54
2 67
6 473
2 15
2 588
3 15
6 6
2 2
5 13
25 1282
10 1039
7 3452
9 89
4 10
31 2858
3 304
6 32
2 304
1 3
1 6
2 3
55 4711
6 13261
3 31
13 14218
7 13
1 26
1 14
17 6868
1 5
23 3484
1 2
1 39
10 1039
9 97
2 10
3 1769
4 82
2 34
2 36
7 35
6 4788
2 304
1 3
4 383
