6 22
3 288
14 36
3 14
8 8
5 10
148 3451
27 13261
3 304
2 2
16 82
13 312
4 2065
5 10
2 2
6 19
19 91
3 3
5 8
14 327
28 3075
348 3675
2 3
4 4
3 3
5 8
21 2526
13 588
1 48
11 23
2 64
4 289
186 5340
8 297
4 6
3 3
13 28
1 2
3 3
1 5
27 473
2 2
65 6795
6 22
2 3
29 1360
91 12937
6 14
9 2074
5 10
24 33311
110 14813
2 2
2 2
16 29
11 835
5 10
41 9797
3 3
324 3529
5 304
10 300
3 15
10 34
11 32
5 15
2 2
28 249
3 6
5 5
65 6795
4 89
3704 106497
3 3
2 2
6 588
4 52
48 398
4 7
200 17841
27 10849
8 360
55 4962
16 82
53 3488
141 1567
5 15
16 23
4 52
3 3
29 5456
2 2
4 52
2 2
8 10
25 941
24 4708
8 11
3 9
13 28
3 3
11 12
5 5
2 4
6 19
5 8
302 2819
3 3
27 473
4 55
2 2
22 93
1757 834401
649 4711
495 5158
4 588
2 2
1 15
1 269
3 3
4 11
4 877
1 5
3 3
8 15
16 29
1059 11062
3 3
3 304
10 588
37 9789
4 297
2 9
290 9911
8 12
2 2
9 2078
3 15
2 2
85 3452
16 16
30 2878
5 15
1 2
7 10
3 89
4 4
4 6
4 288
4 10
8 315
10 588
3 3
946 11913
2 4
8 8
7 11
4 588
11 329
27 493
4 11
6 41
7 17
15 312
201 14434
27 473
5 2077
5 10
3 3
3 5
54 8727
2 9
584 146373
4 4
78 3220
4 26
85 3452
5 1742
6 2074
6 20
1 7
142 14435
2 2
1 5
74 3416
144 378
89 6773
16 1857
3 3
17 26
8 15
1 6
6 596
7 105
4 7
31 6143
9 31
28 1558
297 1029
1 3
11 12
83 8861
12 885
6 304
9 12
3 9
19 39
144 378
7 295
3 3
40 134012
24 478
5 15
33 634
20 334
66 2829
5 10
1 5
3 15
4 10
7 597
6 28
17 82
12 31
2 2
3 5
4 297
2 24
3 35
67 205719
6 6
695 39050
6 21
6 14
65 6795
6 22
5 8
302 2819
219 18428
2 588
27 13291
12 885
6 6
79 8879
220 56859
1 949
196 17120
35 95
2 2
6 596
8 581
503 36841
22 93
6 161
84 12580
298 2819
2 7
2 2
984 8430
5 300
2 2
51 730
201 12676
14 327
17 59
12 56
6 941
17 39
60 3087
4 89
15 312
3 18
12 2584
15 327
10 277
8 54
1 286
1 3
1 12
40 183
2 3
2 2
12 32
85 3452
8 581
22 144
27 13283
3 3
10 300
2 2
6 1768
1265 80942
3 3
12 31
3 18
2 2
2 8
15 320
3 8
2 2
232 6029
19 35
3 8
2 3
2 10
3 8
49 6841
21 9789
3 3
5 8
25 1293
3 7
307 29625
201 14434
2 2
6 588
3 27
30 700
4 288
3 3
11 329
6 2000
1 287
30 2243
27 10849
5 5
6 596
30 2243
3 3
4 304
4 4
2 9
53 2237
5 7
1543 42975
2 2
9 312
695 39050
299 2819
1 6
2 2
43 162
164 691
74 7461
6 24
15 29
694 3529
16 29
12 290
2 2
17 3056
3 9
28 1839
100 6795
53 2237
3 15
6 6
1 588
57 167
2 2
8 8
5 300
1 24
3 8
3 3
3 3
11 13
399 4528
4 9
9 8179
1 6
64 2251
31 2878
3 288
35 228
1 2
25 2762
6 58
1 3
6 40
213 19393
3 1999
8 581
27 13273
201 14434
6 588
1 855
321 1760
168 3179
8 581
5 11
67 1299
20 29
2850 62964
120 3533
2 213
3 3
225 1981
3 288
26 5168
4 22
2 3
27 473
2 1996
130 10998
3 6
11 12
16 1857
48 82
6 588
3 15
4 52
62 1547
3 3
3 33
3 18
2 588
5 12
1 5
4 7
164 691
5 8
3 5
144 378
16 1857
3 3
3 3
5 5
4 304
8 581
27 13273
1 8
24 1769
4 289
4 4
17 1449
16 1537
1 10
8 2074
145 12580
3 14
31 5613
8 14
5 6
1071 6134
3 3
3 3
1 5
2 2
6 68
8 8
9 31
3 3
3 5
2 2
49 4672
11 12
805 54365
83 8861
2 2
6 6
5 15
17 1449
28 1839
169 6029
394 28806
4 6
3 6
4 6
2 287
24 2552
4 89
2 5
6 41
3 290
28 3074
2 275
120 12677
6 58
1 2
1 5
9 10
3 9
6 3994
9 31
10803 334095
6 7
32 97
3 3
2 2
3 3
160 261
3 3
4 289
1 303
2 2
13 1769
1 12
40 3416
15 941
3 6
27 13281
522 25713
184 122758
15 93
2 859
290 9911
6 29
2 5
2 2
8 11
67 205719
2 5
1 12
1 4
2 2
15 93
3 3
4 588
6 7
6 301
33 929
11 31
3 6
33 6433
9 312
65 126988
2 2
344 19967
4 289
45 6773
2 20
4 588
196 17120
11 329
1 288
6 6
439 1853
4 72
6 17
3 3
122 3484
270 1282
1 6
2 6
5 1999
18 18
2 2
3 3
3 3
53 2237
2 2
5475 58680
10 80
22 4672
44 2878
16 29
82 6312
1 5
12 31
1 2
11 32
15 89
5 10
2 2
3 3
3 3
5 39
1910 834401
218 20580
125 3452
6 35
3 3
44 3669
6 588
8 581
5 6
13 34
4 1999
2 588
5 10
1 2
2 2
1 12
3 3
3 3
15 134
3 18
7 91
3 3
4 10
173 17654
6 68
124 6773
16 29
58 2244
8 8
9 12
28 1839
120 12677
5471 58670
64 2251
30 6143
12 31
48 82
7 35
16 51
21 4651
8 14
58 2244
5 8
5 7
17 312
12 885
8 581
68 1299
208 15474
4 4
4 8
5 15
5 6
3 3
1 883
3 3
2 52
2 3
3 5
27 493
5 5
3 8
16 90
2 303
3 6
145 12580
4 6
22 1769
1 6
6 11
217 19393
7 11
223 1976
4 2065
1 5
17 1449
3 3
2 2
2 2
3 3
29 1360
6 588
19 91
6 34
522 146373
16 51
5 15
15 327
605 162156
11 300
59 4698
16 29
6 304
84 7461
13 13
13 588
4 11
1 5
3 3
78 3220
8 8
66 2829
3 3
324 3529
137 630
43 162
1 5
22 144
5 5
3 3
2 2
15 36
232 6029
1 2
2 5
21 4708
2 5
64 2251
3 3
2 2
1910 834401
40 134012
17 3056
11 588
3 5
77 3198
36 922
9 2074
1757 834401
1 949
7 11
3 12
660 24303
5 5
4 89
7 12
98 12937
2 2
2 2
1 4
2 2
302 2819
14 327
5 15
17 1537
2 26
11 32
1 2
8 8
14 327
3 54
64 2251
4 6
6 11
6 12
14 327
3 3
14 327
5 304
11 1703
1 2
1 6
2 5
1 58
1716 32586
8 2074
4 4
671 24319
17 93
29 1610
123 2552
16 1857
6 14
17 93
2 2
11 2074
9 31
168 3179
6 29
4 72
31 1360
1 3
6 304
4 15
1 74
27 13273
3 3
1 855
2 3
488 4711
35 150
2 2
3 16
7 595
22 4672
1778 836139
74 7461
3 18
44 2878
27 473
694 11913
85 3452
1 58
9 10
1 3
3 4
724 36897
151 259
69 9690
7 25
123 2552
2 2
3 18
4 6
62 4787
4 297
1 5
550 9876
4 5
290 2819
232 6029
14 327
157 261
16 29
3 3
164 691
108 202371
14 588
3 297
321 1760
2 3
5 304
15 327
66 2829
11 80
3 3
6 11
3 6
2 5
3 3
3 6
8 581
6 7
2 6
9 868
7 30
53 167
9 31
150 20727
32 2246
2 2
17 1769
3 304
4 588
4 6
5471 58670
11 2074
3 288
3 15
3 5
6 588
5 9
4 5
1 34
15 885
4 288
15 312
1 3
29 34
10 588
9 12
2514 32098
11 32
399 4528
16 156
1 5
5 15
3 891
120 12677
10 118
54 8727
1 2
1 59
9 31
4 14
5 5
12 56
668 80629
49 730
3 3
7 12
247 82939
6 949
22 93
2 2
2 2
5 14
5 7
3 3
3 1999
34 34
5 8
6 24
61 3719
27 10869
5 5
2 2
2 2
660 24303
123 2552
2 288
57 126988
57 167
91 12937
2 2
3 15
2 2
14 96
4 1999
2 3
2 2
58 2244
3 3
75 1769
3 4
13 588
5 11924
44 2878
8 8
201 14434
41 9797
3 3
3 5
1 5
57 1894
3 3
66 2829
187 13394
68 2552
2 3
1 5
5 304
2 14
5 941
9 31
3 3
6 588
11 31
3 8
6 22
260 16391
12 885
1 588
11 32
9 2074
4 297
290 2819
3 3
17 3056
120 12677
16 3730
6 58
1 2
5 67
1 3
522 11191
136 12678
522 11191
281 9605
5 304
6 304
5 9
1 286
3 288
45 6773
8 581
14 603
13 34
69 9690
16 327
12 56
6 22
79 5092
17 39
16 1857
3 3
2 2
4 289
3 3
2 2
2 5
1 64
3 3
3829 102042
5 1999
49 6841
6 304
3 3
53 3488
27 10849
11 31
35 95
2 2
5 8
1059 11062
11 327
2 2
290 9911
27 473
3 17
2 2
2 2
35 95
53 167
18 144
48 1039
12 290
46 1306
3 15
1 2
4 20
4 304
6 301
22 2829
3 3
18 1768
1 5
4 297
2 2
3 3
136 12677
11 588
188 6201
22 93
11 32
4 289
24 2080
5 12
805 54365
3 3
317 19415
3659 329382
9 31
3 15
5 7
2 2
6 7
1753 20874
173 17654
6 68
41 9797
2 8
8 580
3 3
28 1360
40 3416
27 13271
30 73
61 8876
35 95
2 287
3 3
3 288
1 6
142 12678
5 9
1987 76567
2 2
6 6
5 58
2 14
15 93
12 31
3 3
13 34
82 55333
100 6795
1 588
11 588
2 2
6 596
2 5
3 3
4 354
2 288
695 39050
4 289
3 3
6 304
3 3
28 1360
201 12676
2 3
281 9911
2 2
2 2
3 3
2 2
22 144
3 15
2 21
2 3
2 2
261 9605
2 588
15 327
1 2
22 1168
6 17
1 855
3 3
54 8727
4 4
3 15
9 31
2 9
3 3
3 3
3 72
13 588
5 5
1 5
299 2819
11 31
3 178
108 217168
16 16
100 6795
3 3
3 30
56 7461
8 64
5471 58670
57 1894
1 64
1554 20704
9 2257
11 598
6 10
19 19
3 5
19 608
3 3
3 15
3 3
12 256
3 3
219 18428
58 2244
5 10
3 3
3 89
2 2
4 11
5 11
12 1180
4 297
171 20727
4 4
6 15
3 3
456 2930
15 36
16 1769
64 2251
10 2662
4 304
522 11191
5 5
33 1610
9 12
4 89
3 3
3 3
27 473
12 27
5 10
2 5
64 2251
11 32
22 144
5 10
17 26
3 15
3 6
6 7
55 3488
62 1547
1 9
1 9
4 297
89 6773
2 2
2 2
5 7
5 8
3 288
44 2878
2 5
281 9911
3 3
3 304
270 1282
34 9789
3 3
2 2
2 5
2 20
4 296
2 3
4 6
200 17841
4 10
64 2251
22 93
2 2
2 5
13 13
9 29
3 6
3 5
120 3533
3 885
13 327
3 30
3 3
16 29
3 3
1 9
43 162
5 12
9 31
4 304
123 323
3 301
1987 76567
1 2
3 174
4 289
3 3
48 1039
1 588
10 2662
4 289
12 32
9 2257
11 7952
114 5113
8 18
1 12
1588 241056
3 3
1716 32586
8 581
12 31
9 8179
69 9690
27 10849
4 304
43 162
3 3
15 90
2 61
1 76
188 6201
575 4497
6 304
7 8
48 5904
605 162156
3 290
245 17436
2 3
5 15
2 3
5 12
13 588
1135 10474
3 3
1 64
7 30
122 10999
9 387
694 3529
3 3
2 2
1 6
3 18
270 7902
3 3
16 1537
1 2
89 3220
5 60
2 2
48 5904
439 1853
13 34
66 2829
4 304
5 9
24 2762
2 5
7 30
4 55
13 10376
3 6
2 1709
9 31
5 7
5 304
5 67
8 7952
4 4
4 588
64 2251
3 3
3 288
2 2
5 10
6 588
1 2
34 35
4 6
1 12
30 73
299 2819
27 10869
11 31
3 3
85 3452
4 13
156 260
4 33
3 3
4 8
522 146373
290 2819
2 14
12 2584
23 4708
2 2
225 1981
5 7
8 360
6 14
30 9797
125 3452
11 327
2 2
10 10
2 2
7 595
12 32
2 2
3 18
10 22
17 59
5 5
5 8
120 3533
83 135565
16 1769
6 304
83 135565
5 2074
17 93
3 3
24 4708
19 39
1119 37169
11 12
7 7898
5 10
2 2
79 79
83 8861
4 14
10 31
2 3
22 144
3 4
23 170
1 2
6 596
3 3
2 2
4 588
168 3179
15 90
17 17
82 6752
4 72
35 150
6 14
9 1537
4 52
2 2
3 3
22 1168
2 5
6 596
14 22
4 11
16 156
9 31
3 4
28 1520
1 3
3 18
57 1894
6 6
6 588
11 1703
281 18507
3 3
120 3533
3 7042
4 6
16 1857
6 19
4 10
91 12937
6 24
4 1999
3 288
4 289
6 304
12 312
33 35
3 3
143 4410
11 329
11 1537
4 89
22 1769
89 6773
152 260
6 11
6 304
22 1168
3 3
29 1610
6 588
3 3
7 12
6 596
9 31
3 18
58 2244
2 2
9 9
9 312
3 3
3 3
7 10
22 93
16 29
29 929
1 11
4 588
24 2080
1910 834401
3 3
7 33
171 13618
1 6
15 93
15 320
3 79
3 3
61 8876
4 1170
24 1766
225 1981
17 4017
8 581
3 3
9 10
362 35971
5 7
142 14435
16 1857
574 4497
1 5
4 304
11 32
3 304
1 2
3 54
1 269
85 3452
3 72
13 2686
10 23
16 156
1757 834401
2 5
10 32
58 4787
2 5
3 3
4 588
1 588
85 3452
5 10
4 2074
64 2251
3 3
2 2
290 9911
13 588
5 10
13 312
1716 32586
1 64
19 30
1 6
5098 407607
1757 834401
11 12
9 8179
5 5
1 287
1 4
3 3
1 3
28 1520
3 72
49 4789
5 6
5475 58680
3 14
656 17878
2 3
1 12
9 13
44 2878
32 97
1 855
3 3
9 29
6 597
3 1999
3 3
3 301
3 3
35 95
40 323
11 588
3 3
64 6752
9 868
17 26
652 156890
45 6773
522 25713
85 3452
8 868
16 29
43 162
9 31
14 327
6 6
1 64
3 3
2 137
171 13618
7 7
566 5519
3 3
16 1537
27 10849
4 55
3 6
33 71
7 33
12 32
11 312
4 52
6 596
4 6
3 288
27 339
38 1830
77 3198
2 2
9 13
695 3529
6 58
6 304
2 3
8 581
8 315
4 18
3 3
3 3
2 8
7 7898
2 67
53 7456
5 1999
91 10517
64 4788
4 354
144 378
343 3325
2 24
189 13618
15 36
66 2829
84 7461
5 5
5475 58680
2 2
3 3
230 18094
33 35
32 1608
6 40
10 2662
44 2878
27 10869
15 73
2 588
27 10869
16 23
5 8
35 150
7 2142
2 288
3 18
53 7456
43 162
3 3
11 80
7 12
169 6029
2 3
22 334
4 326
5 297
2 3
15 312
42 63
64 2251
3 3
27 13293
3 15
11 31
3 3
4 4
82 55333
5 297
1757 834401
2 2
2 2
25 5168
5 8
38 1293
3 6
5 13
1 2
446 12234
4 289
45 6773
1 5
3 3
16 2362
3 3
5 290
1 12
2 2
16 29
5 590
9 868
8 360
1 6
3 3
2 2
11 329
2 21
2 1709
2 2
33 1610
24 2762
9 868
22 4672
30 1610
11 1703
1 5
805 54365
3 290
8 8
15 154
16 51
3 3
15 312
3 3
2 2
1 39
19 39
120 3533
201 14434
5 10
69 13262
1 3
3 3
6 3994
3 15
3 3
2 9
3 3
1 855
297 1029
9 44
4 297
5 15
24 32978
5 9
4 354
10 13
45 6773
9 31
4 4
120 12677
3 304
5 6
15 941
173 17654
98 4507
25 1293
2 2
5 11
1 9
512 9876
5 10
8 297
8 8
2 2
5 30
3 6
9 55
82 6312
18 1293
6 19
4 297
1 9
4 20
5 10
6 301
4 10
11 32
35 13718
20 145
3 1999
12 32
12 31
6 2029
2 2
152 260
2 588
2 288
3 3
10 89
2 2
3 12
4 2074
6 22
2 2
24 2762
3 3
17 179
21 71
9 55
1 3
4 297
2 4
2 2
3 3
2 7
5 7
15 327
3 6
6 10
8 11
98 4506
64 4788
561 629071
14 903
16 23
5 15
2 3
5 9
29 1360
4 11
9 12
3 9
4 89
3 3
48 1039
9 360
6 24
3 3
7 33
3 8
3 6
2 3
28 929
26 2231
1 5
3 3
5 2074
33 35
61 3452
65 6795
4 52
3 3
3 288
3 3
488 4711
5 304
6 596
25 2552
6 304
6 14
1135 10474
2 3
5 114
1145 39833
4 7
442 1853
6 304
1 13
16 156
10 23
694 3529
6 10
4 52
2 2
6 22
2 2
5 304
10 588
1 3
69 323
9 31
2 3
6 301
18 144
525 33033
53 2237
11 354
6 24
3 301
10 32
156 20727
6 1768
3 3
5 354
2 3
7 70
2 2
2 21
66 4787
21 134
3 4
27 473
14 22
310 1853
2 2
33 183
3 3
3 3
2 2
6 588
6 6
2 588
348 3675
15 93
6 22
3 3
2 3
2 287
1 855
43 162
4 6
1 269
27 13273
28 66
1 588
1 855
8 297
3 3
57 167
4 89
66 2829
16 1857
27 10869
1 5
47 8727
3 3
3 18
2 2
19 144
3 14
3 10
9 1528
15 327
22 1769
30 6143
1 5
760 54360
181 747
4 20
4 10
8 14
4 89
4 60548
11 32
201 12676
9 31
2 9
6 7
171 13618
66 2829
177 633
54 8727
6 20
4 10
41 9797
3 3
61 3719
30 2878
724 36897
208 12676
5475 58680
2 3
4 1999
28 3075
17 17
6 21
15 327
3 3
7 15
5 10
3 3
25 673
495 5158
2 5
3 6
6 6
281 9605
12 290
9 8179
19 28
3 3
3 3
2 2
29 1604
24 2552
1 2
1 27
3 15
5 15
48 398
3 3
3 3
10 588
16 35
3 3
16 29
270 7902
64 4788
2 3
3 5
13 34
3 4
86 249
4 1094
2 288
5 304
11 329
3 3
28 1602
33 1610
66 4962
7 56
43 162
5 289
11 32
8 868
27 13273
28 473
41 9797
8 297
15 89
3 3
3 3
3 7
3 3
3 3
2 6
3 288
8 8
13 34
3 297
3 3
4 289
4 288
16 90
58 2244
5 11
1702 65381
3 3
143 378
10 89
3 3
2 2
47 3431
27 10849
6 588
9 8179
3 3
3 18
8 44
1 949
3 5
1 5
55 3488
35 95
77 3198
11 32
2 588
15 89
2 3
65 121979
5475 58680
14 327
18 1768
3 1999
3 3
35 95
220 56855
3 3
151 259
213 19393
82 6752
11 329
25 3500
156 20727
1135 10474
4 11
656 17878
2 2
1 2
1778 836139
59 4698
20 31
9 383
4 89
1 64
11 32
6 29
3 3
3 3
14 22
6 9
5 5
5 941
6 304
65 6795
8 13
2 2
26 2762
4 304
47 8727
1 3
5 6
48 5904
83 135565
11 588
4 22
5 6
4 296
3 12
23 1768
17 1769
2 2
4 27
2 2
15 603
1 2
28 1839
16 51
11 31
144 378
6 588
10 22
3 3
1 21
2 2
3 3
2 26
3 6
6 304
25 2552
3 18
15 327
1 287
5 11
12 33
15 36
4 289
17 1449
9 22
91 12937
26 478
3 304
7 30
4 288
35 95
3 3
8 14
3 3
3 3
2 588
4 297
10 14066
3 3
28 929
16 23
3 35
2 2
24 2080
805 54365
4 297
58 2244
299 2819
9 52
3 6
57 1894
2 588
58 2244
3 5
656 17878
5 8
74 18320
4 6
324 3529
11 112
2 588
3 3
286 1853
4 2065
3 3
98 4507
10 32
1 4
2 2
3 1999
5 7
6 14
6 17
4 89
3 3
4 89
27 473
29 1610
1135 10474
3 9
2 2
6 588
2 2
2 5
270 15542
2 2
27 1610
36 195
30 2878
3 3
91 12937
3 5
2 4
3 3
27 473
49 6841
3 35
35 95
2 588
5 17
5 7
71 6841
1071 6134
4 8
5 12
1757 834401
3 3
184 13386
19 636
2 64
27 13293
6 71
9 10
12 12
82 6312
1 2
5471 58670
299 2819
91 12937
9 31
12 32
2 5
2 2
7 9
6 301
98 4507
12 56
1 4
7 12
10 23
98 14218
5 10
23 4708
56 7461
2 24
1757 834401
67 1299
9 31
2 5
3 290
4 14
9 31
4 326
3 3
695 3529
6 6
2 5
1 2
16 29
2 2
6 2030
2 2
4 289
1 64
3 5
6 10
5 9
24 1769
13 588
30 8634
6 941
3 3
2 2
4 89
4 4
12 290
4 20
48 1039
27 473
8 315
44 2878
3 5
2 2
1 588
16 23
4 14
7 7
3 3
290 9911
15 93
64 2251
1 5
1 9
98 14218
4 7
4 289
1 3
4 10
4 6
2 2
4 7
4 296
13 588
5 8
2 2
8 8
53 3488
3 3
6 21
3 3
344 19967
11 312
6 7
4 10
6 14
3 15
35 95
6 588
6 35
53 2237
5 67
208 13618
5 15
67 2254
2 2
2 2
1703 20146
15 93
42 105
5 10
544 4546
16 1857
3 3
7 595
26 2762
6 588
7 12
1 588
7 8
522 146373
4 7
2 2
1 22
6 6
6 301
65 6795
4 11
2 2
41 9797
3 6
5 354
11 31
2 301
12 290
327 2819
6 588
32 34
4 7
264 1760
5 15
5 8
1 2
120 12677
1 949
8 297
6 3994
9 29
22 144
3 3
19 608
694 3529
14 327
5 354
2 2
6 304
200 17841
2 275
2 2
2 2
16 29
3 18
35 13689
9 33
98 2858
8 1528
94 120451
11 329
2 2
2 2
3 3
2 588
213 19393
137 630
27 473
26 2762
7 54
7 581
151 259
4 12
5 1742
9 11
3 1999
5 2077
2 2
8 10
16 1857
1 949
6 588
3 19
4 30
1 5
12 32
27 13281
3 18
1 25
23 93
235 4006
27 13271
86 249
3 3
4 288
15 1172
6 588
8 10
3 5
6 21
3 326
11 12
57 2755
58 2244
1 5
25 673
230 18094
3 3
1910 834401
67 2254
2 2
1 10
3 3
3 301
1 3
488 4711
3 3
100 6795
2 2
3 3
14 312
24 38
1 2
9 29
522 146373
575 4497
226 20580
3 4
2 286
22 1168
4 10
8 581
4 11
2 20
6 19
2 5
7 7
4 588
3 3
7 54
1325 51956
69 9690
6 22
6 588
343 3325
5 354
232 6029
4 7
43 162
9 8177
3 3
21 71
12 12
1 64
10 277
1 9
13 34
1757 834401
7 33
6 596
6 22
27 13271
1 855
2 3
4 22
136 12678
17 1449
21 2526
2 2
3 3
11 1703
6 10
5 8
281 9605
4 2065
6 21
17 1449
213 19393
5 8
98 2858
15 941
2 3
11 31
145 12580
3 3
3 288
1 1656
2 2
40 3416
4 10
28 1839
4 89
3 180
2 3
3 3
83 8861
29 1604
158 633
4 20
10 30
5 10
3 3
14 327
27 10849
1 64
4 297
29 1604
16 1039
1 6
8 2074
6 588
1757 834401
2 9
22 144
143 378
3 6
27 13293
151 259
31 95
16 29
19 4304
3 288
18 40
9 8177
3 304
15 941
2 3
6 71
1 885
3 6
8 581
8 581
3 3
19 26
14 327
4 297
4 326
561 629071
1 64
10 28
5 8
10 31
4 7
2 885
5 8
4 89
12 44
5 10
11 1703
760 54360
16 82
31 5613
4 11
805 54365
8 33
219 18428
26 1769
2 588
2 5
22 93
4 304
8 581
6 6
3 30
15 90
2 3
85 3452
2 2
9 52
5 10
27 473
15 312
122 10999
195 1029
11 13
263 16399
4 588
27 13283
6 304
3 15
198 122329
1 588
148 3451
13 588
44 2878
56 2720
3 3
7 11
11 22
3 7
2 150
574 4497
207 17120
3 3
15 327
27 10849
4 52
4 289
6 41
4 949
28 3075
208 12676
4 297
6 304
476 51208
19 608
9 29
5 354
4 949
3 3
1 15
8 581
3 3
108 217168
5 588
132 12677
1 9
237 16399
2 3
23 1768
1135 10474
4 289
11 23
1 5
1 588
8 13
144 378
8 297
13 588
2 15
3 3
219 18428
225 1981
54 8727
1 64
2 2
4 6
232 6029
2 588
6 304
3 3
18 144
11 354
2 5
3 65
2 588
13 466
6 58
2 9
10 588
3 3
2 2
2 6
653 47853
15 93
91 3533
6 14
98 14218
47 3431
3 3
11 2074
9 9
10 46
8 54
98 2858
6 588
98 4507
10 31
6 24
2 588
2 2
3 5
4 289
36 1839
281 9605
2 2
49 6841
18 144
5 304
6 588
4 12
2 2
6 14
3 3
270 7902
5 12
32 183
15 36
503 36841
24 4708
67 2254
3 294
123 3482
5 290
3 3
15 36
9 2080
30 6143
56 2720
3 288
2 2
7 12
4 22
403 7185
1 2
8 581
15 90
88 6868
2 34
2 3
2 2
4 11
28 929
6 8
12 883
2 9
28 473
3 3
1 3
24 1769
5 10
2 2
7 581
2 2
86 12937
2 2
144 378
2 4
1 22
14 91
5 15
1 269
8 2074
3 3
8 24
27 473
123 323
98 4507
54 8727
6 301
58 2244
54 8727
3 3
6 2074
1 287
79 13323
2 2
2 2
28 66
3 8
4 296
324 3529
5 15
3 5
2 2
2 2
5 5
3 4
12 2576
65 121979
4 6
4 6
8 15
2 588
11 835
1 6
2 3
91 12937
5012 405949
290 2819
1 2
428 29421
3 3
1 3
27 473
17 17
1 2
522 11191
14 36
8 11
3 304
17 1449
7 56
21 4708
82 6752
2 2
4 52
27 493
58 2244
1 5
3 288
4 5
5471 58670
4 297
4186 21249
344 19967
4 4
512 9876
27 13291
3 3
4 4
20 334
85 3452
128 2552
10 2662
17 1449
65 4788
15 327
4 20
24 2080
3 3
5 11
64 2251
17 1449
83 8861
10 300
3 3
200 17841
3 3
2 2
48 1039
14 327
17 1449
65 6795
12 31
2 588
3 3
1 588
3 288
3 288
10 588
22 1176
2 2
16 1039
156 20727
21 4708
5 17
1910 834401
946 11913
13 1769
2 2
3 288
2 2
12 31
9 31
13 588
1 2
11330 334095
79 79
16 51
5475 58680
409 29421
2 588
3 3
13 28
3 3
764 54365
16 2362
605 162156
60 4789
156 20727
4 304
8 297
1 5
4 6
1 5
3 15
16 23
3 15
12 941
17 26
4 297
3 3
3 3
2 2
12 31
2 21
3 3
9 29
58 2244
1 11
4 55
3 7
5 10
12 32
98 14218
1 855
3 15
2 2
2 287
2 21
495 5158
13 34
4 10
3 3
15 327
15 3442
290 1106
3 3
3 4
1 71
1 6
208 13618
4 297
26 2762
2 3
3 3
4 7
6 3994
22 93
503 36841
3 6
24 2080
15 36
3 3
5 297
2 588
6 9
3 18
10 32
17 312
2 2
4 14
45 6773
5 294
8 9
4 22
11330 334095
2 2
15 597
5 290
1 74
3 15
64 2251
1 588
2 34
8 10
85 3452
503 36841
302 2819
40 40
70 9690
290 9911
348 3675
9 8179
3 18
28 1839
3 304
6 19
4 10
4 5
8 112
4 14
6 29
5 6
201 14434
141 647
2 3
1 2
33 1610
6 10
2 2
3 3
17 26
40 3416
3 66
67 2254
148 3451
3 3
1 949
24 941
5 12
8 581
3 5
3 3
7 312
9 360
235 4006
5 7
11330 334095
34 413
488 4711
15 89
1 3
339 3054
16 51
14 134
15 1172
4 6
29 1610
3 3
48 249
98 14218
28 1839
3 3
1414 20874
1 12
11 329
3 3
3 3
1 5
2 2
62 1547
1054 37169
156 20727
17 93
10 1537
4 4
164 691
64 4788
188 6201
3 1999
24 33
27 13281
9 29
169 6029
7 56
2 2
348 3675
1 5
18 18
166 9343
15 36
37 9789
1 6
9 3500
2 2
5 67
9 2257
605 162156
9 588
9 868
44 3669
31 9797
2 2
2 2
11 32
18 1460
760 54360
16 23
11 31
29 1610
34 413
43 162
4 8
22 93
43 162
4 89
2 588
4 89
10 118
4 4
137 630
12 32
2 3
695 39050
39 3416
27 473
1115 11062
184 5340
1 4
5 5
39 3416
8 112
28 1360
27 13261
230 18094
4 10
123 2552
4 4
3 5
6 6
1 5
4 20
694 3529
6 28
28 1360
2 2
28 3074
15 312
16 29
29 1839
3 6
16 1537
4 20
5471 58670
2 2
1753 20874
4 72
2 2
35 95
5 65
30 73
6 35
1 13
41 9797
3 5
8 15
56 2720
64 2251
2 24
3 3
3 8
3 3
10 12
2 3
5 17
12 31
3 6
6 588
67 205719
4 4
1 2
2 2
10 73
5 9
6 14
45 6773
8 868
1757 834401
6 14
3 8
88 6868
32 1610
16 1537
39 1975
29 1610
14 327
66 4787
8 18
219 18428
3 35
9 868
525 33033
13 28
6 3994
3 24
3 3
48 82
28 1839
3 18
1 5
3 3
238 82939
281 9605
4 18
6 588
33 639
3 9
10 12
4 7
2 2
16 59
44 2878
213 19393
5 12
1 10
3 1999
260 16391
10 2662
17 59
2 5
11 588
8 9
6 7
7 12
69 9690
6 28
129 1221
1 64
142 14435
10 45
136 12678
6 14
34 73
2 2
5 10
53 2237
4 304
3 9
6 588
22 1769
1 286
1 9
3 33
1228 44569
46 4782
208 12676
2 2
2 5
4 297
362 35971
7 33
77 3198
29 1610
25 1293
3 15
3 3
16 1537
2 5
1756 29134
9 13
1 588
5 114
15 312
16 1857
3 3
2 2
2 3
2 2
4 2074
58 4787
2 5
5 7
5 7
39 3416
141 647
4186 21249
102 2858
1 5
45 6773
9 312
4 4
142 12678
2 5
3 3
2 2
5 294
1098 39833
32 183
3 6
629 162156
2 2
6 301
1059 11062
42 105
8 315
67 2254
3 3
4 297
14 327
17 39
4 6
9 31
15 327
15 89
27 493
28 1360
44 2878
2 885
136 12678
2 21
15 941
22 144
3 288
428 29421
3 5
6 588
4 289
16 1537
5 7
495 5158
1 3
65 6795
3 3
2 3
17 93547
7 595
522 11191
4 7
2 288
7 12
33 1610
14 22
98 4507
6 303
4 5
522 25713
25 3500
21 4591
23 1768
13 588
11 80
3 5
53 7456
5 290
9 868
3 3
53 3488
2 9
5 15
25 941
17 1449
5 12
3 5
22 144
3 3
3 3
3 3
15 89
2 34
58 4787
6 7
6 22
3 3
2 6
189 13618
324 3529
11 1703
26 673
6 297
290 9911
2 21
2 2
7 312
1910 834401
15 597
16 1537
5 9
39 3416
17 39
3 5
9 300
3 3
1 588
11 102
11 23
7 597
3 3
2 2
8 1528
5 6
3 3
4 52
2 14
3 3
11 32
1 59
19 608
18 144
2 3
3 3
177 633
3 8
1 5
208 12676
1059 11062
3 288
3 297
290 2819
3 3
13 1769
4 14
5 5
140 10998
16 1857
683 17878
2 5
9 588
290 2819
10 23
2 286
15 93
11 32
3 15
15 327
8 56
30 1610
2 3
2 2
2 3
3 17
3 5
4 12
3 6
10 588
26 2762
2 14
245 17436
123 2552
302 2819
13 588
123 2552
10 1805
14 36
15 885
3 288
27 13273
5 303
17 2829
120 12677
46 4458
5 294
2 5
4 296
760 54360
6 304
1 6
33 35
1 5
171 13618
694 3529
39 3416
3 2872
3 3
58 4787
3 288
6 304
2 2
656 4103
77 3198
1 588
27 10849
1 288
694 3529
6 301
9 2074
317 2819
1 68
3 54
3 6
7 309
26 2762
1 6
9 9
2 2
5 12
6 304
2 588
9 31
2 2
6 6
3 36
6 3994
15 1172
6 3994
321 1760
19 39
7 12
6 7
12 2081
91 10517
4 938
7 10
19 636
1987 76567
10 588
22 144
3 288
188 6201
2 5
28 3075
33 4830
47 3431
3 18
1 2
4 10
85 3452
3 288
6 301
2 2
4 89
3 6
4 72
3 3
11330 334095
219 18428
3 290
1 3
6 7
3 3
12 32
271 1282
3 6
5 303
3 3
61 3719
28 1360
5 9
2 288
3 3
29 14797
9 12
13 588
15 327
3 5
3 5
98 14218
3 15
12 31
3 18
1 3
1 269
1054 37169
2 2
4 72
279 9857
2 3
3 3
1990 707413
8 8
270 7902
5 11924
10 32
3 3
27 473
5 304
1 949
33 335
3 15
82 6312
503 36841
6 14
1 2
2 301
3 5
12 2584
110 14813
28 929
10 300
28 1839
8 581
1 2
335 3000
6 304
4 7
30 6143
4 289
5 12
1 58
3 3
34 73
13 588
7 15
5 67
16 1537
10 29
1 303
2 2
15 312
8 10
12 31
4 354
2 2
197 12676
3 35
3 5
9 312
4 2065
15 19
4 297
4 289
5 10
142 12678
648 4711
3 3
16 29
3 89
1071 6134
14 327
1716 32586
32 639
1 2
436 1515
28 1360
3 1999
5 885
53 7456
3 6
123 2552
4 297
1 949
11330 334095
10 32
79 8879
8 595
2 2
137 630
1 3
82 6312
2 6
5 297
156 20727
148 3451
1 5
1 269
10 32
3 288
32 3075
21 1764
65 121979
15 327
9 52
5 15
14 320
8 11
15 327
49 4672
11 327
23 4880
1145 39833
4 4
7 11
324 3529
82 6312
8 1528
17 17
4 6
1 2
8 15
30 73
2 2
4 285
6 16
1 76
16 156
53 3488
30 6143
4 4
2 8
2 5
12 290
15 1039
41 9797
2 2
4 297
440 33902
48 1039
2 2
4 89
15 36
8 581
8 13
98 14218
148 3451
23 941
9 29
10 1805
6 22
2 303
4 4
46 1306
28 1360
1 2
3 6
11 588
218 20580
392 24939
12 32
11 1767
3 304
307 29625
29 1293
24 53
14 327
8 39
11 588
238 82939
2 2
522 146373
16 1537
15 327
1227 44569
1 64
24 1769
2 3
1134 48223
12 318
13 588
304 3325
3 297
2 287
1 2
4 304
4 10
1 10
6 6
2 2
2 2
1 588
1 2
6 304
201 14434
4 1999
3 3
3 3
3 72
2 2
1 5
16 23
3 3
30 6143
1 6
5 10
4 289
17 93
7 12
1 2
1757 834401
48 1039
10 46
3 3
25 2230
3 3
15 36
10 2662
2 5
3 288
2 2
2 15
9 31
522 146373
91 12937
2 5
1 6
1 76
3 3
6 14
5 15
10 40
34 9789
3 288
8 580
187 14812
1 71
11 32
122 10999
2 2
1 6
29 34
56 2720
4 11
3 3
8 13
1 949
2 2
232 6029
6 301
4 1006
1 286
2 2
16 1537
15 327
64 2251
1098 39833
42 105
1 286
6 304
5 15
1 5
2 3
2 3
1 2
11 1537
66 2829
123 2552
173 17654
5 297
64 2251
1115 11062
6 301
3 288
15 93
2 4
6 588
16 82
3 3
1 2
3 3
57 204
6 588
91 10517
3 3
4 4
4 7
4 30
57 204
67 205719
4 10
6 10
1757 834401
278 9902
8 10
235 4006
3 3
64 4788
4 6
2 2
2 2
1 3
157 261
25 3569
17 26
27 13261
15 93
17 1449
6 9
20 31
3 3
7 11
394 28806
48 1039
3 9
2 2
4 6
2 2
3 23
8 13
16 82
16 23
201 14434
12 31
4 297
522 25713
2 2
5 2077
144 378
2 5
760 362065
75 3196
17 93547
2 2
5 15
5 15
3 288
1 59
5 10
10 80
91 10517
17 93547
10 32
29 1610
4 89
16 29
2 2
2 8
575 4497
11 31
40 134012
2 2
31 473
8 12
1 6
136 12677
3 5
10 23
30 73
4 12
271 1282
43 162
4 40
5 7
11 32
11 31
3 3
5 15
101 14218
5 1999
1 14
8 13
8 24
1 588
2 5
1 5
37 9789
27 13263
3 72
8 297
1 22
4 11
24 941
35 95
15 327
17 1449
3 3
7 588
805 54365
1 3
14 3147
1778 836139
16 1769
2 8
4 6
2 2
2 2
1 2
14 949
3 5
1 588
17 1449
11 329
218 19393
5 10
53 2237
27 473
123 2552
3 4
66 4962
18 58
11 32
16 1537
7 8
15 327
27 13291
91 10517
3 3
1 296
15 93
3 15
3 3
5 6
13 52
6 22
8 581
4 8
127 323
28 929
57 126988
235 4006
3 3
302 2819
299 2819
1227 44569
2 2
8 14
2 2
5 10
2 2
261 9605
2 588
7 597
6 304
2 2
1 2
3 18
3 1999
2 2
11 2074
3 3
35 95
20 31
44 2878
9 22
9 33
1 59
1 15
9 31
15 327
5 161
1 5
4 6
2 2
156 20727
13 1293
12 44
14 327
1 9
12 290
75 21516
3 3
5 8
417 17245
13 34
6 949
4 354
779 11913
1 5
30 73
3 3
1 76
247 82939
4 11
3 35
15 36
1 588
17 1449
16 29
65 121979
156 20727
644 21721
4 15
10 45
1 22
4 297
3 72
9 11
1716 32586
3 27
100 6795
2 275
62 1547
3 3
108 202371
5 10
14 320
54 8727
7 11
5 8
2 2
8 581
446 59187
17 1449
575 4497
1 5
4 304
1 15
28 1839
42 2720
695 3529
1 6
12 290
605 162156
15 93
3 288
3 288
9 52
5 6
16 29
9 31
15 93
3 3
13 13
1 91
2 2
653 47853
3 5
2 3
2 2
7 7
29 1610
2 2
1 949
22 1769
290 9911
8 323
12 32
189 13618
2 2
83 135565
3 3
120 12677
3 288
1935 43060
4 304
4 221
3 3
398 5863
3 3
6 40
4 6
64 2251
3 3
1 588
197 16332
7 7
19 608
3 3
1 269
26 1769
5 10
2 5
4 5
5 5
10 45
3 3
1910 834401
164 691
74 7461
15 1537
19 30
2 2
1054 37169
22 144
3 66
48 82
15 312
11 15
8 8
56 167
3 15
2 588
3 3
15 79
28 1360
1 64
2 2
8 595
7 309
28 3075
5 10
2 588
4 4
58 2244
6 14
3 3
4 4
2 2
43 162
9 3500
5 11
1 15
13 34
2 2
1 288
3 3
9 31
5 10
2 2
6 22
3 3
8 24
31 6143
5 949
2 2
2 21
3 15
27 493
55 2237
3 288
2 2
27 13271
14 588
14 36
67 2254
2 2
2 9
653 47853
45 6773
27 13271
4 10
2 2
16 1537
24 2762
8 15
67 126988
8 8
10 28
2 14
5 6
3 4
27 493
27 13283
1 3
8 13
1 6
3 3
3 9
1 76
6 71
4 89
1 76
2 2
2 2
544 4546
1 949
3 3
98 14218
3 3
6 22
201 14434
27 10849
9 2074
46 4782
11 327
281 9605
27 34
9 360
7 297
805 54365
125 3452
2 2
2 2
64 2251
12 2584
3 3
2 2
232 6029
65 6795
3 288
6 22
3 15
7 54
5 67
5 15
13 588
8 15
3 3
6 6
2 2
271 1282
48 1039
3 3
58 3452
15 89
9 10
3 3
3 304
6 304
11 31
3 6
5 6
2 3
649 4711
5 5
2 2
98 14218
11 13
3 26
4 14
88 6868
1 5
2 2
2 2
1 39
48 1039
32 97
24 1769
16 82
2 34
65 4788
9 31
6 304
