2 22
2 3
2 14
4 19
3 289
10 93
79 3451
3 304
7 32
6 82
8 312
4 2065
5 10
13 91
2 8
28 2244
9 312
6 327
14 3075
76 3675
2 3
4 4
23 95
9 2526
7 588
1 48
9 23
1 64
110 5340
6 297
4 6
11 28
1 2
3 3
1 5
41 6795
2 22
1 3
15 1360
24 12937
3 14
5 2074
4 7
15 33311
35 14813
2 2
7 31
12 29
6 7
10 835
5 10
23 9797
106 3529
3 304
6 300
2 15
5 15
22 634
2 2
6 249
1 6
6 29
2 2
41 6795
3 89
1248 106497
3 3
17 35
3 8
14 29
2 588
10 36
4 52
16 398
151 1981
3 7
45 2251
6 360
13 4962
6 82
13 3488
53 1567
5 15
2 3
3 10
2 3
6 23
4 52
4 8
31 2237
4 52
5 8
6 10
2 3
8 941
15 4708
7 11
3 4
8 12
4 5
2 4
4 19
94 2819
2 3
3 3
4 55
11 93
200 4711
3 20
6 31
179 5158
8 8
3 588
2 2
1 15
1 269
4 11
2 877
2 3
2 3
2 2
3 15
2 3
12 29
357 11062
2 3
3 304
3 588
19 9789
5 31
1 297
2 9
85 9911
3 12
3 15
2 2
3 2078
2 3
33 3452
12 2878
5 15
2 3
1 2
5 10
3 89
3 3
339 834401
2 2
8 581
2 6
4 315
3 588
10 90
265 11913
1 5
4 4
2 4
7 8
5 11
3 588
6 32
10 329
8 466
4 11
5 41
6 11
83 14434
5 2077
3 5
33 8727
4 289
2 9
199 146373
30 3220
4 26
33 3452
5 1742
2 2074
4 20
15 1449
1 7
2 2
48 14435
30 3416
1 76
18 378
21 6773
10 1857
3 289
14 26
4 288
3 15
11 13283
1 6
3 596
7 105
45 2251
3 7
9 327
21 6143
7 31
7 1558
105 1029
9 327
1 3
9 12
57 8861
6 885
2 304
5 12
18 378
20 134012
11 478
5 15
20 334
34 2829
5 10
3 15
4 597
2 3
4 28
7 82
1 5
2 3
3 297
1 35
37 205719
1 24
3 3
4 4
6 6
295 39050
4 21
4 14
41 6795
2 22
73 2819
103 18428
1 588
6 885
3 6
26 8879
10 36
95 56859
1 949
95 17120
2 3
3 596
2 3
145 36841
11 93
4 161
25 12580
74 2819
1 7
1 91
277 8430
5 300
2 2
27 730
91 12676
3 18
2 2
6 327
10 59
10 56
4 941
6 868
11 13271
30 3087
3 89
6 312
6 2584
2 24
6 277
7 54
2 3
1 286
1 3
25 183
2 3
33 3452
5 581
15 144
9 31
6 300
1 5
1 2
3 1768
533 80942
3 3
2 8
9 320
2 8
4 6
2 2
105 6029
10 35
2 8
2 3
2 10
2 8
9 6841
10 9789
10 1293
2 3
3 7
111 29625
2 3
83 14434
2 2
42 4507
4 588
2 27
2 3
10 329
6 2000
1 287
18 2243
2 3
2 6
2 2
3 596
18 2243
2 2
3 304
2 3
1 9
2 2
317 42975
1 2
1 312
295 39050
75 2819
15 1449
2 2
31 162
60 691
29 7461
4 4
13 29
214 3529
12 29
6 290
2 2
9 3056
11 28
40 6795
3 3
3 15
1 588
26 167
3 300
2 8
2 3
237 162156
5 13
160 4528
6 31
1 12
4 9
9 8179
1 6
1 3
2 2
5 10
12 2878
2 288
2 2
17 228
3 1170
15 1449
1 2
19 2762
2 58
2 40
84 19393
2 1999
3 8
5 10
83 14434
7 32
17 35
11 13273
3 8
2 588
5 10
1 855
3 20
60 1760
44 3179
4 11
42 2254
1012 62964
91 3533
11 13293
8 581
7 7
3 22
1 3
1 1996
57 10998
2 3
1 6
2 150
9 12
10 1857
3 3
42 82
2 588
2 15
4 52
30 1547
3 3
3 33
10 36
2 588
5 12
1 5
2 7
60 691
3 8
2 5
18 378
10 1857
3 3
4 5
4 304
1 8
6 1769
4 17
8 581
6 32
6 1537
2 2
8 2074
1 4
49 12580
15 1449
1 14
734 76567
2 3
8 5613
3 18
6 14
3 6
3 9
210 6134
2 3
1 5
5 68
3 5
2 2
11 4672
4 4
9 12
3 3
370 54365
57 8861
122 17841
2 2
22 34
3 18
2 3
2 15
17 1839
56 6029
138 28806
4 6
4 6
2 3
202 17878
10 2552
3 89
11 473
1 5
5 41
3 290
19 3074
2 275
6 31
29 12677
2 58
7 10
339 834401
5 3994
7 31
3528 334095
6 7
16 97
9 327
117 261
3 3
5 8
17 35
9 327
1 303
4 1769
11 3416
45 2251
10 941
2 6
2 3
103 122758
2 859
85 9911
2 29
1 5
2 2
37 205719
2 5
3 3
2 2
8 34
3 3
2 2
3 588
5 7
5 301
19 929
1 12
3 3
276 25713
2 6
23 6433
1 312
3 3
118 19967
4 289
6 6773
1 20
4 588
95 17120
10 329
1 288
2 3
2 2
6 6
154 1853
3 72
2 2
4 17
1 3
95 1282
1 14
1 6
2 6
4 1999
3 10
9 31
18 18
2 2
11 13273
15 39
2 2
1304 58680
6 80
1 2
14 4672
2 3
21 2878
12 29
59 6312
39 2251
2 3
14 89
5 10
2 2
11 13271
5 39
21 673
114 20580
57 3452
3 35
3 3
11 3669
11 13281
2 588
8 581
2 2
5 6
3 1999
2 588
2 3
1 2
1 3
8 134
3 91
1 12
6 34
72 17654
11 493
5 68
31 6773
12 29
4 12
17 1839
29 12677
1301 58670
17 6143
42 82
4 295
3 3
3 35
9 51
6 4651
6 14
4 289
2 2
3 30
6 885
3 3
42 4507
40 1299
98 15474
1 10
2 2
1 4
4 4
5 15
5 6
3 3
1 883
2 52
2 3
2 5
4 5
2 8
2 2
2 303
4 6
1 6
49 12580
5 10
56 2858
3 6
339 834401
2 6
19 1769
1 6
5 11
5 10
94 19393
6 24
3 11
4 2065
11 10869
2 3
2 2
20 1168
16 1360
4 588
6 29
13 91
6 34
177 146373
9 51
5 15
7 300
24 4698
12 29
5 304
2 3
21 7461
9 13
7 588
4 11
1 2
1 5
30 3220
34 2829
1 6
6 29
1 5
2 2
106 3529
63 630
31 162
1 5
15 144
4 5
1 2
105 6029
1 2
2 5
6 4708
5 31
2 2
2 3
20 134012
9 3056
5 588
9 327
3 10
29 3198
5 2074
1 949
5 11
275 24303
5 5
3 89
4 289
2 3
7 12
28 12937
6 14
73 2819
6 327
5 15
8 1537
1 26
1 2
7 327
3 54
4 6
3 12
10 327
9 31
6 327
3 304
6 1703
1 6
10 93
2 5
1 58
481 32586
8 2074
283 24319
10 93
22 1610
66 2552
10 1857
4 14
10 93
5 2074
3 20
44 3179
339 834401
1 5
2 29
3 72
14 1360
289 834401
1 5
1 3
2 304
3 15
2 3
42 4507
1 74
2 3
2 3
1 855
2 3
138 4711
24 150
1 16
5 595
14 4672
237 162156
599 48223
29 7461
21 2878
117 11913
33 3452
1 58
7 10
1 3
2 4
331 36897
22 9690
5 383
7 25
66 2552
22 4787
7 32
1 297
3 289
6 32
158 9876
4 5
64 2819
29 335
105 6029
6 327
5 10
12 29
2 3
3 18
60 691
41 202371
6 588
1 297
60 1760
2 3
3 304
9 327
34 2829
6 80
4 8
5 11
2 6
1 5
9 31
1 6
5 581
5 7
2 3
2 6
1 12
6 868
5 10
289 834401
3 30
18 167
44 20727
19 2246
2 2
16 1769
3 304
3 588
11 473
3 6
1301 58670
3 2074
31 2237
2 288
2 15
1 5
2 588
4 5
1 34
8 885
4 288
3 10
6 312
1 3
2 24
17 34
3 588
7 17
2 12
3 9
160 4528
6 156
2 15
1 891
29 12677
2 12
10 118
3 3
33 8727
1 2
1 59
2 14
4 5
10 56
296 80629
9 31
7 12
6 7
89 82939
4 949
11 93
2 2
2 2
3 7
2 3
2 1999
5 8
46 3719
4 5
11 473
2 2
275 24303
66 2552
1 288
26 167
24 12937
2 2
2 2
8 96
8 8
5 10
1 6
3 1999
2 3
3 3
27 1769
2 4
2 2
7 588
4 11924
21 2878
2 3
83 14434
3 9
7 32
23 9797
3 5
1 5
26 1894
3 3
2 288
34 2829
110 13394
36 2552
2 304
1 14
4 941
3 3
2 588
3 10
2 8
2 22
122 16391
6 885
4 4
1 588
9 327
5 2074
1 5
1 297
64 2819
7 32
3 3
9 3056
29 12677
3 58
1 2
28 2244
4 67
1 3
38 12678
126 9605
3 304
5 304
4 9
1 286
6 24
2 288
3 3
6 6773
5 581
9 603
28 2244
22 9690
11 327
10 56
2 22
3 3
32 5092
10 1857
2 3
5 10
2 2
3 3
7 32
2 5
1 64
2 3
1787 102042
4 1999
3 3
289 834401
9 6841
2 2
2 304
13 3488
2 3
357 11062
4 327
85 9911
2 3
39 2251
3 17
18 167
9 144
23 1039
6 290
22 1306
1 2
3 304
5 301
10 2829
9 31
8 8
3 1768
1 5
1 297
3 3
38 12677
5 588
69 6201
11 93
8 2080
5 12
13 5168
370 54365
122 19415
20 1176
3 7
2 2
7 32
5 7
500 20874
72 17654
5 68
23 9797
2 8
6 580
15 1360
11 3416
19 73
17 8876
42 2254
2 288
1 6
48 12678
4 9
2 2
2 2
1 58
1 14
59 55333
40 6795
1 588
3 9
5 588
31 2237
3 596
2 5
3 354
3 18
2 288
295 39050
3 3
5 304
6 32
5 6
15 1360
91 12676
110 259
70 9911
17 33
2 6
2 2
2 2
1166 32098
15 144
3 15
2 21
2 3
1 2
109 9605
289 834401
1 588
2 3
15 1449
1 2
17 39
5 17
1 855
33 8727
4 4
2 15
7 31
2 9
2 72
289 834401
9 588
5 5
1 287
1 5
75 2819
41 217168
3 3
40 6795
2 30
26 7461
7 64
2 2
1301 58670
26 1894
1 64
453 20704
9 2257
9 598
5 8
5 10
2 2
19 19
2 5
16 608
4 256
103 18428
3 89
4 11
4 11
1 3
9 1180
1 297
49 20727
4 4
5 15
3 3
84 2930
16 1769
6 31
2 3
112 260
6 2662
4 304
5 5
12 1610
5 12
23 95
2 61
3 89
6 24
2 5
15 144
289 834401
14 26
3 15
5 7
18 3488
30 1547
1 9
1 297
21 6773
3 7
1 6
7 32
3 8
2 288
6 31
21 2878
9 327
70 9911
3 304
95 1282
2 2
19 9789
3 3
2 5
1 20
3 296
2 3
5 31
1 12
3 3
11 93
734 76567
2 2
1 5
5 7
1 6
3 5
91 3533
3 885
2 3
4 327
3 8
2 30
6 32
2 3
12 29
3 3
1 9
31 162
3 12
3 304
57 323
1 301
2 3
1 2
3 3
23 1039
11 10849
1 588
6 2662
1 10
1 2
9 2257
11 7952
37 5113
1 18
643 241056
45 2251
481 32586
2 2
122 17841
9 8179
7 31
22 9690
3 3
2 3
4 304
31 162
7 32
69 6201
117 4497
3 304
25 5904
3 290
79 17436
2 3
5 15
2 3
3 12
10 588
374 10474
1 64
3 30
51 10999
9 387
214 3529
1 6
120 7902
6 1537
1 2
32 3220
11 10849
5 60
2 2
25 5904
154 1853
34 2829
3 304
5 9
9 2762
1 5
9 312
3 30
5 10
3 3
1 5
4 55
339 834401
1 6
2 1709
3 7
11 13293
2 304
4 67
8 7952
2 12
3 588
2 2
3 1006
2 288
2 288
2 3
307 836139
276 25713
2 588
1 2
4 6
18 700
19 73
75 2819
7 31
33 3452
4 13
276 11191
1 5
7 868
4 33
2 3
4 8
177 146373
64 2819
2 14
6 2584
3 3
17 1839
10 36
12 4708
3 4
3 3
6 360
3 14
18 9797
57 3452
4 327
5 595
2 2
3 5
6 22
13 59
5 5
3 8
91 3533
23 135565
289 834401
16 1769
2 304
23 135565
17 95
2 2074
10 93
3 3
15 4708
2 2
368 37169
2 3
6 12
2 3
56 2858
2 15
2 2
7 7898
2 2
4 7
2 2
79 79
57 8861
2 14
2 3
15 144
3 4
12 170
2 3
2 3
3 3
1 2
3 596
1 5
3 3
2 2
3 588
45 2251
44 3179
17 17
15 6752
3 72
24 150
202 17878
4 14
23 95
20 1168
5 1537
4 52
3 20
2 2
2 3
3 596
8 22
4 11
6 156
2 4
20 1520
1 3
17 1839
23 95
26 1894
6 6
2 588
6 1703
16 40
135 18507
91 3533
3 7042
4 6
10 1857
5 19
3 289
24 12937
2 1999
2 288
4 8
2 304
10 93
4 312
11 493
25 4410
10 329
6 13
6 1537
3 89
2 3
19 1769
2 2
21 6773
12 58
5 11
4 304
22 1610
5 24
4 588
4 12
3 596
1 2
9 9
1 312
3 3
5 10
11 93
12 29
15 929
1 11
3 588
8 2080
5 8
4 33
50 13618
15 39
9 320
9 13
2 6
2 3
1 6
17 8876
18 1766
2 3
5 581
7 10
132 35971
48 14435
10 1857
104 4497
3 221
38 1299
3 4
4 304
3 304
7 31
1 2
3 54
1 269
33 3452
2 72
8 23
28 2244
6 156
2 2
2 5
1 5
22 4787
9 31
7 31
2 3
3 588
1 588
33 3452
1 2074
110 259
85 9911
7 588
23 13718
6 312
481 32586
1 64
2 2
1 6
1899 407607
2 2
151 1981
9 12
9 8179
3 5
11 13273
2 2
1 3
42 2254
23 1520
2 72
11 4789
2 6
1304 58680
1 14
3 10
2 3
7 13
21 2878
7 31
16 97
1 855
6 31
6 597
2 1999
3 3
1 301
3 3
110 259
17 323
5 588
15 6752
14 26
232 156890
6 6773
33 3452
734 76567
2 3
6 31
8 868
2 3
12 29
31 162
11 493
6 327
3 18
1 64
50 13618
167 5519
2 3
9 30
6 1537
18 126988
11 473
1 2
4 55
3 6
19 71
4 33
5 312
4 52
11 10849
3 18
3 596
4 24
3 6
5 10
17 339
17 1830
29 3198
1 2
110 259
216 3529
3 58
2 304
2 3
2 3
2 24
3 10
4 315
4 18
3 3
3 3
2 8
7 7898
2 67
25 7456
4 1999
45 10517
18 4788
2 2
5 6
3 354
18 378
122 3325
69 13618
9 327
34 2829
21 7461
1304 58680
1 5
120 18094
8 34
12 1608
2 40
6 2662
21 2878
2 2
11 73
7 13
6 29
2 588
6 23
2 3
24 150
4 19
4 2142
1 288
2 2
2 2
25 7456
2 3
31 162
2 3
6 80
4 12
7 33
56 6029
3 3
2 3
22 334
3 326
4 297
42 2254
10 93
2 3
6 312
28 63
3 15
6 32
4 4
59 55333
4 297
2 2
2 2
12 5168
11 13281
4 7
17 1293
3 13
1 2
156 12234
6 6773
1 5
9 2362
3 290
6 29
2 3
39 2251
1 287
3 5
2 2
12 29
11 10849
4 590
6 360
1 6
3 5
10 329
2 21
2 1709
12 1610
9 2762
14 4672
9 1610
6 1703
1 5
370 54365
3 290
11 10869
6 154
9 51
6 312
2 3
1 39
11 473
3 3
91 3533
3 8
83 14434
20 13262
1 3
6 3994
3 3
2 9
1 855
105 1029
3 44
3 3
1 297
8 581
2 15
15 32978
3 9
3 11
3 354
4 13
8 34
3 10
23 95
6 6773
5 10
29 12677
10 93
2 3
3 304
3 6
10 941
72 17654
4 7
10 1293
4 11
2 3
1 9
121 9876
5 10
6 297
2 2
1 30
2 6
8 55
59 6312
1 1293
5 19
9 327
1 297
1 9
28 2244
5 301
2 12
6 31
12 145
2 1999
11 10869
5 2029
2 588
2 3
4 89
2 2
2 2
1 2074
2 22
9 2762
17 179
15 71
8 55
2 2
1 297
2 4
3 30
6 13
1 7
4 289
2 2
3 7
1 6
5 10
11 10849
42 4506
18 4788
2 3
185 629071
10 903
6 23
5 15
2 3
2 2
4 9
7 31
16 1360
4 11
3 12
11 13261
2 3
3 89
202 17878
2 3
23 1039
6 360
3 3
15 1449
4 33
11 473
2 8
1 6
14 929
11 2231
1 5
6 32
2 2074
20 3452
41 6795
4 52
3 3
2 288
138 4711
2 304
2 2
31 2237
4 596
2 2
12 2552
5 304
2 3
6 14
10 36
276 11191
2 288
5 10
374 10474
1 3
5 114
452 39833
3 7
166 1853
5 304
1 13
6 156
8 23
214 3529
2 2
2 3
4 10
4 52
2 22
2 2
2 304
3 588
1 3
2 3
113 261
35 323
4 7
2 3
1 3
5 301
1 4
9 144
216 33033
8 34
2 3
4 354
2 2
1 301
1 2
58 20727
3 1768
3 3
3 354
2 3
4 8
3 10
2 21
25 4787
13 134
3 4
6 22
95 1853
15 183
45 2251
2 3
2 588
6 6
2 588
76 3675
2 22
2 3
1 287
2 3
6 29
1 855
31 162
23 95
3 6
1 269
2 3
17 39
2 3
2 3
2 3
17 66
1 588
1 855
4 297
26 167
3 89
16 16
2 3
5 24
3 18
34 2829
10 1857
289 834401
45 2251
27 8727
11 493
11 144
2 14
2 10
6 1528
19 1769
276 11191
17 6143
1 9
1 5
321 54360
76 747
3 14
3 89
2 60548
87 12676
2 3
2 9
5 7
50 13618
2 2
2 2
34 2829
73 633
3 9
33 8727
4 20
23 9797
46 3719
12 2878
331 36897
3 20
92 12676
1304 58680
3 1999
14 3075
11 17
2 2
4 24
6 15
3 3
21 673
179 5158
1 5
3 6
5 6
126 9605
6 290
9 8179
14 28
237 162156
8 1604
2 2
10 2552
1 2
1 27
3 15
5 15
2 2
16 398
3 588
8 35
3 3
12 29
120 7902
18 4788
2 3
2 2
3 4
37 249
2 288
3 304
10 329
8 1602
12 1610
18 4962
5 56
5 5
31 162
1 289
8 868
3 10
23 9797
6 297
14 89
1 7
3 3
2 6
11 10869
3 9
2 288
1 297
4 288
15 90
4 11
25 378
3 289
4 89
17 39
2 2
15 3431
2 588
9 8179
42 4507
2 44
1 949
3 5
10 4304
7 868
3 178
18 3488
29 3198
2 588
14 89
2 3
60 3484
2 3
29 121979
1304 58680
10 327
3 1768
1 1999
95 56855
84 19393
15 6752
10 329
6 13
12 3500
5 28
2 3
58 20727
374 10474
4 11
24 4698
16 31
2 6
3 89
1 64
2 29
7 32
8 22
7 32
3 9
4 5
4 941
6 31
3 18
2 3
7 32
2 2
3 304
41 6795
11 2762
4 304
45 2251
27 8727
1 3
3 6
25 5904
2 2
23 135565
5 588
1 76
1 76
3 22
5 6
3 296
6 31
5 1768
16 1769
15 1449
4 27
12 603
9 51
18 378
2 588
6 22
2 3
1 21
2 2
7 70
6 31
1 26
2 3
3 304
2 2
12 2552
1 287
4 11
2 3
5 22
24 12937
13 478
3 304
2 3
11 10849
3 30
6 11
1 3
2 3
6 29
1 588
1 297
6 14066
2 3
2 2
14 929
6 23
1 35
2 3
2 2
1 71
23 95
8 2080
2 2
370 54365
1 297
9 312
75 2819
8 52
20 1168
1 6
26 1894
2 588
3 18
3 5
29 18320
4 6
106 3529
4 112
2 588
3 3
73 1853
4 2065
2 2
2 1999
3 14
5 17
3 89
3 3
3 89
22 1610
2 2
374 10474
2 2
2 588
2 2
42 4507
1 5
5 8
120 15542
19 1610
19 195
12 2878
2 3
4 289
24 12937
2 5
2 4
3 3
3 3
9 6841
1 35
11 473
1 588
16 34
3 15
3 7
26 6841
210 6134
3 9
5 10
5 12
7 31
22 126988
2 2
109 13386
14 636
1 64
7 10
5 10
8 12
59 6312
6 32
1 2
1301 58670
75 2819
3 18
24 12937
2 5
2 2
5 9
5 301
10 56
4 4
4 4
6 12
8 23
29 14218
11 28
5 10
12 4708
5 10
26 7461
307 836139
2 5
3 290
1 14
3 174
3 326
3 3
3 3
216 3529
3 6
2 5
1 2
12 29
7 31
6 2030
2 2
1 64
2 2
4 10
3 9
6 1769
3 3
7 588
12 8634
4 941
1 3
2 3
1 2
3 89
3 4
6 290
23 1039
10 36
4 315
21 2878
1 588
6 23
2 14
31 2237
3 7
85 9911
1 12
11 13261
1 5
1 9
29 14218
1 7
1 3
11 473
4 6
3 7
3 296
7 588
3 288
13 3488
5 6
3 18
118 19967
5 312
5 7
6 14
3 15
5 10
2 588
23 95
3 35
4 67
7 31
94 13618
1 15
7 32
2 2
469 20146
18 105
17 35
209 4546
10 1857
5 595
11 2762
11 13271
2 3
7 31
2 588
4 12
1 588
4 8
2 3
177 146373
2 7
2 3
3 18
8 8
2 2
1 22
6 6
5 301
276 11191
2 2
41 6795
4 11
10 93
23 9797
3 354
1 301
6 290
75 2819
2 588
3 7
48 1760
3 15
3 8
1 2
29 12677
1 949
2 2
5 297
6 3994
15 144
3 3
3 289
16 608
214 3529
10 93
6 327
3 354
2 2
2 304
2 275
3 18
2 2
12 29
7 31
3 20
2 33
4 1528
42 120451
10 329
2 2
17 39
2 2
1 588
84 19393
63 630
11 2762
5 54
7 581
2 12
3 3
5 1742
9 3442
4 11
2 1999
3 3
5 2077
6 10
10 1857
1 949
2 588
3 19
28 2244
4 4
307 836139
11 93
2 24
58 4006
1 4
37 249
3 288
2 3
15 1172
2 588
2 3
6 10
4 21
6 32
3 326
6 12
26 2755
7 31
2 6
120 18094
2 2
1 301
1 3
138 4711
3 3
40 6795
9 312
16 38
1 2
177 146373
117 4497
119 20580
3 4
10 90
10 4591
6 31
5 581
4 11
1 20
5 19
15 1449
2 5
7 7
3 588
2 2
6 54
446 51956
22 9690
2 22
2 588
122 3325
4 354
105 6029
2 7
31 162
3 5
2 2
276 25713
2 3
9 8177
15 71
8 12
3 8
8 34
1 64
6 277
1 9
4 33
3 596
2 22
7 31
3 15
1 855
3 22
1 5
38 12678
3 15
2 3
2 3
9 2526
8 8
2 2
3 3
2 3
2 2
6 1703
4 10
126 9605
4 2065
4 21
84 19393
10 941
1 76
49 12580
15 1449
3 3
2 288
1 1656
2 2
11 3416
17 1839
3 89
2 3
5 71
57 8861
8 1604
59 633
3 30
9 327
3 8
2 3
1 64
1 297
2 3
8 1604
8 1039
4 2074
2 3
150 1976
2 588
2 3
1 9
12 144
25 378
1 6
12 29
10 93
9 8177
3 304
11 13261
1 2
10 941
2 3
1 885
2 2
5 6
5 5
5 581
19 26
7 327
11 473
1 297
3 326
185 629071
2 3
1 64
6 28
5 5
11 10849
2 7
1 5
2 885
4 8
3 89
2 2
5 44
3 180
6 1703
321 54360
2 2
6 82
8 5613
4 11
1 2
370 54365
1 33
103 18428
2 3
20 1769
113 261
1 588
1 5
11 93
4 304
7 868
5 581
2 3
6 6
2 30
2 79
10 90
2 3
33 3452
8 8
8 52
5 31
6 312
51 10999
47 1029
10 13
123 16399
3 3
4 588
3 938
5 304
2 15
7 10
2 3
113 122329
1 588
79 3451
10 588
21 2878
22 2720
5 11
5 22
3 7
104 4497
93 17120
15 39
3 10
4 52
5 41
4 949
1 12
14 3075
5 7
92 12676
1 297
5 304
230 51208
16 608
3 354
4 949
23 95
3 289
1 15
4 17
41 217168
1 287
2 588
2 2
40 12677
1 9
119 16399
2 3
5 1768
374 10474
9 23
1 588
18 378
6 297
10 588
1 15
103 18428
1 68
33 8727
1 64
3 6
105 6029
1 588
5 304
4 4
9 144
111 260
4 354
1 5
2 2
3 65
1 588
2 58
2 9
3 588
2 2
295 47853
9 327
6 29
74 3533
6 14
29 14218
11 10849
15 3431
3 3
3 2074
9 9
7 46
7 54
122 17841
2 588
2 2
1 588
2 2
2 3
2 5
21 1839
126 9605
9 6841
3 5
9 144
45 2251
3 304
2 588
3 12
2 2
4 14
11 13291
120 7902
3 12
2 2
16 183
145 36841
15 4708
1 294
7 31
2 286
62 3482
3 290
5 2080
17 6143
22 2720
2 288
2 2
2 2
7 12
3 22
96 7185
1 2
5 581
42 6868
2 34
2 3
5 10
4 11
14 929
38 1299
3 8
6 883
2 9
8 8
3 15
1 6
6 1769
5 10
2 2
7 581
2 2
23 12937
28 2244
3 10
18 378
11 13273
1 4
1 22
7 91
2 2
5 15
1 269
4 2074
4 288
57 323
33 8727
5 301
33 8727
4 2074
1 287
2 6
32 13323
2 2
17 66
2 8
1 296
106 3529
5 15
3 5
1 25
339 834401
2 2
4 5
2 4
7 2576
29 121979
4 6
3 6
3 15
1 588
10 835
1 3
24 12937
1 3
64 2819
1 2
182 29421
2 2
12 17
1 2
2 3
7 11
3 304
430 21721
6 13
5 56
6 4708
6 13
15 6752
4 52
2 288
2 5
1301 58670
1 297
1672 21249
11 473
118 19967
4 4
121 9876
20 334
33 3452
64 2552
6 2662
2 3
2 2
18 4788
8 2080
4 11
57 8861
6 300
3 3
23 1039
8 34
9 327
41 6795
1 588
3 3
1 588
10 36
2 288
2 288
3 588
2 3
8 1039
10 36
1 5
58 20727
23 95
6 4708
265 11913
4 1769
2 3
2 288
1 5
7 588
1 2
3931 334095
79 79
9 51
1304 58680
173 29421
10 93
2 3
1 588
3 3
3 3
1 11
324 54365
4 7
9 2362
17 4789
3 8
58 20727
2 3
3 304
42 4507
7 297
4 6
1 5
3 15
6 23
6 941
14 26
1 297
11 13291
2 21
2 3
5 10
4 55
3 7
4 289
5 10
29 14218
1 855
2 15
2 287
10 93
2 21
179 5158
3 3
3 3
89 1106
5 10
3 3
2 4
1 6
94 13618
1 297
5 31
11 2762
2 3
1 7
6 3994
151 1981
11 93
3 15
145 36841
8 2080
3 9
4 297
2 2
2 588
2 3
2 3
3 9
28 2244
1 14
6 6773
4 294
39 2251
2 9
3 9
3 22
3931 334095
7 597
3 290
1 74
2 15
1 6
1 588
2 34
6 10
33 3452
1 76
145 36841
6 32
10 36
73 2819
33 40
20 9690
85 9911
76 3675
9 8179
17 1839
3 304
4 5
2 112
2 14
2 29
4 6
2 17
83 14434
67 647
2 3
2 3
1 2
12 1610
1 6
5 71
4 10
2 2
5 24
14 26
1 6
11 3416
3 66
79 3451
3 3
1 949
6 941
3 12
3 5
4 312
6 360
10 36
56 2858
58 4006
3931 334095
22 413
138 4711
14 89
1 3
97 3054
151 1981
111 260
9 51
9 134
11 1172
4 6
22 1610
22 249
29 14218
17 1839
289 834401
414 20874
10 329
3 3
30 1547
266 37169
3 10
58 20727
10 93
2 3
5 1537
1 12
7 31
60 691
18 4788
7 32
10 36
69 6201
1 1999
4 289
56 6029
5 56
1 2
76 3675
1 5
18 18
3 10
8 34
66 9343
8 8
19 9789
15 1449
1807 405949
7 3500
2 2
3 18
4 67
9 2257
4 588
11 3669
18 9797
17 1460
321 54360
6 23
22 1610
22 413
31 162
11 93
2 2
31 162
3 20
3 89
2 588
7 31
3 89
10 118
289 834401
63 630
4 32
2 3
295 39050
13 3416
335 11062
4 5
13 3416
2 112
15 1360
120 18094
3 3
3 10
66 2552
2 5
8 34
6 6
1 5
214 3529
11 473
4 28
15 1360
2 2
19 3074
6 312
12 29
18 1839
2 2
3 6
11 473
8 1537
2 3
8 8
2 2
3 3
1301 58670
2 2
2 3
500 20874
3 72
2 3
4 65
19 73
3 35
1 13
23 9797
2 5
6 15
22 2720
11 27
11 473
2 8
7 12
2 3
3 3
4 588
37 205719
1 2
8 73
5 9
4 14
7 868
3 288
6 6773
8 868
3 14
3 8
42 6868
10 1610
6 1537
2 3
20 1975
22 1610
6 327
25 4787
1 18
103 18428
1 35
216 33033
6 3994
5 10
8 8
6 581
42 82
4 17
17 1839
11 28
15 1449
2 2
1 5
81 82939
126 9605
2 18
2 588
17 639
7 12
3 7
9 59
42 2254
45 2251
2 3
21 2878
84 19393
5 12
2 1999
613 65381
122 16391
6 2662
2 3
10 59
2 5
1 2
5 588
2 9
6 12
7 32
22 9690
3 3
27 1221
1 64
48 14435
9 45
38 12678
4 14
2 3
20 73
31 2237
3 304
6 13
2 588
19 1769
1 286
1 9
3 33
461 44569
3 9
11 4782
7 31
92 12676
2 2
3 289
2 5
1 297
132 35971
4 33
29 3198
22 1610
10 1293
2 15
8 581
8 1537
2 5
476 29134
1 588
5 114
6 312
10 1857
2 2
1 2074
22 4787
8 581
2 5
3 7
13 3416
67 647
1672 21249
57 2858
1 5
6 6773
2 3
1 312
1 3
15 1449
48 12678
1 5
3 3
2 2
4 294
382 39833
16 183
2 6
258 162156
2 6
3 301
3 10
357 11062
18 105
4 315
23 95
2 2
2 3
1 297
7 327
11 10849
4 6
11 327
14 89
15 1360
21 2878
2 885
38 12678
2 21
10 941
3 3
15 144
2 288
182 29421
1 5
4 588
6 1537
3 7
7 31
2 2
179 5158
5 21
1 3
41 6795
1 3
9 93547
5 595
1 7
1 288
2 3
7 32
7 12
2 2
1 5
12 1610
6 22
4 5
12 3500
5 1768
7 588
6 80
1 5
2 2
25 7456
3 290
289 834401
3 3
13 3488
2 9
5 15
8 941
3 12
4 8
2 5
15 144
3 3
11 473
276 25713
2 3
3 3
10 36
14 89
2 34
22 4787
276 11191
2 22
1 3
2 6
69 13618
106 3529
6 1703
6 13
5 297
85 9911
2 21
2 3
2 2
4 312
7 597
3 18
8 1537
2 3
3 18
13 3416
105 5340
2 5
2 3
2 2
5 300
11 13263
5 10
1 588
5 102
5 10
9 23
2 3
4 597
2 2
4 1528
2 288
5 31
2 3
5 6
3 3
4 52
1 14
2 2
1 59
16 608
9 144
2 3
2 3
2 3
73 633
3 8
1 5
92 12676
357 11062
2 288
2 3
18 126988
1 297
64 2819
3 3
4 1769
2 14
5 5
65 10998
10 1857
2 3
228 17878
2 5
4 588
64 2819
8 23
2 286
42 2254
28 2244
3 15
1 5
9 327
15 1449
6 56
9 1610
2 3
2 2
2 3
2 5
28 2244
2 12
5 10
1 6
3 588
11 2762
1 14
79 17436
66 2552
10 93
94 2819
7 588
66 2552
3 1805
31 2237
8 885
2 288
4 303
9 2829
6 32
29 12677
2 3
18 4458
4 294
1 5
3 296
2 3
2 2
321 54360
2 304
1 6
50 13618
214 3529
13 3416
2 2872
22 4787
237 162156
2 288
2 304
2 2
177 4103
29 3198
1 588
2 2
1 288
214 3529
3 301
5 2074
84 2819
3 54
10 36
6 309
11 2762
10 93
1 6
3 18
6 868
9 9
5 12
2 304
2 137
1 588
3 3
6 6
5 3994
11 1172
5 3994
60 1760
6 12
5 7
11 473
4 2081
11 10849
3 20
45 10517
7 10
14 636
3 289
5 5
3 588
12 144
3 288
1 2
69 6201
1 5
14 3075
12 4830
15 3431
3 3
33 3452
5 301
2 2
3 89
1 2
1 6
2 3
3 72
3 3
6 32
3931 334095
2 2
103 18428
3 290
1 3
98 1282
1 6
4 303
3 3
9 327
46 3719
15 1360
5 10
4 9
2 288
237 162156
15 14797
11 473
5 12
3 4
7 588
12 327
2 5
3 5
29 14218
2 15
1 3
1 269
5 31
266 37169
2 2
3 3
3 72
124 9857
374 707413
120 7902
4 11924
3 304
1 949
3 15
59 6312
145 36841
4 14
27 730
1 2
1 301
6 2584
35 14813
14 929
6 300
15 1449
17 1839
5 581
1 2
2 3
100 3000
5 304
1 7
17 6143
3 12
1 58
20 73
10 588
3 15
16 16
3 67
8 1537
1 303
6 312
6 10
3 354
2 3
80 12676
3 10
1 35
3 5
1 312
4 2065
2 3
2 288
10 19
3 297
48 12678
199 4711
3 3
12 29
1 2
210 6134
6 327
481 32586
135 1515
15 1360
2 1999
3 885
25 7456
6 31
66 2552
1 297
1 949
1 76
11 13271
3931 334095
26 8879
7 595
7 32
2 2
63 630
1 3
7 13
59 6312
2 6
4 297
58 20727
79 3451
1 5
1 269
2 6
3 36
5 21
28 2244
1 71
2 288
13 3075
18 1764
29 121979
8 52
2 15
7 320
7 11
12 327
11 4672
2 2
4 327
452 39833
6 11
106 3529
59 6312
4 1528
12 17
6 32
2 2
1 5
4 6
1 2
3 15
19 73
2 2
3 18
2 285
5 16
6 156
13 3488
17 6143
2 8
2 5
6 290
8 1039
23 9797
2 2
8 10376
1 2
1 297
191 33902
23 1039
2 2
3 3
1 10
2 2
3 89
6 32
5 581
3 1094
29 14218
79 3451
15 39
7 941
3 1805
2 22
2 303
4 4
22 1306
15 1360
1 2
1 6
6 32
5 588
114 20580
194 24939
2 3
2 1767
3 304
6 31
2 6
111 29625
8 581
12 1293
3 10
10 53
6 327
1 39
5 588
81 82939
177 146373
8 1537
1 3
2 2
420 44569
1 64
3 8
6 1769
2 3
9 318
7 588
2 3
99 3325
1 297
2 287
18 639
1 2
3 304
1 10
28 2244
11 13273
9 3147
2 3
2 2
2 2
1 588
1 2
5 304
4 7
83 14434
3 9
2 1999
2 3
2 3
1 72
1 2
5 14
1 5
4 4
1 2
6 23
17 6143
10 93
6 12
1 2
23 1039
15 90
9 46
3 3
11 2230
6 2662
1 5
2 288
2 2
1 15
177 146373
24 12937
2 5
3 14
5 15
4 40
19 9789
2 2
6 580
65 14812
2 2
1 5
51 10999
2 2
1 6
17 34
22 2720
4 11
1 949
105 6029
2 2
6 301
1 286
8 1537
382 39833
18 105
2 3
1 286
39 2251
5 304
2 2
5 15
1 5
2 3
7 31
2 3
5 6
4 8
1 2
6 1537
34 2829
66 2552
72 17654
2 2
2 6
4 297
11 13273
335 11062
5 301
2 288
2 4
4 588
6 82
15 5456
3 3
289 834401
1 2
3 3
30 204
2 588
45 10517
3 3
2 7
30 204
37 205719
5 10
69 9902
6 10
2 3
58 4006
11 473
18 4788
4 6
2 2
23 13689
1 3
2 2
5 3569
14 26
7 32
5 31
2 3
2 2
3 9
11 13281
5 10
16 31
3 3
5 11
138 28806
23 1039
4 6
3 23
3 10
6 82
6 23
83 14434
7 31
2 3
3 8
2 2
1 297
5 2077
11 13283
18 378
1 4
2 5
2 3
321 362065
19 35
23 95
29 3196
9 93547
5 15
2 3
5 15
1 59
20 1168
2 3
6 80
3 8
45 10517
2 2
9 93547
22 1610
3 89
3 289
4 4
12 29
2 8
117 4497
20 134012
2 2
11 473
3 12
38 12677
3 5
8 23
19 73
3 12
98 1282
31 162
3 40
7 32
3 7
8 581
2 3
5 15
31 14218
4 289
11 13283
4 1999
2 3
1 588
2 5
19 9789
1 72
3 289
5 297
25 922
1 22
4 11
6 941
2 2
10 93
9 327
15 1449
3 588
15 1449
370 54365
1 3
2 2
16 1769
2 8
4 6
1 2
23 95
7 949
2 3
2 5
1 588
10 329
91 19393
6 32
66 2552
3 3
3 4
18 4962
2 3
8 34
2 3
6 1537
4 8
2 2
45 10517
8 2686
1 296
10 93
3 15
1 6
6 52
2 3
2 22
59 323
14 929
58 4006
73 2819
75 2819
122 17841
420 44569
1 5
2 2
3 14
2 2
1 2
109 9605
1 588
2 3
4 597
5 304
1 2
1 2
2 1999
2 2
3 2074
3 3
16 31
21 2878
11 13293
5 22
2 33
1 59
3 3
1 15
3 3
12 327
2 3
10 36
5 161
2 3
1 5
339 834401
3 6
2 2
6 581
58 20727
9 1293
5 44
6 327
4 288
1 9
2 3
6 290
29 21516
3 3
166 17245
4 949
2 3
1445 329382
2 288
3 354
1 5
150 11913
1 5
19 73
3 3
89 82939
4 11
1 12
11 13271
2 3
1 35
1 588
12 29
29 121979
58 20727
1 5
1 15
1 3
2 2
9 45
1 22
7 31
1 297
2 72
3 4
4 11
481 32586
1 27
40 6795
2 275
30 1547
9 327
3 3
41 202371
7 320
33 8727
5 11
5 581
3 3
156 59187
3 5
117 4497
2 3
4 304
4 24
3 8
1 15
17 1839
11 2720
216 3529
1 6
6 290
3 288
2 288
8 52
4 6
12 29
1 4
9 13
9 30
2 2
1 2
295 47853
3 5
2 2
10 36
2 2
3 7
22 1610
1 949
11 10869
19 1769
85 9911
5 323
69 13618
23 135565
1 5
2 24
2 3
29 12677
2 288
538 43060
4 304
6 29
136 5863
2 40
4 6
11 473
48 2251
1 588
3 289
85 16332
16 608
1 6
3 3
1 269
20 1769
2 5
2 5
4 5
7 45
60 691
29 7461
13 1537
11 473
2 2
266 37169
15 144
3 66
42 82
6 312
8 581
5 15
25 167
3 15
2 588
2 3
9 79
2 2
7 32
15 1360
1 64
7 595
6 309
14 3075
1 588
11 473
2 3
3 9
31 2244
4 14
4 4
31 162
7 3500
4 11
1 15
11 13291
7 31
39 2251
1 288
5 10
2 22
7 31
21 6143
5 949
2 3
3 18
2 21
2 15
22 673
31 2237
11 493
3 288
2 2
7 31
6 588
2 2
39 2251
2 9
295 47853
6 6773
6 1537
3 89
9 2762
5 15
28 126988
1 5
6 28
1 14
2 3
3 6
2 3
2 4
1 5
10 4017
5 71
3 18
3 89
6 303
5 10
9 327
209 4546
1 949
29 14218
1 3
2 22
83 14434
5 2074
11 4782
4 327
126 9605
16 34
6 360
6 297
370 54365
3 18
2 6
56 3452
10 90
2 2
6 2584
3 3
105 6029
41 6795
2 288
5 31
2 22
3 15
6 54
3 67
4 289
5 15
7 588
3 15
6 6
11 4880
2 2
98 1282
9 32
8 34
23 1039
18 3452
14 89
1 3
7 10
11 493
3 304
10 3730
4 304
2 6
2 3
2 3
200 4711
29 14218
2 213
10 13
9 327
2 26
1 14
42 6868
1 5
1 2
1 39
23 1039
16 97
6 1769
6 82
2 34
7 32
4 8
18 4788
4 4
2 304
