2 289
1 11
2 22
2 14
42 3451
4 5
3 304
4 82
6 310
2 2065
2 10
1 3
99 162124
6 91
1 8
2 3
5 323
8 3075
10 3675
2 15
2 3
3 4
17 95
2 3
5 2526
2 588
1 48
5 21
1 64
60 5312
4 297
3 6
11 28
1 2
3 3
1 5
19 6795
2 22
1 3
8 1360
12 12937
2 2
6 13273
4 8
1 14
4 2074
4 33311
11 14806
2 2
5 13
1 29
7 835
1 3
2 10
8 9797
41 3529
3 10
2 304
3 300
2 13
2 15
2 13
2 2
4 249
40 260
1 6
19 6795
2 89
255 106483
1 3
2 3
6 323
4 6
2 18
2 588
6 13261
3 52
11 398
3 7
4 360
5 4962
2 2
4 82
4 3488
14 1567
2 13
2 3
2 23
3 52
1 3
3 52
3 10
3 941
4 4708
4 11
6 12
2 5
2 4
1 15
20 2819
1 3
3 3
3 55
6 93
7 93
56 4711
70 5156
2 588
1 2
1 15
2 3
6 323
2 2
6 13271
1 269
2 10
1 11
1 877
5 31
1 3
3 15
1 29
140 11062
2 3
1 3
2 2
3 304
2 588
3 3
13 9789
1 297
2 9
27 9907
2 12
1 2078
20 3452
7 2878
2 13
1 2
4 10
1 89
6 13283
2 3
2 6
2 150
3 313
2 588
62 11913
5 581
2 4
7 8
3 11
2 588
7 329
1 11
4 41
8 1449
38 14428
3 2077
1 5
18 8727
1 5
45 261
2 2
2 9
79 146355
17 3220
4 26
20 3452
1 29
5 1742
2 2074
4 20
1 7
2 3
12 14429
13 3415
7 378
2 2
10 6771
8 1857
11 26
1 3
3 15
2 9
1 6
1 6
2 596
7 105
1 3
3 7
12 6143
1 3
6 8
1 7
3 1558
35 1029
1 6
2 2
2 289
1 3
1 3
6 12
28 8861
3 885
2 304
2 12
7 378
10 133968
4 478
2 13
18 334
16 2829
2 10
1 13
26 4507
2 597
2 28
4 82
1 5
1 297
2 3
1 35
19 205509
6 6
83 39050
2 21
3 14
19 6795
2 22
22 2819
57 18424
1 588
1 6
3 885
2 6
12 8875
28 56859
1 949
37 17115
2 596
30 36841
6 93
4 161
7 12573
23 2819
2 17
1 7
3 7
111 8430
3 300
2 2
23 722
45 12669
5 323
1 7
5 59
9 56
4 941
26 4507
13 3087
2 89
3 310
3 2584
4 277
7 54
2 2
1 286
1 3
14 183
1 3
2 3
7 34
20 3452
3 581
10 144
3 300
1 2
2 1769
39 259
223 80929
2 3
4 2244
6 13293
1 8
5 316
1 8
2 2
2 2
25 6029
5 35
1 8
2 3
2 3
4 2244
3 3
2 10
1 8
4 6837
6 9789
3 1293
3 7
34 29611
1 288
38 14428
1 2
2 588
2 27
7 329
6 2000
1 287
6 2243
1 3
2 596
2 36
6 2243
1 304
1 79
1 9
49 42975
1 2
1 310
83 39050
24 2819
1 2
11 162
23 691
11 7461
2 2
1 287
8 29
42 3529
1 29
3 290
2 2
4 3056
16 6795
2 13
1 588
8 167
5 36
2 300
3 10
1 8
2 4
2 58
1 3
1 29
3 13
65 4528
3 9
5 8179
1 6
2 2
11 2878
2 288
16 228
1 2
9 2762
2 58
1 40
24 19393
2 1999
2 289
2 3
38 14428
2 2
2 588
2 289
5 32
1 855
19 1760
16 3179
1 3
4 11
1 3
239 62960
1 5
8 36
8 36
54 3531
2 2
2 7
2 10
2 22
1 3
1 1996
2 17
28 10995
1 6
6 12
8 1857
31 82
2 588
2 13
3 52
9 1547
2 4
2 3
1 3
3 33
2 2
1 588
3 12
1 5
2 2
2 7
23 691
2 8
2 5
7 378
8 1857
2 3
4 5
4 304
1 8
2 1769
3 1537
4 2074
4 31
20 12573
1 12
3 5613
1 3
5 14
2 6
3 10
45 6134
1 3
2 9
2 68
1 5
4 4672
2 3
6 12
4 19
201 54349
28 8861
2 2
2 13
10 1839
12 6029
56 28792
3 6
8 1449
3 6
6 13283
8 2552
2 89
4 32
1 5
1 2
4 41
2 290
1 29
7 3074
2 275
9 12670
2 58
4 10
6 323
4 3994
2 24
2 3
1128 334039
5 7
9 97
2 3
61 261
3 3
5 31
5 31
1 303
3 1769
2 3415
5 941
2 6
53 122758
2 859
27 9907
1 29
1 5
2 2
503 329499
19 205509
2 5
2 2
2 3
2 588
5 7
5 301
2 3
11 925
5 13
2 6
5 32
13 6433
2 3
1 310
23 19960
2 3
1 3
2 289
2 289
2 6771
1 20
2 588
6 13263
37 17115
7 329
1 288
6 6
28 1853
3 72
2 17
11 27
6 93
1 3
36 1282
3 174
1 6
1 6
4 1999
14 18
2 2
2 3
1 2
267 58680
1 80
57 834291
7 4672
3 8
2 3
10 2878
1 29
33 6312
1 12
9 89
2 10
2 2
2 2
3 868
4 39
36 20569
27 3452
3 35
3 3
7 3669
2 588
5 581
5 6
3 1999
17 95
2 588
1 2
3 287
1 12
1 3
2 134
6 13271
3 91
1 12
2 3
24 17654
2 68
2 180
15 6771
1 29
2 12
10 1839
9 12670
267 58670
9 6143
31 82
2 35
4 51
3 4651
5 14
5 31
2 3
3 885
40 260
24 1285
60 15470
2 2
1 10
5 32
3 4
26 4507
2 13
2 10
4 6
1 883
2 2
2 52
2 3
1 5
4 5
1 8
2 303
3 11
1 6
20 12573
106 1984
1 3
2 6
2 18
9 1769
1 6
3 11
35 19393
3 11
2 2065
1 2
1 3
3 1360
2 4
2 588
6 473
17 95
6 91
5 34
56 146355
4 51
2 13
1 5
2 937
5 300
8 4694
1 29
4 304
12 7461
2 13
2 588
4 11
1 5
17 3220
16 2829
41 3529
33 628
13 162
1 5
10 144
2 5
2 20
1 2
25 6029
1 2
2 5
3 4708
2 2
5 31
10 133968
4 3056
6 588
16 3198
4 2074
1 949
6 93
3 11
74 24303
4 5
2 89
5 12
13 12937
2 24
22 2819
5 323
2 18
2 13
4 1537
1 26
1 2
3 323
2 54
45 834291
2 6
4 310
2 289
12 39
10 1839
2 12
7 327
5 323
2 304
5 1703
1 288
1 3
1 6
1 3
2 5
1 58
157 32586
5 24
4 2074
81 24319
6 93
13 1610
32 2552
8 1857
3 14
6 93
2 2074
16 3179
1 29
3 72
5 1360
5 31
1 3
2 304
3 13
2 3
1 70
1 3
1 855
2 3
22 4711
11 150
1 14
2 595
7 4672
4 31
1 3
11 7461
2 10
1 3
10 2878
18 11913
6 13293
20 3452
1 58
4 8
4 10
5 31
3 8
1 3
2 4
81 36897
3 14
8 36
2 9689
26 2251
3 25
3 8
32 2552
1 6
8 4783
1 297
6 8
2 2
46 9876
1 3
4 5
9 2819
13 39
25 6029
5 323
1 29
2 3
23 691
18 202153
2 588
1 297
19 1760
2 3
2 304
5 323
1 3
16 2829
2 80
5 11
2 6
1 5
2 10
1 6
3 581
5 7
8 1449
1 6
5 31
45 834291
3 868
3 25
8 167
19 20727
6 2246
1 2
12 1769
3 304
2 588
2 6
267 58670
4 32
2 2074
2 288
1 3
2 13
1 5
2 588
4 5
1 34
1 3
5 885
3 288
3 310
1 3
10 34
2 588
2 12
1 71
14 16
65 4528
5 156
2 289
1 3
1 3
2 13
1 891
9 12670
4 2244
4 118
7 34
18 8727
1 2
1 3
1 59
26 2251
3 10
2 14
4 5
9 56
4 13
164 80597
5 12
32 82915
4 32
2 949
6 493
1 6
1 3
6 93
1 2
2 2
1 7
7 34
2 1999
4 8
16 3719
2 5
1 2
2 3
74 24303
32 2552
1 288
17 95
8 167
12 12937
2 2
1 2
4 96
2 2
3 1999
2 2
2 3
10 1168
2 20
264 48176
2 3
13 1769
2 4
2 588
2 2
1 3
4 11924
10 2878
1 6
38 14428
8 9797
4 2244
1 5
1 5
17 1894
2 289
3 3
4 8
21 2251
16 2829
1 3
75 13390
18 2552
1 304
1 12
4 32
4 941
3 3
2 588
1 8
2 22
82 16387
6 323
3 885
3 31
1 588
6 13283
1 4
4 2074
2 2
1 297
9 2819
8 2237
3 3
4 3056
2 3
9 12670
6 323
3 58
1 2
2 67
1 3
10 12671
61 9601
2 304
4 304
3 9
1 286
2 288
2 6771
3 581
6 32
3 603
2 3
5 581
2 9689
8 323
9 56
2 22
12 5092
1 5
8 1857
6 93
3 31
2 8
2 2
3 3
2 5
1 64
1 3
614 101773
4 1999
4 6837
2 304
4 3488
140 11062
4 323
27 9907
2 17
2 3
5 31
2 2
8 167
3 144
10 1039
3 290
2 4
1 3
12 1306
1 2
1 2
4 32
2 304
5 301
6 2829
1 3
2 1768
1 5
1 297
3 3
10 12670
6 588
27 6201
2 3
6 93
5 2080
3 12
201 54349
24 19404
1 3
8 26
3 7
2 2
4 8
5 7
159 20874
23 722
24 17654
2 68
8 9797
1 8
146 25695
2 580
10 1360
2 2
2 3415
6 13281
9 73
11 8872
2 288
1 6
12 12671
3 9
2 2
1 58
1 12
1 5
33 55293
16 6795
1 588
6 588
1 3
2 596
2 5
2 354
2 288
83 39050
3 3
4 304
6 323
10 1360
1 2
45 12669
32 9907
1 6
1 3
2 2
1 2
10 144
1 13
1 21
2 3
1 2
48 9601
6 4017
1 588
1 2
2 17
1 855
18 8727
3 4
2 13
5 31
2 9
1 72
3 588
4 5
1 5
5 36
24 2819
18 216950
16 6795
2 26
8 7461
5 64
267 58670
17 1894
1 64
1 3
154 20704
8 2257
5 36
7 598
4 10
1 3
15 19
2 5
8 608
4 224
1 3
57 18424
1 5
2 89
1 11
4 11
5 1180
1 297
23 20727
4 32
1 4
5 15
2 61
3 3
20 2930
8 1769
6 2662
4 304
4 5
7 1610
2 12
1 2
2 89
10 35
6 13261
2 5
3 289
6 493
2 3
10 144
2 24
11 26
1 13
5 7
5 3488
9 1547
1 9
1 297
10 6771
6 13293
3 7
2 8
1 288
10 2878
32 9907
3 304
36 1282
5 13
11 9789
3 3
2 5
1 20
2 296
2 3
1 3
1 76
6 93
1 29
2 2
1 5
1 6
1 5
54 3531
3 885
1 5
1 323
17 95
2 26
1 287
1 29
3 3
1 9
1 6
13 162
8 8
2 12
5 31
1 304
20 323
1 301
1 2
3 3
10 1039
1 588
6 2662
2 221
2 2
8 2257
8 7952
146 25695
23 5113
1 16
6 93
1 2
228 241008
157 32586
2 18
5 8179
1 91
2 2
2 9689
4 304
13 162
1 76
2 18
27 6201
26 4497
2 304
12 5904
2 9
2 290
3 10
17 17429
2 3
2 13
2 3
2 12
6 588
3 3
131 10474
1 64
3 25
18 10996
7 387
42 3529
1 6
3 10
56 7898
3 1537
2 4
1 2
20 3220
99 162124
45 834291
2 60
2 2
2 4
12 5904
8 36
28 1853
2 3
1 6
16 2829
2 304
5 9
1 2762
1 5
3 26
3 55
1 6
2 1709
3 7
1 304
2 67
6 7952
2 588
6 10849
2 288
1 4
2 588
1 2
3 6
3 868
9 73
24 2819
6 90
146 11173
20 3452
4 11
4 33
1 3
3 8
1 8
1 3
56 146355
9 2819
1 14
3 2584
1 3
1 3
3 4708
4 360
2 14
7 9797
27 3452
4 323
2 595
1 2
3 22
2 3
6 59
4 6
4 5
2 8
54 3531
10 135481
12 1769
2 304
10 135481
2 3
6 473
1 2074
8 36
6 93
2 3
2 4
4 5
4 4708
98 37169
4 12
8 1449
6 7898
2 2
4 381
79 79
28 8861
26 2251
2 14
1 2
2 3
10 144
3 4
4 170
1 2
2 18
2 596
2 3
2 2
1 5
3 5
2 588
6 473
16 3179
1 2
13 17
5 6752
2 3
3 72
11 150
5 32
3 14
1 3
1 3
3 1537
4 8
3 52
2 2
1 3
6 473
2 2
6 323
2 596
5 22
1 11
5 156
5 31
2 4
12 1520
6 10849
1 3
6 493
8 8
17 1894
2 2
6 6
2 588
2 2
5 1703
87 18503
54 3531
5 31
2 7040
3 6
8 1857
5 15
12 12937
5 31
2 2
2 1999
2 288
2 304
1 310
3 10
7 4410
7 329
4 1537
1 287
2 89
9 1769
5 32
10 6771
8 2237
5 11
1 3
2 304
45 834291
1 7
13 1610
2 3
3 31
2 588
2 12
2 596
1 2
7 9
1 310
2 3
4 10
6 93
6 323
1 29
1 6
8 925
6 13273
1 11
6 473
2 588
5 2080
24 2254
1 33
7 13613
39 259
5 316
2 581
3 10
6 8
45 834291
11 8872
5 1766
2 3
3 581
4 10
29 35971
6 10849
12 14429
8 1857
2 3
21 4497
2 2
2 3
3 31
4 304
3 304
24 2254
1 2
2 54
1 269
20 3452
1 72
5 23
5 156
70 17878
2 5
21 2251
7 4783
8 1449
6 323
1 3
2 588
1 588
20 3452
1 2074
2 15
27 9907
2 588
2 2
3 868
2 3
2 9
1 310
157 32586
1 64
1 6
696 407551
13 39
1 3
6 12
5 8179
2 2
10 1168
1 5
4 31
3 868
1 3
13 1520
1 5
1 72
6 4785
2 3
1 6
267 58680
1 12
2 581
2 3
5 13
10 2878
9 97
1 855
1 71
1 7
3 597
2 1999
5 31
3 3
1 301
1 3
9 323
6 588
3 3
2 2
2 6752
11 26
95 156872
2 6771
20 3452
1 29
2 2
2 2
6 868
1 3
1 29
13 162
5 323
2 2
2 4
1 64
1 29
7 13613
44 5519
3 1537
1 3
2 3
3 55
3 6
16 71
1 33
2 310
3 52
1 24
2 2
2 596
3 10
1 6
10 339
7 1824
16 3198
1 2
44 3529
3 58
2 304
2 3
3 313
3 18
3 3
2 3
1 8
6 7898
2 67
8 7456
4 1999
26 10517
6 4784
2 2
2 354
2 4
7 378
36 3325
17 13613
16 2829
21 335
12 7461
267 58680
2 3
73 18090
2 2
8 1449
6 1608
1 40
6 2662
10 2878
2 2
3 73
2 10
2 588
2 23
11 150
146 25695
7 93
2 10
4 2142
1 288
8 7456
5 31
11 162
2 80
2 12
12 6029
3 10
2 24
2 3
18 334
2 326
2 297
2 3
3 310
1 3
17 63
1 3
1 13
1 4
33 55293
2 297
2 2
2 2
3 5
6 5168
7 93
9 1293
2 13
1 2
66 12232
2 6771
1 5
8 2362
2 3
1 9
2 290
2 289
2 10
1 2
17 95
1 29
2 590
4 360
1 6
7 329
1 21
2 1709
75 17840
6 473
7 1610
1 2762
7 4672
3 1610
5 1703
1 5
201 54349
2 290
11 28
5 154
4 51
13 39
271 65223
3 310
2 2
1 39
44 260
54 3531
38 14428
6 13262
1 3
1 3
4 3994
3 31
3 3
2 9
2 3
1 855
35 1029
1 44
1 297
57 834291
2 12
2 18
4 32978
3 9
2 354
2 13
5 13
2 6771
9 12670
3 304
5 31
3 8
2 6
5 941
10 1168
24 17654
3 1293
4 11
1 9
29 9876
2 10
4 297
2 2
1 2
1 26
2 6
8 55
7 93
33 6312
26 4507
1 1293
3 15
2 2
20 1285
12 95
1 297
1 9
2 289
2 2
3 10
5 301
6 323
8 145
2 1999
2 12
5 2029
7 5168
1 588
1 3
2 89
2 2
8 36
1 2074
2 22
1 2762
13 179
2 2
8 71
1 6
8 55
1 297
2 4
1 7
5 2686
3 7
2 3
1 6
2 10
27 4506
6 4784
45 834291
5 10376
59 628993
7 903
2 23
2 13
2 3
1 9
7 1360
4 31
4 11
2 12
1 2
146 11173
3 3
2 89
10 1039
5 360
3 3
2 33
1 8
1 2
1 6
7 925
3 2231
1 5
2 2
1 2074
10 3452
6 32
19 6795
3 52
3 3
2 288
22 4711
1 304
3 596
5 2552
4 304
6 93
2 2
2 14
4 32
131 10474
1 3
5 114
151 39833
3 7
39 1853
4 304
1 13
5 156
24 2254
5 23
42 3529
5 13
2 10
3 52
6 8
2 22
2 2
2 18
1 304
4 588
1 3
17 323
1 3
5 301
3 144
53 33017
3 354
2 178
1 301
3 15
22 20727
2 1769
3 3
3 354
2 3
2 3
1 21
8 4783
7 134
3 4
5 22
36 1853
5 183
1 3
2 588
6 6
1 588
1 2
2 4
10 3675
2 2
2 22
1 3
2 3
1 3
2 3
5 31
4 32
1 855
3 10
11 162
2 3
2 6
1 269
1 3
9 66
1 588
1 855
4 297
8 167
57 834291
2 89
16 2829
8 1857
3 31
18 8727
1 3
21 2251
7 144
2 14
1 3
2 2
1 3
5 32
2 10
2 1528
9 1769
9 6143
1 25
1 5
169 54344
35 747
3 12
2 89
2 60548
6 473
2 2
40 12669
3 15
2 9
5 7
7 13613
4 19
16 2829
35 633
1 12
18 8727
4 20
6 93
8 9797
5 581
16 3719
7 2878
2 2
3 8
81 36897
39 12669
267 58680
6 473
3 1999
8 3075
8 17
4 15
2 3
4 2244
6 323
14 673
70 5156
6 10849
1 5
2 6
5 6
61 9601
3 290
5 8179
8 28
2 2
5 1604
8 2552
1 3
1 2
1 27
1 13
5 15
3 10
11 398
2 2
24 2254
2 588
6 8
5 35
1 3
1 29
56 7898
6 4784
1 3
2 2
3 4
1 12
2 3
5 32
15 249
1 288
55 836029
2 304
7 329
7 35
4 1602
7 1610
7 4962
5 32
5 56
11 162
1 289
6 868
5 32
5 581
8 9797
5 36
4 297
12 89
1 7
2 213
21 2251
3 3
1 6
4 2244
2 2
13 39
310 76391
2 288
2 2
6 4304
1 297
2 289
21 2251
2 288
14 90
4 11
7 378
2 89
1 2
1 3
2 2
8 3428
2 588
5 8179
5 71
2 44
1 949
2 10
3 5
2 2
4 32
5 3488
16 3198
1 588
9 89
2 3
2 2
1 3
9 121949
4 8
267 58680
7 327
2 1768
1 1999
28 56855
4 8
1 4
24 19393
5 6752
7 329
7 3500
3 5
1 6
22 20727
131 10474
1 11
2 2
8 4694
8 31
6 7
2 289
2 89
1 64
7 323
1 29
5 31
5 22
2 9
2 5
4 941
106 1979
6 13261
2 304
3 8
19 6795
2 2762
2 304
18 8727
1 3
2 6
12 5904
7 70
10 135481
6 588
1 3
2 22
4 6
2 296
2 1768
12 1769
4 27
6 603
2 10
4 51
6 29
6 473
7 378
2 588
3 31
3 22
1 3
1 21
2 2
2 2
2 2
1 26
1 5
2 304
5 2552
1 287
6 10849
4 11
8 126972
1 3
2 22
12 12937
6 478
1 10
3 304
3 25
2 2
1 3
1 588
1 297
6 14066
6 32
2 3
7 925
395 31880
2 23
1 35
6 3442
2 2
5 2080
3 868
201 54349
1 297
6 493
24 2819
6 473
7 52
1 6
3 3
3 15
17 1894
1 588
2 3
1 3
1 3
2 3
16 18318
1 76
2 6
2 28
41 3529
3 112
1 588
2 3
26 1853
2 2065
3 6
1 2
1 1999
2 14
2 17
2 89
3 3
2 89
13 1610
131 10474
2 2
2 588
2 2
1 5
56 15534
57 834291
11 1610
2 2
30 2852
5 195
7 2878
26 2251
6 473
12 12937
2 5
2 4
3 3
4 6837
1 35
2 10
2 2
1 588
2 3
3 7
7 6837
45 6134
3 12
3 5
2 2
74 13382
9 636
1 64
4 10
17 95
1 12
33 6312
1 2
267 58670
24 2819
12 12937
1 3
2 5
2 2
1 76
3 9
39 259
5 301
9 56
6 12
5 23
13 14218
3 868
7 35
2 18
2 10
3 4708
8 7461
5 581
2 5
2 290
1 14
2 326
5 31
3 3
44 3529
5 31
1 6
1 5
1 2
1 29
6 2030
1 2
1 64
4 10
3 9
2 1769
2 588
7 8634
26 2251
4 941
2 20
1 3
8 1449
1 2
3 89
3 4
3 290
10 1039
3 313
2 11
2 2
10 2878
1 3
1 588
2 23
2 14
1 7
27 9907
1 5
1 9
13 14218
1 7
1 3
2 2
3 6
3 7
2 296
2 3
2 588
4 3488
7 35
23 19960
2 310
5 7
3 14
1 13
2 588
3 35
2 67
29 13613
1 13
5 31
2 2
153 20146
13 105
1 3
88 4546
7 34
8 1857
2 595
2 18
2 2762
1 3
2 9
2 588
2 12
1 588
3 8
56 146355
1 7
1 29
2 2
1 22
6 6
5 301
19 6795
4 11
8 9797
3 354
1 5
75 17840
17 95
1 301
3 290
14 2819
2 588
3 8
3 7
16 1760
3 15
2 8
6 32
2 2
1 2
2 18
9 12670
1 949
3 297
4 3994
2 18
10 144
2 3
8 608
42 3529
310 76391
6 323
3 354
1 2
2 304
2 275
1 29
2 2
1 29
2 11
1 33
2 1528
30 2852
8 120435
7 329
2 2
2 2
2 288
1 588
24 19393
33 628
2 24
2 2762
4 54
6 581
1 3
1 12
1 12
5 1742
2 11
13 90
2 1999
5 32
3 2077
3 10
8 1857
1 949
2 588
26 2251
3 19
2 3
2 3
6 93
1 5
1 3
15 4006
2 288
15 249
2 2
2 288
7 1172
2 588
2 10
6 126972
3 10
4 21
1 326
4 12
2 10
8 2755
6 473
3 10
73 18090
2 2
3 10
1 301
1 3
22 4711
3 3
16 6795
5 310
13 38
5 32
1 2
56 146355
3 10
26 4497
2 2
49 20569
1 76
2 2
6 13271
2 2
3 4
2 18
2 2
1 4
1 3
3 581
1 11
1 20
5 31
5 15
2 5
5 7
2 588
8 36
4 54
134 51956
2 9689
2 22
2 588
36 3325
4 354
25 6029
1 7
4 32
13 162
2 3
5 8177
1 5
8 71
1 12
1 5
3 21
17 95
8 1449
1 64
4 277
6 13273
1 9
1 33
2 596
2 22
1 855
2 22
10 12671
5 2526
2 2
5 1703
4 10
61 9601
2 2065
4 21
24 19393
5 941
17 13718
20 12573
3 3
2 288
1 1656
1 2
2 10
2 3415
10 1839
2 89
5 581
2 3
28 8861
5 1604
23 633
3 26
5 323
1 3
2 2
7 93
1 64
2 286
1 297
5 1604
5 1039
3 2074
2 588
1 9
9 144
7 378
1 6
2 2
2 18
1 29
5 8177
3 304
2 17
5 941
2 3
1 885
3 581
2 1005
4 2244
9 5456
2 20
16 26
3 323
1 297
2 326
4 13
1 5
5 13
59 628993
1 64
5 31
4 28
6 10849
1 7
2 9
1 885
4 8
2 89
2 44
5 1703
169 54344
4 82
3 5613
1 3
1 11
201 54349
1 33
57 18424
5 1769
1 588
1 5
6 93
4 304
5 31
1 3
5 581
3 581
6 6
2 26
11 28
6 90
1 3
20 3452
6 310
7 52
3 310
18 10996
8 1029
2 3
7 13
83 16395
2 588
4 304
1 4
2 13
59 122329
1 588
42 3451
6 588
10 2878
12 2720
3 11
2 22
2 7
8 1449
21 4497
36 17115
2 4
3 52
4 41
4 949
15 696
8 3075
39 12669
3 287
1 297
4 304
142 51184
8 608
1 3
4 2244
3 354
4 949
1 15
1 3
1 2
18 216950
194 21717
2 588
2 12
2 2
12 12670
2 18
1 9
77 16395
2 3
6 10849
2 1768
131 10474
5 21
1 588
7 378
3 3
4 297
6 588
1 13
45 834291
57 18424
2 18
18 8727
1 64
4 310
2 6
25 6029
1 588
4 304
3 144
3 354
1 5
24 2254
3 65
1 588
1 3
6 473
2 58
2 9
4 588
2 2
104 47853
70 17878
45 3531
3 14
13 14218
2 2
8 3428
2 3
2 2074
7 9
4 46
7 54
2 588
6 32
1 588
2 2
2 5
14 1839
61 9601
4 6837
3 144
2 304
2 588
2 12
2 2
3 14
2 3
56 7898
2 12
7 183
30 36841
4 4708
1 294
28 3462
2 290
1 12
1 3
2 2080
9 6143
12 2720
2 288
1 2
5 12
2 22
18 7185
6 90
1 2
3 581
17 6864
1 5
2 34
2 3
6 13291
1 11
7 925
2 8
3 883
2 9
2 24
21 922
2 1769
2 10
1 2
6 581
2 2
11 12937
14 673
7 378
2 4
99 162124
1 4
1 22
4 91
2 13
1 269
3 2074
20 323
18 8727
5 301
18 8727
17 95
4 2074
1 287
1 3
12 13323
1 2
3 10
2 3
2 289
9 66
1 8
1 296
41 3529
2 13
1 5
2 2
2 5
2 4
4 2576
1 288
9 121949
3 6
2 6
3 15
3 10
2 3
1 588
7 835
2 3
1 3
12 12937
2 2
9 2819
1 2
103 29413
3 29
8 17
1 6
1 2
5 11
3 304
57 834291
2 3
3 10
5 56
3 4708
2 3
5 6752
3 52
2 288
6 473
1 5
267 58670
1 297
593 21197
23 19960
3 4
29 9876
2 2
1 3
18 334
6 10849
20 3452
35 2552
6 323
6 2662
6 4784
6 10849
5 2080
4 11
146 25695
28 8861
3 300
146 11173
2 289
3 3
10 1039
5 323
13 40
19 6795
1 588
3 3
1 588
1 288
1 288
2 588
2 3
5 1039
12 39
22 20727
1 14
3 4708
62 11913
3 1769
4 7
2 288
1 3
2 588
1 2
1 2
1193 334039
79 79
4 51
267 58680
92 29413
1 588
3 3
5 32
3 3
171 54349
8 2362
3 10
6 4785
22 20727
2 304
4 297
11 34
2 6
1 5
1 13
2 23
4 941
11 26
1 3
1 297
1 21
3 55
3 3
3 7
2 10
13 14218
1 855
2 13
2 287
1 21
70 5156
3 3
6 13273
2 2
2 3
6 10869
41 1106
3 3
2 4
1 6
1 6
29 13613
3 3
1 297
2 2762
2 3
1 3
1 7
1 3
4 3994
6 93
30 36841
5 2080
6 33
2 297
1 588
2 9
1 14
2 6771
2 294
2 9
2 22
1193 334039
4 597
2 290
1 70
2 13
1 588
2 3
2 34
3 10
20 3452
30 36841
22 2819
24 40
2 2
1 9689
27 9907
10 3675
5 8179
8 2237
10 1839
3 304
30 2852
2 20
4 5
1 112
2 14
1 29
3 6
1 3
38 14428
29 643
1 2
5 31
2 3
1 3
1 2
1 76
6 4591
10 1176
7 1610
4 10
1 2
11 26
2 3415
3 66
3 8
42 3451
2 2
1 6
5 8
1 949
3 941
2 12
6 126972
3 5
2 311
5 360
1 6
15 4006
1193 334039
13 413
22 4711
2 2
9 89
1 3
44 3054
6 10869
4 51
4 134
2 1172
3 6
13 1610
55 836029
6 249
13 14218
10 1839
5 31
26 2251
155 20874
7 329
3 3
9 1547
6 13273
22 37169
22 20727
6 93
3 1537
23 691
6 4784
2 289
632 405890
27 6201
1 1999
57 834291
2 1094
1 3
12 6029
5 56
1 2
10 3675
1 5
14 18
2 2
25 9339
2 10
13 9789
4 3500
2 2
2 67
8 2257
3 288
2 588
7 3669
4 2244
8 9797
1 3
8 1460
169 54344
2 23
13 1610
13 413
11 162
6 93
5 31
6 32
3 10
11 162
4 8
2 89
1 588
2 89
4 118
33 628
4 28
2 3
2 3
83 39050
6 3415
106 11062
2 5
6 3415
1 112
10 1360
73 18090
1 6
1 10
32 2552
1 5
4 296
6 6
1 5
2 9
42 3529
2 28
10 1360
2 2
7 3074
3 310
1 29
10 1839
3 6
2 1537
5 31
267 58670
2 2
159 20874
3 72
2 65
9 73
3 35
1 13
8 9797
2 5
3 15
6 3730
12 2720
6 473
1 8
5 12
2 3
8 2237
2 588
19 205509
1 2
3 73
5 9
3 14
2 6771
6 868
3 8
3 10
2 14
2 8
17 6864
5 1610
3 1537
2 2
12 1975
13 1610
6 323
8 4783
1 16
57 18424
3 31
1 35
1 3
53 33017
4 3994
7 34
2 2
31 82
10 1839
5 581
2 10
1 2
1 5
3 15
7 464
28 82915
2 3
61 9601
2 18
2 588
10 633
1 3
5 12
3 7
1 3
4 59
10 2878
24 19393
3 12
2 1999
82 16387
6 2662
5 59
2 5
6 32
6 588
2 20
2 9
6 12
2 9689
2 3
2 3
12 1221
1 68
1 64
12 14429
3 10
2 12
5 45
10 12671
3 14
16 73
8 2237
2 304
99 162124
2 588
9 1769
1 286
1 9
3 33
137 44569
6 10869
6 4778
39 12669
1 2
2 5
1 297
29 35971
1 33
2 289
16 3198
2 2
13 1610
3 1293
1 13
2 30
4 1537
2 5
154 29134
1 588
5 114
4 8
3 310
8 1857
2 2
1 5
2 2
1 6
1 3
1 2074
2 2
7 4783
2 5
3 7
6 3415
29 643
17 95
593 21197
36 2852
1 5
2 6771
1 310
1 3
3 10
7 34
1 6
12 12671
1 5
17 13689
4 5
2 2
2 294
86 39833
7 183
2 3
1 6
110 162124
3 301
140 11062
13 105
3 313
39 259
1 5
1 297
3 323
1 5
3 6
7 323
9 89
10 1360
10 2878
1 885
10 12671
1 21
5 941
10 144
1 288
103 29413
2 9
1 5
19 635
2 588
3 1537
3 7
70 5156
1 3
7 34
106 1984
19 6795
1 3
6 93513
2 595
1 7
1 288
5 12
1 3
2 18
7 1610
5 22
24 2254
8 1449
4 5
7 3500
2 1768
2 588
2 80
1 5
8 7456
2 290
55 836029
3 3
4 3488
2 9
2 13
2 2
3 941
2 12
2 5
10 144
2 3
2 2
2 3
7 34
12 89
2 34
7 4783
2 22
1 3
2 6
17 13613
41 3529
5 1703
2 297
27 9907
1 21
3 5
1 2
1 5
1 5
2 311
4 597
4 1537
6 3415
2 5
1 3
5 6
2 300
11 633
1 3
1 588
3 100
7 35
2 3
5 21
2 597
3 10
2 2
1 2
3 8
2 1528
45 834291
1 6
3 3
3 52
1 12
2 2
1 59
8 608
3 144
2 3
1 3
35 633
2 8
1 5
39 12669
2 2
140 11062
4 2244
2 288
1 297
9 2819
3 3
2 3
3 1769
2 2
2 14
4 5
32 10995
8 1857
2 3
81 17878
2 5
2 588
9 2819
3 5
5 23
1 286
1 13
2 2
1 12
6 323
5 56
3 1610
2 3
2 2
4 2244
2 3
2 7
3 3
2 5
1 12
1 6
2 588
2 2762
4 32
1 12
17 17429
32 2552
1 3
20 2819
2 588
32 2552
2 1805
5 885
2 288
3 303
6 2829
9 12670
5 31
7 4458
2 294
1 5
2 296
5 31
169 54344
8 2237
2 2
2 304
6 473
1 6
5 581
2 3
6 32
1 3
7 13613
21 2251
42 3529
6 3415
2 2872
7 4783
1 7
1 288
2 304
2 30
48 4103
16 3198
1 588
3 10
2 2
5 13
1 288
42 3529
6 13271
3 301
4 2074
26 2819
2 54
2 3
2 309
2 2762
1 6
7 9
3 12
2 304
1 588
4 32
1 3
2 17
6 6
4 3994
6 13281
2 1172
75 17840
3 5
4 3994
19 1760
3 31
2 12
2 2
4 7
2 3
2 2081
45 834291
26 10517
146 11173
2 2
6 10
9 636
6 323
2 588
9 144
2 288
27 6201
1 5
8 3075
106 1984
7 4830
8 3428
20 3452
5 301
1 2
2 89
1 6
3 72
3 3
1193 334039
5 31
57 18424
2 290
1 3
1 5
2 2
25 1282
1 6
3 303
3 3
3 287
4 8
1 3
16 3719
10 1360
2 2
3 9
2 288
26 4507
10 14797
2 12
2 588
8 327
2 5
1 5
13 14218
2 13
1 3
1 269
4 4
22 37169
2 2
2 3
3 72
29 9857
67 707319
4 32
56 7898
4 11924
4 10
3 304
6 13273
1 949
1 13
33 6312
30 36841
3 14
1 2
1 301
3 21
3 2584
11 14806
7 925
1 2
3 300
10 1839
3 581
1 2
46 3000
4 304
1 7
9 6143
8 8
2 24
2 12
1 58
6 90
16 73
5 588
3 13
2 67
4 1537
1 303
3 310
26 2251
3 10
2 354
2 136
36 12669
70 17878
13 32
57 834291
3 10
1 35
3 5
2 10
1 310
2 2065
5 31
6 19
1 297
12 12671
55 4711
3 3
1 29
45 6134
6 323
157 32586
4 2244
22 1515
10 1360
2 1999
6 10869
2 885
8 7456
32 2552
1 297
1 949
1193 334039
2 2
12 8875
4 595
2 2
1 7
33 628
1 3
33 6312
1 6
2 297
22 20727
42 3451
1 5
1 269
1 288
8 3075
9 1764
9 121949
7 52
2 12
1 3
310 76391
3 316
4 11
8 327
4 4672
4 323
151 39833
2 2
2 3
5 11
41 3529
33 6312
45 261
2 1528
8 17
3 6
1 2
3 15
9 73
2 2
2 285
3 16
5 156
4 3488
3 31
3 6
9 6143
1 2
12 673
1 8
5 31
2 5
3 290
5 1039
8 9797
3 10
1 2
1 297
2 2
111 33894
10 1039
2 2
2 2
1 24
2 89
2 4
3 581
13 14218
42 3451
2 941
2 1805
2 22
2 303
3 4
6 93
8 1449
1 3
12 1306
10 1360
2 3
1 2
1 6
6 588
36 20569
2 3
107 24931
1 1767
3 304
34 29611
3 1293
8 53
6 323
1 37
6 588
28 82915
8 36
56 146355
4 1537
2 4
1 3
2 3
100 44569
6 34
1 64
2 1769
1 3
7 93
6 314
2 588
2 2
25 3325
1 297
1 287
2 20
1 2
2 304
1 10
6 32
1 2
1 2
1 588
1 2
4 304
38 14428
20 1285
2 1999
1 3
1 4
1 72
1 2
6 4880
1 5
10 1168
2 23
2 3
9 6143
2 1170
6 93
6 12
1 2
10 1039
23 3464
5 46
3 3
3 2230
1 5
1 2
6 2662
2 89
3 10
1 5
2 288
2 2
2 9
1 13
56 146355
12 12937
2 5
1 5
2 14
2 13
8 1449
3 40
11 9789
2 3
10 1449
2 580
19 14805
6 32
2 14
18 10996
2 2
1 6
10 34
12 2720
1 11
2 2
4 8
1 949
25 6029
4 301
8 1449
1 286
4 1537
7 34
86 39833
1 3
2 2
13 105
1 286
4 304
2 13
1 5
2 3
2 3
1 2
14 16
4 1537
99 162124
12 39
16 2829
32 2552
24 17654
2 297
106 11062
5 301
2 288
2 4
2 2
2 588
4 82
8 2237
1 6
3 3
1 2
3 3
12 204
2 3
2 588
26 10517
2 3
1 7
2 3
12 204
19 205509
4 10
31 9898
3 10
55 5312
15 4006
6 4784
26 2251
1 3
2 3
2 2
3 6
2 2
6 473
1 3
4 3501
2 3
11 26
3 31
1 3
2 9
8 31
3 3
3 11
2 3
56 28792
10 1039
8 36
6 13281
3 6
2 23
4 82
2 23
38 14428
5 31
2 3
1 3
1 297
3 2077
7 378
2 5
1 3
1 3
2 24
169 362001
6 8
16 3196
6 93513
2 13
2 13
2 2
1 59
1 3
1 80
26 10517
6 93513
10 1839
13 1610
2 89
1 29
1 8
26 4497
10 133968
2 2
1 3
2 4
7 473
2 12
2 24
10 12670
1 5
75 17840
5 23
9 73
2 12
25 1282
11 162
106 1984
3 40
3 7
1 3
3 31
5 15
13 14218
4 1999
5 31
1 588
1 3
2 2
2 5
13 9789
2 34
1 72
7 13
6 473
3 297
1 22
4 11
3 941
1 5
6 493
6 323
10 1449
2 588
201 54349
1 3
3 31
12 1769
6 13271
1 8
3 6
1 2
4 949
2 2
2 5
1 588
5 32
7 329
30 19393
32 2552
3 8
3 4
7 4962
3 1537
3 8
26 10517
3 6
1 296
6 93
1 13
1 6
4 52
2 22
2 10
23 323
7 925
1 3
15 4006
22 2819
24 2819
4 31
100 44569
1 6
1 2
3 12
2 2
6 3146
5 24
2 2
48 9601
1 588
2 597
4 304
1 2
2 18
1 2
1 7
2 1999
1 2
2 2074
3 3
5 31
8 31
2 2
10 2878
2 22
1 33
26 2251
1 59
1 15
2 2
8 327
1 3
45 834291
2 161
1 5
2 6
1 2
22 20727
5 1293
2 44
5 323
1 9
3 290
16 21514
3 3
72 17237
2 949
2 2
2 354
2 9
15 11913
1 5
9 73
3 3
32 82915
4 11
2 289
1 35
1 588
1 29
9 121949
22 20727
1 13
5 45
1 22
1 297
1 72
2 11
157 32586
1 27
16 6795
2 275
9 1547
2 3
18 202153
1 3
3 316
18 8727
3 11
2 3
2 18
1 3
1 3
3 581
66 59183
26 4497
2 24
21 2251
4 304
1 15
10 1839
7 34
7 2720
44 3529
1 6
3 290
12 39
8 26
5 17
3 288
1 288
7 52
3 6
1 29
2 13
2 2
104 47853
3 5
2 2
1 7
13 1610
1 949
9 1769
2 18
27 9907
2 322
2 3
17 13613
1 3
2 2
10 135481
5 302
4 32
3 6
9 12670
1 288
170 43060
2 304
1 3
17 95
32 5863
1 40
3 6
28 2251
1 588
52 16328
8 608
3 3
1 269
5 1769
1 3
1 5
1 5
4 5
4 45
23 691
11 7461
6 1537
2 289
8 36
2 2
22 37169
10 144
3 66
31 82
3 310
2 13
2 2
26 4507
7 167
1 13
2 588
1 3
6 79
10 1360
1 64
4 595
45 834291
2 309
8 3075
1 588
1 12
9 2244
3 14
3 31
6 13291
3 4
11 162
4 3500
4 11
1 15
6 493
6 10849
1 3
1 5
1 288
2 10
2 22
12 6143
3 949
2 288
1 21
2 13
2 4
2 3
10 2237
3 288
1 2
2 588
6 13291
1 2
1 3
2 9
104 47853
2 6771
2 20
3 1537
1 2762
3 15
8 126972
4 28
1 12
17 95
2 6
2 4
2 3
6 473
5 71
2 89
8 1449
5 31
1 3
88 4546
1 949
5 71
13 14218
1 3
2 22
1 10
146 11173
38 14428
4 2074
45 834291
6 4778
4 323
61 9601
7 34
5 360
2 18
3 297
201 54349
2 289
26 3452
1 2
3 2584
3 3
4 31
25 6029
19 6795
2 288
2 22
8 36
1 13
4 54
2 67
2 13
2 588
3 15
6 6
2 2
2 24
25 1282
6 10869
2 289
10 1039
7 3452
9 89
4 10
3 304
2 304
2 3
1 287
4 32
1 6
2 3
6 473
56 4711
13 14218
7 13
1 26
1 14
17 6864
1 5
2 18
1 2
11 28
4 5
1 39
10 1039
9 97
3 1769
1 2
3 288
4 82
2 34
6 4784
2 304
2 3
2 2
