6 34
2 22
2 14
8 327
41 4507
6 32
78 3451
3 304
3 3
6 82
8 312
4 2065
5 10
2 3
6 7
13 91
2 8
6 327
4 8
14 3075
77 3675
2 3
4 4
9 2526
7 588
1 48
9 23
110 259
1 64
3 20
109 5340
5 297
4 6
3 18
3 3
11 28
1 2
3 3
1 5
2 3
2 3
267 11173
40 6795
2 22
1 3
16 1360
24 12937
2 3
3 14
2 3
2 2
5 2074
7 32
15 33311
2 3
34 14813
2 2
12 29
2 3
10 835
5 10
23 9797
107 3529
3 304
6 300
2 15
5 15
4 7
2 2
6 249
1 6
40 6795
3 89
1237 106497
3 3
2 588
4 52
5 10
16 398
3 7
2 136
6 360
13 4962
6 82
13 3488
53 1567
5 15
7 7
6 23
4 52
338 834291
4 52
6 10
8 941
15 4708
7 11
20 1168
6 32
8 12
2 3
4 5
2 2
2 4
4 19
2 3
94 2819
1 5
3 3
4 55
11 93
202 4711
9 32
179 5158
3 588
3 3
2 2
3 18
1 15
3 3
1 269
3 3
4 11
2 877
7 32
2 3
3 15
12 29
359 11062
2 3
4 289
3 304
3 588
3 8
19 9789
1 297
2 9
86 9911
3 12
2 3
3 2078
3 3
35 3452
4 19
12 2878
5 15
1 2
2 3
5 10
23 95
3 89
1 2
2 6
11 13291
2 2
4 315
6 7
3 588
7 31
265 11913
2 4
7 8
20 1176
5 11
3 588
7 31
3 3
10 329
4 11
5 41
2 2
2 2
83 14434
5 2077
1 5
2 5
32 8727
2 2
11 13263
11 493
2 9
198 146355
30 3220
4 26
35 3452
5 1742
2 2074
4 20
6 31
1 7
47 14435
1 2
2 3
30 3416
18 378
21 6773
10 1857
2 2
2 2
8 581
4 4
13 26
3 15
10 93
3 15
1 6
3 5
3 596
7 105
3 7
21 6143
7 1558
105 1029
1 3
9 12
54 8861
5 885
2 2
2 304
287 834291
5 12
18 378
21 133968
11 478
5 15
20 334
33 2829
5 10
3 10
3 15
2 3
4 597
1 71
44 2251
4 28
7 82
2 3
11 13271
1 5
3 297
1 2
1 35
36 205509
6 6
297 39050
4 21
4 14
40 6795
2 22
74 2819
103 18428
1 588
5 885
3 6
26 8879
95 56859
1 949
2 3
6 29
95 17120
5 10
3 596
8 8
147 36841
11 93
4 161
3 3
3 8
24 12580
75 2819
11 473
1 7
280 8430
5 300
2 2
3 9
9 327
27 730
91 12676
6 327
3 180
10 59
10 56
4 941
1 2
7 13
5 10
28 3087
3 89
27 2244
6 312
6 2584
2 3
6 277
1 2
7 54
1 2
11 13271
1 286
1 3
25 183
2 3
5 6
35 3452
5 581
15 144
6 300
1 2
3 1768
526 80942
2 3
2 3
1 8
9 320
2 8
2 2
105 6029
10 35
2 8
2 2
2 3
2 10
2 8
9 6841
10 9789
9 1293
22 126972
3 7
109 29625
2 3
1 6
83 14434
2 2
4 588
2 27
11 10869
2 2
10 329
6 2000
1 287
41 2254
18 2243
2 3
2 2
3 596
287 834291
20 1168
18 2243
20 1168
3 304
5 31
2 9
5 6
318 42975
1 2
1 312
297 39050
76 2819
2 2
31 162
60 691
29 7461
13 29
3 287
210 3529
8 10376
5 10
12 29
6 290
2 2
11 3056
40 6795
3 15
1 588
26 167
338 834291
3 300
2 8
2 3
2 3
3 15
5 13
160 4528
4 9
9 8179
1 6
267 25695
12 2878
2 288
17 228
2 3
1 2
338 834291
6 32
19 2762
2 58
2 40
77 19393
11 473
2 1999
83 14434
2 2
2 588
1 855
62 1760
2 6
44 3179
4 11
1000 62960
91 3531
2 3
3 22
1 3
2 24
1 1996
57 10998
1 6
9 12
10 1857
42 82
2 588
2 15
4 52
30 1547
2 3
3 33
5 31
2 588
5 12
1 5
2 7
60 691
3 8
2 5
4 289
18 378
10 1857
3 3
4 5
4 304
1 8
6 1769
6 1537
11 473
8 2074
3 221
49 12580
27 2244
1 14
3 36
8 5613
6 14
3 6
210 6134
2 3
7 31
30 2237
110 259
5 68
4 4
1 5
2 5
2 3
11 4672
2 3
9 12
368 54365
54 8861
7 31
2 2
7 31
2 15
17 1839
56 6029
136 28806
4 6
4 6
112 260
17 39
10 2552
3 89
1 5
5 41
1 3
3 290
21 3074
2 275
7 31
29 12677
2 2
2 58
1 12
2 2
7 10
5 3994
3502 334087
6 7
16 97
3 8
111 260
119 17840
117 261
3 3
7 17
23 635
1 303
4 1769
1 6
3 18
3 15
11 3416
11 13261
10 941
2 6
91 122758
2 859
2 3
86 9911
2 29
1 5
8 34
2 2
305 836029
36 205509
2 5
16 16
2 2
3 10
18 126972
3 3
3 588
5 7
5 301
2 3
19 929
2 6
2 3
23 6433
1 312
118 19967
4 289
6 6773
1 20
2 3
4 588
95 17120
10 329
6 32
1 288
6 6
2 3
156 1853
3 72
4 17
1 3
3 9
4 24
44 2251
96 1282
1 6
2 6
9 327
4 1999
3 3
18 18
2 2
2 2
1304 58680
6 80
14 4672
21 2878
12 29
59 6312
3 3
14 89
5 10
2 2
5 39
1 76
52 2858
109 20580
56 3452
3 35
3 3
11 3669
2 588
5 14
119 17840
27 2244
8 581
5 6
2 2
3 1999
2 588
1 2
2 6
8 581
9 3442
1 3
8 134
3 91
38 2251
72 17654
1 5
5 68
31 6773
12 29
4 12
3 3
17 1839
2 2
29 12677
1301 58670
17 6143
42 82
2 2
3 35
9 51
6 4651
6 14
11 13281
5 21
15 1449
5 885
40 1299
2 3
98 15474
4 4
5 15
113 261
5 6
3 3
1 883
2 52
2 3
2 5
4 5
2 8
2 303
1 6
49 12580
10 93
2 3
3 6
4 4
19 1769
1 6
5 11
88 19393
3 11
4 2065
23 95
9 31
2 2
2 3
16 1360
11 10849
4 588
15 1449
13 91
6 34
176 146355
9 51
5 15
9 327
5 5
4 17
6 300
24 4698
12 29
5 304
20 7461
9 13
7 588
4 11
1 5
1 2
8 8
30 3220
33 2829
2 3
107 3529
1 91
63 630
31 162
1 5
15 144
4 5
1 2
105 6029
1 2
2 5
6 4708
2 2
21 133968
11 3056
1 5
7 588
119 17840
29 3198
13 5168
5 2074
1 949
5 302
5 11
277 24303
5 5
3 89
7 12
27 12937
2 288
74 2819
6 327
5 15
8 1537
1 26
3 18
1 2
7 327
3 54
4 6
11 473
11 4880
5 7
3 12
1 25
2 3
10 327
8 8
6 327
3 304
6 1703
1 6
6 32
2 5
1 58
485 32586
2 3
8 2074
285 24319
10 93
8 34
22 1610
64 2552
10 1857
4 14
10 93
2 2
5 2074
44 3179
2 29
3 72
305 836029
14 1360
11 10849
1 3
9 31
2 304
3 15
1 70
2 3
2 3
1 855
2 3
2 3
2 3
138 4711
24 150
267 11173
2 2
1 16
5 595
1 287
14 4672
6 29
29 7461
21 2878
116 11913
35 3452
1 58
7 10
1 3
2 4
335 36897
22 9690
7 25
64 2552
7 31
4 7
1 5
22 4787
1 297
159 9876
2 2
4 5
64 2819
3 18
105 6029
6 327
6 31
12 29
2 3
60 691
40 202153
3 8
6 588
1 297
62 1760
2 3
3 304
4 7
9 327
2 2
2 2
20 1168
33 2829
6 80
5 11
2 6
1 5
3 3
5 10
1 2
2 2
1 6
5 581
5 7
2 6
6 868
2 3
3 29
18 167
44 20727
19 2246
2 2
3 3
16 1769
3 304
7 31
3 588
3 6
1301 58670
3 2074
6 31
2 288
2 15
1 5
2 588
1 76
4 5
1 34
8 885
4 288
6 312
1 3
10 36
11 13293
17 34
3 588
2 12
160 4528
6 156
2 15
1 891
29 12677
10 118
32 8727
10 93
1 2
2 3
1 59
6 32
2 3
2 14
4 5
10 56
294 80633
1 5
7 12
11 13293
79 82915
9 30
4 949
2 3
11 93
2 2
8 8
2 2
3 7
25 922
2 1999
6 32
5 8
46 3719
2 6
4 5
2 2
277 24303
15 5456
64 2552
1 288
11 13291
26 167
24 12937
2 2
2 2
8 96
3 1999
2 3
5 10
15 1449
3 3
27 1769
2 4
7 588
4 11924
2 3
21 2878
83 14434
3 9
23 9797
7 868
2 5
1 5
28 1894
3 3
33 2829
110 13394
33 2552
2 3
3 3
2 304
1 14
15 39
4 941
3 3
2 588
113 261
2 8
2 22
2 3
3 8
122 16391
5 885
1 588
5 2074
1 297
64 2819
3 3
11 3056
29 12677
2 2
3 58
8 34
1 2
3 287
4 67
23 95
1 3
2 3
37 12678
124 9605
3 304
5 304
4 9
1 286
2 288
6 6773
5 581
9 603
22 9690
11 327
10 56
2 22
32 5092
10 1857
7 31
2 2
3 3
4 4
2 3
2 5
1 64
4 8
2 3
1761 101784
1 5
4 1999
9 6841
2 304
13 3488
3 289
9 31
11 13273
359 11062
4 327
86 9911
9 327
2 17
2 3
18 167
9 144
3 4
22 1039
6 290
22 1306
1793 405932
6 32
2 2
1 2
7 31
3 304
11 473
5 301
10 2829
3 1768
1 5
1 297
3 3
37 12677
7 588
69 6201
11 93
7 2080
5 12
3 10
16 40
368 54365
267 11173
122 19415
6 29
3 7
2 2
2 2
5 7
504 20874
9 327
72 17654
5 68
23 9797
1 8
6 580
16 1360
5 10
11 3416
19 73
17 8876
2 288
1 6
47 12678
4 9
2 2
1 58
1 14
17 95
59 55293
40 6795
1 588
4 24
7 588
3 596
2 5
3 354
2 288
1 6
3 3
2 2
297 39050
3 3
5 304
7 32
2 3
16 1360
91 12676
1 12
70 9911
2 2
2 2
15 144
3 15
2 21
2 3
1 2
107 9605
3 3
2 3
1 588
1 2
3 20
5 17
1 855
3 18
32 8727
4 4
7 32
2 15
7 31
9 31
2 9
2 72
9 588
5 5
1 5
7 70
232 162124
76 2819
40 216950
2 12
3 9
40 6795
2 30
2 3
8 34
26 7461
7 64
7 32
1301 58670
28 1894
1 64
2 2
457 20704
9 2257
8 598
5 10
2 3
19 19
2 5
5 381
15 608
4 256
2 3
103 18428
11 27
3 89
3 20
4 11
4 11
9 1180
1 297
48 20727
4 4
5 15
3 3
86 2930
16 1769
6 2662
4 304
5 5
12 1610
5 12
3 89
3 287
2 2
2 5
3 18
2 3
15 144
27 730
13 26
3 15
5 7
18 3488
30 1547
1 9
1 297
21 6773
3 7
3 8
3 8
2 288
21 2878
2 3
2 3
70 9911
3 304
96 1282
19 9789
3 3
10 36
44 2251
2 5
2 2
1 20
11 28
3 296
2 3
3 3
2 15
11 93
2 2
1 5
11 473
2 2
1 6
2 5
91 3531
3 885
4 327
2 30
12 29
3 3
1 9
31 162
3 12
10 93
10 36
3 304
58 323
1 301
1 2
3 3
22 1039
1 588
6 2662
3 15
3 10
9 2257
10 7952
38 2251
37 5113
1 18
15 1449
627 241022
485 32586
2 2
2 2
9 8179
22 9690
2 3
3 3
4 304
31 162
3 289
2 3
3 18
69 6201
120 4497
3 304
25 5904
3 290
79 17436
2 3
5 15
2 3
1 5
3 12
10 588
376 10474
10 93
1 64
232 162124
3 29
51 10999
9 387
210 3529
1 6
118 7902
6 1537
6 31
1 2
32 3220
2 2
5 296
5 60
8 8
2 2
25 5904
10 4017
156 1853
33 2829
3 304
2 2
5 9
9 2762
1 5
3 30
4 55
1 6
2 1709
3 7
2 3
2 304
4 67
7 7952
1 287
3 588
2 3
2 3
2 288
2 588
1 2
4 6
2 3
11 13271
5 6
19 73
76 2819
15 1449
35 3452
4 13
5 10
4 33
2 3
4 8
176 146355
64 2819
9 327
2 14
6 2584
12 58
287 834291
12 4708
6 360
3 14
18 9797
56 3452
4 327
11 493
5 595
11 13283
2 2
1 5
7 32
6 22
23 13689
13 59
5 5
3 8
91 3531
22 135481
30 2237
16 1769
2 304
22 135481
2 2074
10 93
3 3
8 312
15 4708
364 37169
11 10849
6 12
2 2
5 10
6 31
7 7898
2 2
11 13283
23 95
2 3
79 79
54 8861
3 20
2 12
2 14
2 3
2 6
15 144
5 7
3 4
12 170
1 2
3 596
3 3
2 2
2 2
3 3
3 588
44 3179
17 17
15 6752
2 3
3 72
6 13
24 150
41 4507
4 14
2 2
7 31
5 1537
4 52
2 2
2 3
3 596
8 22
4 11
6 156
2 4
20 1520
1 3
28 1894
6 6
2 588
11 13261
6 1703
135 18507
91 3531
2 2
3 7040
4 6
4 289
10 1857
5 19
2 2
24 12937
2 1999
2 288
6 13
2 304
4 312
2 6
2 2
25 4410
10 329
6 1537
3 89
2 3
29 335
19 1769
21 6773
5 11
4 304
7 32
2 2
5 24
2 3
22 1610
4 588
267 11173
4 12
3 596
17 39
287 834291
7 868
1 2
9 9
1 312
3 3
2 2
5 10
11 93
2 2
12 29
15 929
23 13718
1 11
3 588
7 2080
2 2
4 33
50 13618
3 289
6 868
7 31
9 320
17 8876
18 1766
9 327
5 581
151 1980
7 10
132 35971
47 14435
10 1857
106 4497
3 5
38 2251
4 304
5 10
3 304
1 2
3 54
1 269
35 3452
2 72
8 23
11 13273
2 2
6 156
2 5
287 834291
22 4787
2 3
1 5
2 3
3 588
1 588
2 2
35 3452
4 6
11 493
10 90
1 2074
287 834291
86 9911
5 31
7 588
6 312
485 32586
1 64
2 6
1 6
1884 407589
9 12
9 8179
3 5
11 13261
1 3
23 1520
2 72
11 4789
8 8
2 6
1304 58680
1 14
3 9
10 93
2 3
2 3
7 13
21 2878
16 97
1 855
1 4
2 286
6 597
10 93
2 1999
3 3
1 301
3 3
15 1449
23 95
17 323
7 588
15 39
15 6752
13 26
231 156872
6 6773
35 3452
8 868
4 24
1 3
12 29
31 162
2 3
1 5
6 327
2 2
1 64
50 13618
167 5519
2 2
6 1537
8 8
4 55
3 6
19 71
4 33
2 2
3 288
2 6
5 312
4 52
3 596
3 6
17 339
17 1824
2 3
3 5
29 3198
1 2
212 3529
6 13
3 58
2 304
2 3
4 315
4 18
3 3
3 3
1 8
7 7898
2 67
25 7456
4 1999
45 10517
19 4788
11 10869
3 354
11 13271
18 378
151 1980
124 3325
11 10849
10 36
2 2
69 13618
33 2829
20 7461
3 1005
1304 58680
120 18094
4 7
12 1608
2 40
6 2662
287 834291
21 2878
11 73
2 588
1 3
6 23
24 150
4 2142
3 8
1 288
25 7456
31 162
44 2251
6 80
4 12
56 6029
2 2
2 3
22 334
3 326
4 297
3 9
2 3
6 312
3 18
28 63
3 15
16 639
4 4
59 55293
4 297
2 2
2 2
12 5168
10 93
17 1293
3 13
1 2
1 3
156 12234
6 6773
1 5
9 2362
3 290
7 31
6 31
2 2
2 3
12 29
4 590
6 360
1 6
10 329
2 21
2 1709
1 4
12 1610
9 2762
338 834291
14 4672
9 1610
6 1703
1 5
368 54365
3 290
3 18
41 2254
27 2244
6 154
9 51
6 312
1 39
7 31
91 3531
83 14434
18 13262
7 31
1 3
1 14
6 3994
3 3
2 9
6 31
1 855
105 1029
3 44
1 297
2 14
15 32978
3 9
3 354
4 13
6 6773
2 2
10 90
29 12677
3 304
44 2251
5 31
3 6
10 941
72 17654
9 1293
4 11
1 9
122 9876
5 10
5 297
10 36
2 2
1 30
2 6
8 55
59 6312
1 1293
5 19
8 464
1 297
1 9
7 31
5 301
7 31
12 145
2 1999
5 2029
2 588
2 3
4 89
2 2
11 473
1 2074
2 22
9 2762
17 179
15 71
8 55
1 297
2 4
1 7
3 7
44 2251
1 6
5 10
4 4
41 4506
19 4788
3 11
184 628993
10 903
6 23
5 15
2 3
4 9
2 2
17 1360
4 11
3 12
3 3
7 31
7 31
3 89
22 1039
7 32
6 360
3 3
2 2
10 36
4 33
2 8
1 6
14 929
11 2231
1 5
2 2074
19 3452
40 6795
4 52
2 2
3 3
2 288
4 4
138 4711
2 304
4 596
11 2552
5 304
6 14
11 473
7 32
376 10474
1 3
5 114
1154 31888
456 39833
3 7
167 1853
5 304
1 13
6 156
8 23
210 3529
11 10869
4 10
4 52
2 22
44 2251
2 2
2 304
6 588
1 3
2 3
2 3
35 323
338 834291
1 3
5 301
9 144
216 33033
4 354
16 16
2 2
1 301
56 20727
3 1768
3 3
3 354
2 3
2 3
2 21
2 3
25 4787
13 134
3 4
6 22
4 289
96 1853
15 183
2 3
2 588
4 8
6 6
2 588
77 3675
2 3
2 22
2 3
2 3
1 855
6 32
31 162
3 6
2 2
1 269
1 5
17 66
11 10849
1 588
1 855
4 297
26 167
3 89
10 90
33 2829
10 1857
27 8727
52 2858
4 289
11 10849
11 144
2 14
2 10
8 1528
19 1769
17 6143
1 5
5 8
319 54360
74 747
3 14
3 89
2 60548
87 12676
2 9
5 7
50 13618
3 289
33 2829
73 633
32 8727
4 20
23 9797
46 3719
12 2878
3 3
335 36897
92 12676
1304 58680
3 1999
14 3075
11 17
11 10849
1 5
6 15
3 3
19 673
179 5158
1 5
2 6
5 6
124 9605
6 290
8 581
9 8179
14 28
8 1604
11 13283
10 2552
1 2
1 27
3 15
6 15
1 68
16 398
17 1839
3 588
5 10
8 35
3 3
12 29
118 7902
19 4788
2 3
3 4
6 29
37 249
2 288
9 327
3 304
10 329
8 1602
12 1610
15 1449
18 4962
5 56
31 162
1 289
8 868
2 2
2 3
23 9797
2 3
2 2
5 297
14 89
1 7
3 10
3 3
1 12
2 6
3 3
2 288
1 297
4 288
38 2251
15 90
4 11
3 89
25 378
4 89
2 2
15 3431
2 588
9 8179
7 32
2 44
1 949
3 5
18 3488
29 3198
10 36
2 588
14 89
2 3
2 3
29 121949
1304 58680
10 327
3 1768
1 1999
95 56855
2 2
2 3
27 2244
77 19393
15 6752
10 329
12 3500
151 1980
56 20727
376 10474
4 11
287 834291
8 312
24 4698
16 31
2 3
3 89
1 64
2 29
8 22
3 9
4 5
4 941
104 5340
3 304
40 6795
11 2762
3 18
4 304
27 8727
1 3
3 6
25 5904
22 135481
7 588
10 36
3 22
5 6
44 2251
3 296
2 3
5 1768
16 1769
4 27
12 603
9 51
18 378
2 588
6 22
2 3
1 21
2 2
30 2237
1 26
2 2
3 3
3 304
11 2552
1 287
4 11
38 1299
17 35
5 5
2 3
5 22
24 12937
13 478
3 304
3 29
1 3
1 588
1 297
6 14066
14 929
6 23
1 35
3 9
2 2
17 33
5 10
7 2080
368 54365
1 297
76 2819
8 52
15 90
11 10849
6 32
1 6
28 1894
2 588
52 2858
29 18318
4 6
107 3529
4 112
2 588
3 3
3 9
73 1853
4 2065
11 473
3 3
2 2
2 1999
3 289
3 14
5 17
3 89
3 8
3 3
3 89
22 1610
376 10474
1 76
2 2
2 588
2 2
1 10
10 93
1 5
118 15542
19 1610
2 3
19 195
12 2878
110 259
24 12937
2 5
2 4
3 3
9 6841
1 35
10 4304
1 588
3 7
26 6841
210 6134
27 2244
5 12
109 13386
14 636
2 3
1 64
7 10
7 32
8 12
59 6312
1 2
1301 58670
76 2819
24 12937
1 2
2 5
2 2
5 9
11 10869
5 301
10 56
6 12
8 23
2 2
29 14218
5 10
12 4708
26 7461
2 5
2 3
3 290
1 14
3 326
3 3
2 3
212 3529
3 6
2 5
1 2
12 29
11 473
6 2030
4 4
2 2
1 64
2 3
4 10
3 9
6 1769
7 588
12 8634
4 941
1 3
1 2
5 71
3 89
3 4
6 290
22 1039
2 3
4 315
21 2878
1 588
6 23
2 14
3 7
27 2244
86 9911
7 32
1 5
1 9
2 2
6 29
29 14218
1 7
1 3
4 6
3 7
5 31
3 296
23 95
7 588
2 2
13 3488
2 3
118 19967
5 312
5 7
7 31
7 13
6 14
3 15
2 588
3 35
4 67
94 13618
1 15
2 2
474 20146
18 105
209 4546
27 2244
10 1857
8 2686
3 10
5 595
11 2762
3 4
2 2
2 588
4 12
1 588
4 8
176 146355
3 5
2 7
3 3
2 2
1 22
6 6
5 301
40 6795
4 11
23 9797
3 354
2 3
3 288
1 301
6 290
76 2819
2 588
9 3146
3 7
50 1760
3 15
3 8
3 3
1 2
2 3
29 12677
1 949
5 297
6 3994
3 3
15 144
3 3
15 608
210 3529
10 93
6 327
3 354
2 2
2 304
2 275
2 2
12 29
2 33
4 1528
42 120435
10 329
2 2
2 2
1 588
77 19393
63 630
11 2762
5 54
7 581
2 12
3 10
5 1742
4 11
2 1999
2 288
5 31
5 2077
6 10
10 1857
1 949
2 588
3 19
6 31
2 3
3 3
3 3
11 93
11 473
58 4006
37 249
4 288
15 1172
2 588
6 10
4 21
8 8
3 326
6 12
26 2755
1 76
2 2
120 18094
2 2
1 301
1 3
138 4711
3 3
40 6795
8 312
16 38
1 2
176 146355
120 4497
114 20580
2 288
4 289
3 4
2 3
5 581
4 11
1 20
5 28
5 19
2 5
7 7
3 588
6 54
442 51956
22 9690
2 22
2 588
124 3325
8 581
4 354
105 6029
2 7
31 162
9 8177
15 71
8 12
2 3
4 7
1 64
6 277
1 9
4 33
3 596
2 22
4 289
1 855
3 22
37 12678
9 2526
2 2
27 2244
6 1703
4 10
124 9605
4 2065
4 21
1 12
77 19393
10 941
49 12580
267 25695
3 3
5 31
2 288
1 1656
2 2
11 3416
3 15
9 31
17 1839
3 89
11 493
2 3
2 3
54 8861
8 1604
59 633
3 30
8 327
17 35
1 64
1 3
1 297
8 1604
3 3
8 1039
7 33
4 2074
2 3
2 588
2 9
12 144
25 378
1 6
12 29
9 8177
3 304
2 2
10 941
7 31
2 3
3 3
1 885
589 48179
5 581
19 26
7 327
1 297
3 326
287 834291
184 628993
1 64
6 28
2 213
1 12
2 7
11 13291
2 885
202 17878
4 8
3 89
5 44
6 1703
319 54360
6 82
8 5613
23 95
4 11
368 54365
1 33
103 18428
20 1769
1 588
1 5
11 93
4 304
5 581
6 6
2 30
10 90
2 3
35 3452
8 52
6 312
51 10999
47 1029
10 13
123 16399
4 588
2 3
5 304
1 5
2 15
9 31
101 122329
1 588
78 3451
10 588
21 2878
22 2720
5 11
5 22
3 7
106 4497
91 17120
2 3
4 52
3 18
5 41
4 949
2 2
14 3075
92 12676
3 20
1 297
5 304
5 10
6 32
228 51212
15 608
3 354
4 949
23 95
2 3
1 15
2 3
6 31
40 216950
2 588
2 3
40 12677
1 9
119 16399
2 3
5 1768
2 3
376 10474
9 23
1 588
18 378
5 297
2 3
10 588
1 15
6 24
103 18428
32 8727
1 64
3 6
105 6029
1 588
2 3
5 304
9 144
4 354
1 5
3 8
3 65
1 588
1 6
2 58
2 3
2 9
6 588
2 2
291 47853
75 3531
1 6
6 14
29 14218
2 3
1 5
2 2
1 287
38 2251
15 3431
3 3
3 2074
9 9
7 46
7 54
2 588
2 3
1 588
2 2
2 3
2 5
21 1839
124 9605
9 6841
9 144
3 304
6 29
2 588
2 2
3 12
2 2
4 14
118 7902
3 12
16 183
147 36841
15 4708
8 581
1 294
6 581
60 3482
3 290
9 13
23 95
5 2080
17 6143
2 24
22 2720
2 288
2 2
7 12
3 22
96 7185
1 2
5 581
42 6868
2 34
2 3
3 9
41 2254
4 11
14 929
3 8
202 17878
2 3
5 883
2 9
11 28
6 1769
5 10
2 2
4 8
7 581
2 2
23 12937
1 6
18 378
3 3
2 17
1 4
1 22
7 91
5 15
1 269
4 2074
58 323
287 834291
32 8727
5 301
32 8727
15 1449
4 2074
9 31
1 287
2 2
32 13323
2 2
3 18
17 66
2 8
1 296
107 3529
5 15
2 5
2 2
4 5
2 4
7 2576
29 121949
4 6
3 6
8 312
3 15
1 588
10 835
1 3
24 12937
64 2819
1 2
182 29421
15 1449
12 17
1 2
7 11
1 3
3 304
5 56
6 4708
15 6752
4 52
2 288
2 5
1301 58670
1 297
1646 21205
2 2
232 162124
118 19967
2 24
4 4
122 9876
2 3
20 334
35 3452
63 2552
6 2662
8 8
11 13271
19 4788
7 2080
4 11
54 8861
6 300
3 3
22 1039
8 327
6 31
40 6795
1 588
3 3
1 588
1 12
2 288
2 288
3 588
2 3
8 1039
6 29
1 4
56 20727
2 3
11 13293
6 4708
265 11913
4 1769
2 288
15 1449
3 3
7 588
1 2
3898 334087
5 10
79 79
9 51
1304 58680
173 29421
1 588
3 3
3 3
5 10
322 54365
3 289
11 13281
9 2362
18 4789
56 20727
3 304
6 297
4 6
1 5
3 15
6 23
7 32
38 2251
3 5
3 3
6 941
13 26
1 297
3 3
2 21
2 3
2 3
4 55
3 7
5 10
29 14218
1 855
2 15
2 287
2 21
2 2
5 31
179 5158
3 3
89 1106
5 10
3 3
2 4
1 6
94 13618
1 297
11 2762
1 6
2 3
1 7
6 3994
4 289
2 2
11 93
147 36841
7 2080
4 297
4 7
2 588
3 9
1 14
6 6773
4 294
2 9
3 22
3898 334087
7 597
3 290
1 70
3 15
2 15
1 588
2 34
6 10
35 3452
3 174
8 34
5 10
147 36841
3 1094
74 2819
33 40
20 9690
3 10
86 9911
77 3675
267 25695
9 8179
17 1839
3 304
2 3
20 673
4 5
2 112
2 14
3 1170
2 29
4 6
83 14434
67 647
1 4
2 3
11 10849
10 36
1 2
2 6
3 3
12 1610
2 6
4 10
2 2
13 26
3 9
11 3416
3 66
1 71
78 3451
5 10
2 24
1 949
6 941
3 12
3 5
4 312
11 473
6 360
3 8
10 4591
2 3
58 4006
3898 334087
22 413
138 4711
715 76396
5 31
14 89
1 3
98 3054
2 2
2 3
2 2
8 34
9 51
9 134
11 1172
4 6
22 1610
3 30
22 249
29 14218
17 1839
1 6
418 20874
10 329
3 3
7 32
30 1547
262 37169
56 20727
10 93
5 1537
60 691
2 2
19 4788
6 11
69 6201
1 1999
2 3
56 6029
5 56
1 2
77 3675
1 5
18 18
11 473
64 9343
11 13281
19 9789
7 3500
2 2
27 2244
4 67
9 2257
5 588
11 3669
18 9797
2 2
11 10849
2 3
2 2
17 1460
319 54360
2 2
6 23
22 1610
11 473
22 413
31 162
11 93
1 4
3 289
2 3
3 10
31 162
3 89
2 588
4 19
3 89
10 118
63 630
4 32
2 2
2 3
2 3
338 834291
9 327
297 39050
13 3416
3 289
2 3
337 11062
2 3
4 5
3 4
13 3416
2 112
16 1360
2 2
120 18094
5 10
3 10
64 2552
3 8
7 31
2 5
11 28
6 6
1 5
210 3529
2 3
4 28
16 1360
2 3
2 2
21 3074
6 312
12 29
18 1839
3 6
9 1537
1301 58670
2 2
504 20874
3 72
6 24
4 65
19 73
3 35
1 13
23 9797
2 5
6 15
22 2720
2 6
2 2
2 3
2 8
7 12
2 2
2 3
267 11173
4 588
36 205509
1 2
8 73
17 35
27 2244
6 29
5 9
4 14
6 6773
8 868
8 34
7 31
3 14
3 8
11 473
42 6868
10 1610
6 1537
2 288
21 1975
22 1610
6 31
6 327
25 4787
1 18
2 2
103 18428
1 35
216 33033
6 3994
41 2254
42 82
3 289
17 1839
1 5
41 4507
1 5
73 82915
124 9605
2 61
2 18
2 588
15 639
2 12
7 12
3 7
2 2
9 59
1 2
1 5
21 2878
77 19393
5 12
2 1999
122 16391
6 2662
10 59
2 5
7 588
3 20
2 9
6 12
2 3
22 9690
28 1221
2 3
1 64
601 65228
47 14435
3 18
2 2
9 45
37 12678
4 14
7 32
20 73
15 1449
30 2237
3 304
2 3
23 95
4 4
2 588
41 2254
19 1769
2 3
1 286
1 9
3 33
465 44569
11 4782
92 12676
2 2
2 5
1 297
2 2
132 35971
4 33
29 3198
4 4
22 1610
9 1293
2 15
11 1537
3 5
22 34
2 5
481 29134
1 588
5 114
6 312
10 1857
2 2
11 473
1 2074
22 4787
2 5
110 259
11 493
3 7
13 3416
67 647
23 95
1646 21205
53 2858
1 5
6 6773
1 312
2 3
47 12678
1 5
2 2
4 294
385 39833
16 183
2 6
252 162124
3 301
2 2
359 11062
5 10
18 105
4 315
5 6
1 297
3 18
7 327
2 3
4 6
11 327
14 89
16 1360
21 2878
2 885
37 12678
2 21
10 941
10 36
15 144
2 288
182 29421
1 5
4 588
2 2
6 1537
3 7
179 5158
1 3
3 10
30 2237
40 6795
1 3
9 327
9 93513
5 595
2 3
1 7
1 288
7 32
7 12
12 1610
6 22
4 5
12 3500
5 1768
7 588
19 35
6 80
1 5
25 7456
10 36
3 290
11 493
2 3
2 3
3 3
13 3488
2 9
5 15
30 2237
8 941
3 12
2 3
2 3
2 5
15 144
3 3
3 3
14 89
2 34
7 868
23 95
22 4787
2 22
1 3
2 6
69 13618
107 3529
6 1703
4 297
11 473
4 17
86 9911
2 21
2 2
4 312
7 597
11 1537
1 2
27 2244
1 24
1 5
13 3416
2 5
1 3
5 300
1 588
5 100
1 5
9 23
4 597
2 2
202 17878
4 1528
11 13273
5 6
1 12
3 3
4 52
1 14
14 29
1 59
15 608
44 2251
111 260
9 144
2 3
2 3
2 3
73 633
3 8
1 5
92 12676
359 11062
2 2
2 288
2 3
1 297
64 2819
3 3
4 1769
2 14
5 5
65 10998
10 1857
2 2
228 17878
1 12
2 5
5 588
64 2819
8 23
2 286
6 13
15 1449
3 10
3 15
9 327
6 56
151 1980
9 1610
11 13273
2 3
2 2
2 3
2 2
2 5
2 12
1 6
2 3
3 588
11 2762
1 14
79 17436
64 2552
94 2819
7 588
8 581
64 2552
3 1805
1442 329536
8 885
2 288
4 303
9 2829
5 8
29 12677
17 4458
4 294
1 5
3 296
2 3
232 162124
2 3
319 54360
2 304
1 6
1 2
50 13618
210 3529
13 3416
2 2872
22 4787
2 288
2 304
1 2
30 2237
177 4103
29 3198
1 588
7 868
3 8
6 32
1 288
210 3529
3 301
5 2074
85 2819
3 54
5 309
11 2762
1 6
3 18
9 9
5 12
2 304
1 588
2 2
3 9
5 5
6 6
5 3994
11 1172
2 3
2 3
6 32
10 93
3 3
5 3994
62 1760
6 12
3 10
5 7
4 2081
45 10517
7 10
14 636
3 588
11 473
1 6
12 144
3 288
69 6201
1 5
2 3
2 3
14 3075
12 4830
15 3431
4 6
35 3452
5 301
3 5
2 2
3 10
3 89
1 6
3 72
3 3
3898 334087
103 18428
3 290
1 3
96 1282
1 6
4 303
3 3
46 3719
16 1360
8 34
4 9
4 289
2 288
15 14797
5 12
7 588
12 327
2 5
2 5
6 29
29 14218
2 15
1 3
1 269
262 37169
2 2
3 72
124 9857
15 1449
373 707319
118 7902
4 11924
2 3
3 304
1 949
287 834291
3 15
3 10
59 6312
147 36841
4 14
1 2
1 301
15 1449
6 2584
34 14813
14 929
6 300
17 1839
5 581
1 2
101 3000
5 304
1 7
17 6143
3 12
1 58
2 79
20 73
10 588
3 15
3 67
41 4507
11 1537
1 303
6 312
2 3
6 10
3 354
80 12676
17 39
1 35
3 5
715 76396
1 312
1 76
4 2065
10 19
2 2
3 297
3 289
8 581
47 12678
201 4711
4 4
3 3
12 29
210 6134
6 327
485 32586
2 3
135 1515
16 1360
3 18
2 1999
5 10
3 885
25 7456
64 2552
1 297
1 949
3898 334087
2 2
1 5
26 8879
7 595
2 2
63 630
2 3
1 3
59 6312
2 6
4 297
56 20727
78 3451
1 4
1 5
1 269
2 288
14 3075
18 1764
29 121949
8 52
2 14
1 10
7 320
7 11
12 327
11 4672
6 32
4 327
3 18
456 39833
5 10
5 10
6 11
107 3529
59 6312
1 11
4 1528
12 17
4 6
1 2
3 15
19 73
2 2
2 285
5 16
6 156
13 3488
17 6143
1 8
2 5
6 290
8 1039
23 9797
1 2
1 297
191 33902
22 1039
3 3
5 8
2 2
3 89
2 2
5 581
29 14218
78 3451
7 941
3 1805
2 22
2 303
4 4
2 3
22 1306
16 1360
3 3
1 2
1 6
2 3
7 588
109 20580
192 24939
2 1767
2 3
3 304
109 29625
10 1293
10 53
6 327
1 39
7 588
73 82915
176 146355
2 2
11 1537
2 3
422 44569
1 64
6 1769
2 3
9 318
7 588
100 3325
1 297
2 287
5 24
1 2
3 304
1 10
6 581
15 1449
5 8
2 2
2 2
1 588
1 2
5 304
83 14434
2 1999
6 14
2 3
1 72
3 3
38 1299
1 2
1 5
2 2
6 13
6 23
17 6143
6 31
10 93
6 12
1 2
22 1039
9 46
3 3
11 2230
287 834291
6 2662
1 5
2 288
2 2
9 327
1 15
176 146355
24 12937
2 5
3 14
5 15
11 473
6 32
4 40
19 9789
10 36
6 580
64 14812
3 30
3 18
51 10999
1 10
2 2
1 6
17 34
22 2720
4 11
3 937
1 949
105 6029
17 35
5 301
1 286
11 1537
385 39833
18 105
1 286
5 304
2 3
5 15
3 18
1 5
2 3
3 10
2 3
41 2254
1 2
10 93
6 1537
1 5
33 2829
64 2552
72 17654
2 3
4 297
337 11062
5 301
2 288
2 4
4 588
6 82
3 3
1 2
1 5
1 2
7 32
3 3
30 204
2 588
45 10517
3 3
2 7
30 204
18 126972
36 205509
3 4
5 10
6 13
69 9902
6 10
58 4006
2 2
19 4788
3 18
4 6
2 2
1 3
7 32
4 3501
8 581
1 5
13 26
2 6
7 31
3 9
16 31
3 3
5 11
136 28806
22 1039
2 2
4 6
3 20
3 23
6 82
6 23
83 14434
7 31
2 2
5 10
3 3
1 297
5 2077
17 39
18 378
10 36
2 5
319 362061
2 3
6 31
2 2
29 3196
2 150
9 93513
2 3
5 15
5 15
1 59
6 80
3 4
45 10517
267 25695
2 3
9 93513
2 2
22 1610
3 89
2 3
338 834291
10 93
12 29
3 3
1 8
6 24
120 4497
21 133968
2 2
4 8
11 473
3 12
37 12677
2 5
41 4507
8 23
19 73
3 12
96 1282
31 162
3 40
3 7
5 8
5 15
15 39
31 14218
4 1999
1 588
2 5
19 9789
2 6
7 31
1 72
6 11
5 297
1 22
4 11
6 941
9 327
15 1449
3 588
368 54365
1 3
3 10
16 1769
1 8
4 6
1 2
6 949
2 3
2 5
1 588
10 329
84 19393
64 2552
19 673
3 4
18 4962
8 581
7 32
6 1537
4 8
45 10517
1 296
10 93
3 15
1 6
6 52
2 22
2 3
60 323
14 929
2 288
11 13273
38 2251
58 4006
74 2819
76 2819
422 44569
10 36
2 2
3 14
150 1975
2 2
107 9605
1 588
4 597
5 304
1 2
1 2
3 3
2 1999
2 2
3 2074
3 3
5 21
16 31
21 2878
5 22
2 33
23 95
1 59
3 178
1 15
12 327
4 8
5 161
1 5
3 9
715 76396
2 24
3 6
2 2
2 3
56 20727
9 1293
5 44
6 327
1 9
41 4507
59 3484
6 290
29 21514
3 3
44 2251
7 10
162 17245
4 949
3 354
149 11913
1 5
19 73
3 3
79 82915
4 11
1 35
7 32
1 588
5 10
3 3
12 29
29 121949
56 20727
1 15
9 45
1 22
1 297
2 3
2 72
4 11
485 32586
1 27
40 6795
16 34
2 275
30 1547
2 3
3 3
40 202153
7 320
32 8727
5 11
5 581
156 59187
120 4497
15 39
4 304
2 2
1 15
17 1839
11 2720
212 3529
1 6
6 290
4 8
3 288
2 288
2 3
8 52
4 6
12 29
6 13
9 13
10 36
3 20
2 2
291 47853
11 473
3 5
2 2
3 7
22 1610
1 949
6 31
19 1769
1 5
2 3
86 9911
5 323
69 13618
1 5
9 30
22 135481
11 13273
2 3
29 12677
2 288
543 43060
4 304
135 5863
2 40
4 6
47 2251
2 2
1 588
85 16332
15 608
5 24
3 3
1 269
20 1769
3 3
2 5
2 5
4 5
7 45
2 3
60 691
29 7461
12 1537
2 2
262 37169
15 144
3 66
42 82
6 312
5 15
5 5
25 167
305 836029
3 15
2 588
2 3
2 3
9 79
16 1360
1 64
7 595
5 309
3 289
14 3075
1 588
30 2244
4 14
4 4
31 162
7 3500
4 11
1 15
4 7
1 288
7 31
5 10
2 22
21 6143
5 949
5 10
2 21
2 15
2 2
1 76
30 2237
11 10869
3 288
2 2
6 588
2 2
2 9
291 47853
2 2
6 6773
6 868
2 2
6 1537
9 2762
5 15
28 126972
1 9
6 28
1 14
2 3
2 3
1 12
3 6
3 10
2 4
2 2
5 6
4 4
5 71
3 89
7 32
209 4546
6 32
1 949
29 14218
1 3
2 22
83 14434
10 3730
119 17840
5 2074
17 1839
11 4782
4 327
3 3
124 9605
16 34
4 4
6 360
5 71
8 8
5 297
368 54365
2 2
232 162124
56 3452
2 2
6 2584
3 3
8 34
18 700
105 6029
40 6795
2 288
2 22
3 15
6 54
3 67
5 15
7 588
3 15
6 6
8 34
2 2
3 289
96 1282
5 10
22 1039
18 3452
14 89
9 327
7 10
424 21717
9 327
3 304
4 304
1 287
3 18
2 6
2 3
202 4711
29 14218
2 288
10 13
2 26
3 3
3 10
1 14
42 6868
1 5
1 2
1 39
22 1039
16 97
6 1769
6 82
2 34
2 3
19 4788
4 17
2 304
2 2
