6 22
5 937
3 3
3 14
1750 834291
35 95
14 327
143 3451
3 304
5 7
16 82
12 312
4 2065
5 10
12 27
3 3
19 91
8 581
5 8
1750 834291
3 3
14 327
29 3075
349 3675
2 3
4 4
26 5168
61 2251
27 13261
19 2526
13 588
1 48
3 6
11 23
2 64
178 5340
7 297
4 6
13 28
1 2
3 3
1 5
3 3
62 6795
6 22
2 3
30 1360
88 12937
6 14
4 30
9 2074
24 33311
107 14813
27 13273
2 2
14 29
11 835
5 10
41 9797
326 3529
5 8
5 304
9 300
3 15
5 15
2 2
28 249
3 6
8 8
62 6795
4 89
3675 106497
3 3
11 32
3 287
6 588
4 52
48 398
1 5
4 7
8 360
55 4962
16 82
55 3488
141 1567
15 327
5 15
3 6
16 23
4 52
117 3484
4 52
3 3
8 10
24 941
24 4708
8 11
11 12
5 5
2 4
6 19
302 2819
3 3
4 55
22 93
650 4711
1 3
497 5158
4 588
2 2
3 3
1 15
8 8
1 269
4 11
3 877
3 3
3 3
10 32
8 15
14 29
1063 11062
3 3
3 304
2 2
10 588
37 9789
56 2244
4 297
2 9
285 9911
8 12
9 2078
35 13718
27 493
86 3452
30 2878
5 15
4 288
1 2
7 10
3 89
27 473
9 31
4 6
8 315
10 588
10 32
957 11913
2 4
8 8
7 11
3 3
98 4507
598 162124
4 588
11 329
3 180
4 11
6 41
27 10849
201 14434
5 2077
2 2
2 2
2 5
2 2
53 8727
2 9
581 146355
78 3220
4 288
4 26
86 3452
5 1742
6 2074
6 20
1 7
142 14435
74 3416
142 378
27 10849
88 6773
13 1857
14 26
5 7
8 15
1 6
2 2
6 596
7 105
4 7
31 6143
28 1558
297 1029
1 5
1 3
11 12
56 2244
3 6
80 8861
11 885
6 304
9 12
3 18
142 378
40 133968
24 478
5 15
20 334
63 2829
5 10
3 15
7 597
6 28
17 82
2 2
3 5
4 297
3 35
66 205509
6 6
701 39050
6 21
6 14
62 6795
6 22
301 2819
216 18428
2 588
64 2254
11 885
6 6
78 8879
219 56859
1 949
193 17120
6 596
511 36841
22 93
6 161
197 17840
84 12580
298 2819
2 7
985 8430
5 300
2 2
49 730
201 12676
14 327
17 59
12 56
6 941
8 8
57 3087
4 89
15 312
12 2584
5 10
10 277
8 54
1 286
1 3
40 183
2 3
86 3452
8 581
22 144
56 2244
9 300
2 2
6 1768
1268 80942
2 3
2 8
15 320
3 8
2 2
231 6029
19 35
3 8
3 3
2 3
2 10
3 8
49 6841
21 9789
25 1293
3 7
302 29625
2 24
201 14434
2 2
8 588
3 3
3 27
2 3
11 329
6 2000
1 287
29 2243
1 76
6 596
17 1449
29 2243
4 304
3 9
2 9
1552 42975
2 2
9 312
701 39050
299 2819
2 2
43 162
22 1176
164 691
71 7461
5 8
9 29
15 29
689 3529
14 312
14 29
12 290
2 2
2 2
2 2
18 3056
99 6795
3 15
1 588
8 581
57 167
5 300
3 8
3 3
11 13
398 4528
27 473
4 9
9 8179
1 6
31 2878
4 288
27 13291
35 228
1 2
25 2762
6 58
6 40
184 19393
65 1299
3 1999
2 2
201 14434
17 39
3 3
6 588
2 2
1 855
3 3
17 1449
323 1760
169 3179
33 35
3 18
5 11
2808 62960
122 3531
9 31
13 28
4 22
2 3
2 1996
130 10998
15 3442
3 6
11 12
13 1857
48 82
6 588
3 15
4 20
4 52
62 1547
2 3
3 33
2 588
5 12
1 5
4 7
164 691
5 8
2 5
142 378
13 1857
3 3
3 3
5 5
4 304
1 8
24 1769
18 1537
176 5340
8 2074
3 3
1 91
3 3
145 12580
3 14
31 5613
8 14
5 6
1071 6134
3 3
13 13
1 5
6 68
2 5
49 4672
11 12
791 54365
80 8861
197 17840
2 2
35 95
93 2858
5 15
28 1839
168 6029
397 28806
4 6
4 6
3 3
23 2552
1 2
4 89
2 3
2 5
6 41
3 290
27 3074
2 275
120 12677
6 58
9 10
6 3994
10740 334087
6 7
32 97
160 261
3 3
2 2
9 868
8 14
1 303
13 1769
40 3416
15 941
3 6
1 6
169 122758
2 859
285 9911
4 29
2 5
2 2
66 205509
2 5
2 2
3 3
4 588
6 7
6 301
32 929
3 5
3 6
3 3
33 6433
9 312
349 19967
3 3
5 289
45 6773
2 20
4 588
193 17120
11 329
1 288
2 2
6 6
11 31
445 1853
4 72
3 5
6 17
3 3
272 1282
1 6
2 6
5 1999
18 18
2 2
3 18
18 40
4 10
2 2
5475 58680
6 21
2 2
10 80
22 4672
6 7
43 2878
14 29
82 6312
15 36
15 89
5 10
2 2
22 1168
5 39
215 20580
120 3452
6 35
3 3
44 3669
6 588
8 581
5 6
4 1999
24 673
2 588
14 36
3 3
2 2
2 213
1 4
3 3
15 134
7 91
4 4
173 17654
6 68
5 10
124 6773
14 29
9 12
2 2
4 10
28 1839
120 12677
5471 58670
29 6143
48 82
7 35
16 51
21 4651
8 14
3 3
3 3
11 885
16 90
65 1299
204 15474
3 3
5 289
4 4
5 15
3 3
5 6
9 868
4 4
17 1449
1 883
5 289
2 52
2 3
3 5
5 5
3 8
2 303
12 32
3 6
145 12580
4 6
22 1769
1 6
6 11
190 19393
7 11
4 2065
1 2
3 3
2 2
27 473
2 2
29 1360
8 588
3 3
19 91
2 288
6 34
518 146355
16 51
5 15
1772 836029
10 300
59 4698
14 29
6 304
81 7461
2 2
13 13
13 588
4 11
1 5
78 3220
63 2829
2 24
326 3529
139 630
43 162
1 5
2 2
22 144
1 12
5 5
2 2
2 2
231 6029
1 2
2 5
21 4708
3 3
2 2
40 133968
18 3056
12 588
77 3198
9 2074
1750 834291
1 949
7 11
5 10
667 24303
5 5
4 89
7 12
93 12937
301 2819
14 327
5 15
17 1537
2 26
1 2
3 3
14 327
3 54
4 6
6 19
6 12
14 327
2 2
14 327
5 304
4 10
11 1703
1 6
2 5
1 58
2 2
1716 32586
8 2074
678 24319
17 93
29 1610
122 2552
13 1857
6 14
17 93
17 1449
11 2074
169 3179
3 3
4 29
4 72
2 2
31 1360
1 3
6 304
4 15
10 29
1 70
3 3
1 855
2 3
489 4711
35 150
3 16
8 595
1 12
22 4672
3 9
71 7461
2 2
43 2878
700 11913
86 3452
1 58
9 10
1 5
504 25695
2 2
1 10
1 3
3 4
3 3
732 36897
3 3
6 24
69 9690
7 25
122 2552
7 70
62 4787
12 32
1 24
3 3
4 297
550 9876
4 5
293 2819
231 6029
156 260
14 327
4 10
14 29
3 3
1 5
164 691
102 202153
14 588
3 297
323 1760
2 3
5 304
15 327
28 473
63 2829
11 80
1939 76396
6 11
3 6
2 5
3 6
8 581
6 7
2 6
9 868
27 10849
7 29
53 167
142 20727
31 2246
2 2
18 1769
3 304
4 588
4 6
5471 58670
11 2074
3 288
3 15
3 5
6 588
4 5
1 34
3 3
15 885
4 288
3 3
1 4
15 312
1 3
13 34
29 34
10 588
9 12
27 473
398 4528
16 156
5 15
3 891
120 12677
10 118
3 3
53 8727
1 2
34 635
3 18
1 59
2 2
4 14
5 5
12 56
656 80633
7 12
35 95
221 82915
6 949
1 5
22 93
2 2
5 10
2 2
3 3
6 7
5 289
3 1999
5 8
60 3719
3 3
5 5
2 2
667 24303
3 3
122 2552
2 288
57 167
88 12937
2 2
2 2
1939 76396
14 96
4 1999
3 3
5 289
2 3
1 6
3 3
74 1769
3 4
13 588
3 9
5 11924
3 3
43 2878
201 14434
41 9797
2 5
1 5
2 2
58 1894
3 3
31 95
3 3
63 2829
184 13394
63 2552
2 2
5 304
2 14
5 941
15 93
3 3
6 588
4 4
3 8
6 22
260 16391
11 885
1 588
4 10
9 2074
4 297
293 2819
27 13283
2 2
3 3
18 3056
3 89
7 8
120 12677
5 289
6 58
1 2
98 4507
5 67
3 3
1 3
136 12678
278 9605
5 304
6 304
9 29
5 9
1 286
1 4
3 3
3 288
45 6773
8 581
15 603
11 31
69 9690
15 327
12 56
6 22
80 5092
2 2
2 2
13 1857
2 2
3 3
2 5
1 64
3 3
3787 101784
5 1999
49 6841
6 304
55 3488
35 95
3 3
12 31
1063 11062
11 327
285 9911
19 39
27 473
3 17
151 259
53 167
18 144
46 1039
12 290
46 1306
1 2
17 1449
4 304
5 1170
6 301
504 11173
20 2829
35 95
18 1768
1 5
2 2
4 297
3 3
136 12677
12 588
186 6201
22 93
23 2080
5 12
3 3
791 54365
320 19415
5 7
2 5
2 2
6 7
1753 20874
3 15
173 17654
6 68
41 9797
2 8
8 580
2 2
30 1360
40 3416
30 73
35 95
61 8876
5 10
4 288
1 6
142 12678
9 31
5 9
2 2
5 58
2 14
8 8
9 31
82 55293
99 6795
1 588
5 7
12 588
5 10
6 596
2 5
4 354
2 288
701 39050
8 8
3 6
3 3
13 34
3 3
6 304
61 2251
30 1360
201 12676
277 9911
6 24
2 2
2 2
22 144
1 2
3 15
1750 834291
2 21
2 3
2 2
257 9605
2 588
8 13
1 2
6 17
1 855
3 3
53 8727
4 4
3 15
9 31
9 868
2 9
3 72
13 588
5 5
1 2
1 5
299 2819
102 216950
1 5
99 6795
12 31
27 10849
3 30
56 7461
8 64
8 24
5471 58670
58 1894
1 64
2 2
1556 20704
9 2257
35 95
10 598
6 10
19 19
2 5
18 608
3 3
12 256
216 18428
3 3
3 89
4 11
5 11
12 1180
4 297
164 20727
4 4
6 15
3 3
458 2930
16 1769
10 2662
4 304
5 5
33 1610
9 12
2 2
12 31
4 89
5 7
2 5
1 71
22 144
3 3
4 8
14 26
3 15
5 10
6 7
57 3488
3 3
62 1547
11 31
1 9
4 297
88 6773
598 162124
5 7
5 8
3 3
3 288
43 2878
2 2
9 31
277 9911
654 17878
3 304
272 1282
3 3
34 9789
3 3
3 3
2 5
15 36
2 20
4 296
2 3
6 21
22 93
5 289
2 2
2 5
3 6
2 5
122 3531
10 32
3 885
13 327
1 5
3 30
14 29
3 3
8 581
1 9
3 18
43 162
5 12
10 10
4 304
3 12
125 323
3 301
1 2
3 3
46 1039
1 588
10 2662
19 39
3 3
9 2257
1 5
10 7952
115 5113
8 18
5 17
1539 241022
1716 32586
9 8179
69 9690
4 304
43 162
3 3
186 6201
577 4497
6 304
48 5904
3 290
246 17436
2 3
5 15
2 3
5 12
13 588
1136 10474
27 13273
1 64
12 31
7 29
122 10999
9 387
1 5
689 3529
9 29
1 6
267 7902
5 10
18 1537
3 15
1 2
88 3220
5 60
2 2
48 5904
4 4
3 3
445 1853
63 2829
4 304
3 3
5 9
24 2762
2 5
7 30
4 55
3 6
2 1709
5 7
5 304
5 67
7 7952
4 588
11 32
3 288
3 3
3 3
2 2
6 588
1 2
4 6
30 73
299 2819
3 5
86 3452
4 13
4 33
3 3
4 8
518 146355
293 2819
1 2
639 21717
15 36
11 31
15 90
2 14
9 31
12 2584
27 473
23 4708
27 13283
8 360
6 14
30 9797
120 3452
11 327
8 581
8 595
2 2
15 93
10 22
9 31
5 8
17 59
1 3
5 5
5 8
122 3531
80 135481
28 473
16 1769
6 304
80 135481
3 3
5 2074
17 93
3 3
24 4708
1130 37169
11 12
7 7898
2 2
79 79
12 32
80 8861
4 14
2 3
22 144
3 4
4 10
23 170
1 2
6 596
3 3
2 2
3 3
4 588
6 6
169 3179
17 17
82 6752
2 2
4 72
6 6
35 150
10 32
6 14
3 3
9 1537
4 52
2 2
3 3
6 596
14 22
4 11
16 156
3 4
28 1520
1 3
4 4
61 2251
58 1894
3 3
4 10
6 6
6 588
11 1703
277 18507
2 2
12 33
122 3531
4 7040
4 6
13 1857
6 19
1 3
3 3
88 12937
3 3
56 2244
4 1999
15 90
5 289
4 288
6 304
3 3
12 312
141 4410
11 329
1 4
12 1537
4 89
22 1769
15 90
88 6773
6 11
6 304
1666 65228
29 1610
5 9
8 588
7 12
6 596
8 581
2 2
9 9
9 312
3 3
7 10
22 93
14 29
504 25695
10 31
29 929
1 11
4 588
3 24
23 2080
7 33
171 13618
6 11
3 3
2 286
15 320
61 8876
35 95
23 1766
8 581
9 10
361 35971
142 14435
13 1857
579 4497
65 1299
4 304
3 304
3 15
1 2
3 54
11 32
1 269
86 3452
3 72
1 4
10 23
1 11
16 156
2 5
58 4787
3 3
4 588
1 588
27 13273
2 2
86 3452
5 8
4 2074
3 3
1 68
4 8
285 9911
13 588
2 3
12 312
152 260
1716 32586
1 64
1 6
2 2
5066 407589
11 12
9 8179
8 13
5 5
504 25695
5 289
1 3
28 1520
3 72
49 4789
5 6
5475 58680
3 14
2 3
2 3
2 2
9 13
43 2878
32 97
1 855
6 597
3 1999
3 3
3 301
3 3
40 323
12 588
64 6752
14 26
649 156872
45 6773
4 10
86 3452
17 1449
8 868
14 29
43 162
14 327
4 4
1 64
1 12
2 2
171 13618
563 5519
93 2858
18 1537
3 3
2 2
3 3
233 2049
4 55
3 6
33 71
7 33
15 327
11 312
4 52
3 3
6 596
61 2251
4 6
27 339
37 1824
77 3198
2 2
690 3529
6 58
6 304
2 3
5 10
8 315
27 13271
4 18
3 3
3 3
2 8
7 7898
2 67
53 7456
3 3
5 1999
91 10517
64 4788
3 3
3 18
61 2251
3 3
4 354
142 378
344 3325
3 3
27 13283
2 287
190 13618
63 2829
81 7461
5475 58680
3 3
227 18094
3 3
32 1608
6 40
10 2662
12 31
43 2878
3 3
3 3
15 73
27 13291
19 30
2 588
16 23
35 150
5 289
3 18
7 2142
2 288
53 7456
3 3
61 2251
43 162
11 80
7 12
168 6029
2 3
22 334
2 2
4 326
5 297
2 3
15 312
42 63
11 31
3 15
3 3
11 31
5 10
4 4
4 20
82 55293
5 297
9 31
2 2
2 2
25 5168
38 1293
5 13
1 2
8 8
447 12234
45 6773
1 5
2 287
16 2362
5 289
5 290
3 6
64 2254
2 2
14 29
5 590
8 360
27 473
1 6
22 1168
11 329
2 21
2 1709
33 1610
24 2762
22 4672
29 1610
11 1703
1 5
791 54365
3 290
27 13261
10 31
5 10
15 154
16 51
15 312
1 39
122 3531
201 14434
65 13262
3 3
34 34
6 3994
3 3
2 9
1 855
297 1029
9 44
4 297
5 14
24 32978
5 9
4 354
27 473
10 13
45 6773
120 12677
3 304
3 18
5 6
15 941
5 221
173 17654
1 5
25 1293
5 11
1 9
511 9876
5 10
7 297
2 2
5 30
3 6
9 55
504 11173
28 1839
82 6312
18 1293
6 19
4 297
1 9
3 5
4 20
5 302
6 301
20 145
3 1999
6 2029
2 588
3 3
10 89
2 2
2 2
3 3
4 2074
6 22
24 2762
17 179
21 71
9 55
15 327
4 297
2 4
3 3
61 2251
2 7
5 7
3 6
6 10
98 4506
64 4788
5 17
557 628993
14 903
16 23
5 15
2 3
5 9
30 1360
30 639
4 11
9 12
2 2
2 2
4 89
2 2
46 1039
9 360
3 3
7 33
1 10
9 13
3 8
3 6
2 2
28 929
25 2231
1 5
5 2074
64 3452
62 6795
4 52
3 3
3 288
489 4711
5 304
6 596
22 2552
6 304
6 14
14 36
1136 10474
61 2251
2 3
5 114
1150 39833
4 7
443 1853
6 304
1 13
16 156
10 23
689 3529
61 2251
1 5
5 7
6 10
4 52
17 1449
197 17840
6 22
8 11
2 2
5 304
10 588
1 3
68 323
2 3
6 301
5 8
5 8
18 144
530 33033
3 15
11 32
11 354
6 24
17 1449
1 287
56 2244
3 301
5 5
148 20727
3 5
6 1768
3 3
5 354
3 3
2 3
2 21
4 10
66 4787
21 134
3 4
14 22
312 1853
33 183
3 3
6 588
6 6
2 588
349 3675
9 31
6 22
3 3
2 3
1 855
43 162
3 3
10 34
4 6
1 269
12 31
2 2
28 66
1 588
1 855
7 297
57 167
4 89
64 2254
63 2829
13 1857
3 3
47 8727
19 144
3 14
2 10
10 1528
22 1769
29 6143
1 5
747 54360
176 747
8 14
9 29
4 89
4 60548
3 3
34 35
201 12676
4 10
2 9
6 7
171 13618
63 2829
177 633
53 8727
5 10
6 20
2 2
41 9797
3 3
60 3719
30 2878
3 3
732 36897
208 12676
5475 58680
4 1999
29 3075
17 17
7 15
15 36
3 3
23 673
497 5158
2 5
2 6
6 6
278 9605
9 31
12 290
9 8179
19 28
3 3
29 1604
23 2552
1 2
1 76
1 27
3 15
6 15
3 9
9 868
48 398
10 588
2 2
16 35
3 3
14 29
267 7902
64 4788
2 3
27 13293
3 4
86 249
2 288
5 304
11 329
28 1602
33 1610
66 4962
7 56
43 162
5 289
8 868
2 3
9 31
2 2
41 9797
7 297
15 89
3 7
13 34
8 24
3 3
2 6
4 288
3 297
61 2251
4 288
157 261
16 90
5 11
141 378
10 89
2 2
47 3431
6 588
9 8179
8 44
1 949
3 5
1 76
11 32
57 3488
77 3198
4 8
2 588
15 89
2 3
9 31
3 3
64 121949
5475 58680
14 327
18 1768
3 1999
219 56855
12 31
10 32
3 3
184 19393
82 6752
3 3
11 329
27 3500
2 2
148 20727
1136 10474
4 11
61 2251
59 4698
17 31
4 89
231 2044
1 64
4 29
3 3
14 22
6 9
5 5
5 941
27 473
3 3
3 3
6 304
62 6795
26 2762
4 304
47 8727
3 9
1 3
17 39
9 31
5 6
48 5904
3 18
80 135481
12 588
4 22
5 6
4 296
23 1768
18 1769
4 27
35 95
15 603
3 3
16 51
10 32
142 378
6 588
10 22
3 3
1 21
2 2
2 26
6 304
2 2
3 3
22 2552
1 287
5 11
3 3
9 22
88 12937
3 3
26 478
3 304
7 29
3 3
3 3
2 588
4 297
10 14066
28 929
16 23
3 3
3 35
2 2
2 2
9 29
23 2080
791 54365
4 297
98 4507
3 3
299 2819
2 2
9 52
3 6
58 1894
2 588
74 18318
3 18
4 6
326 3529
4 30
11 112
2 588
2 2
3 3
3 3
288 1853
4 2065
61 2251
2 2
2 2
3 1999
6 14
6 17
4 89
3 3
4 89
29 1610
27 13273
1136 10474
2 2
23 673
6 588
2 2
2 5
267 15542
13 34
27 1610
2 2
36 195
30 2878
2 2
88 12937
3 5
2 4
3 3
49 6841
2 2
3 35
16 3730
2 588
22 1168
2 2
1 12
5 7
71 6841
1071 6134
4 4
5 12
15 93
2 2
5 8
3 3
181 13386
19 636
2 64
9 10
5 9
12 12
82 6312
1 2
5471 58670
299 2819
88 12937
15 93
2 5
2 2
7 9
6 301
12 56
7 12
10 23
3 3
99 14218
5 10
23 4708
56 7461
2 5
15 93
61 2251
3 290
1 2
3 178
4 14
4 326
19 30
3 3
6 6
690 3529
6 6
2 5
1 2
14 29
3 18
6 2030
2 2
1 64
6 10
5 9
24 1769
13 588
30 8634
5 14
56 2244
6 941
3 3
2 2
3 3
4 89
3 3
4 4
12 290
46 1039
8 315
2 2
43 2878
2 2
4 4
3 3
1 25
1 588
9 31
16 23
4 14
5 10
7 7
285 9911
10 32
151 259
13 2686
1 5
1 9
99 14218
1 5
17 1449
4 7
1 3
4 6
4 7
4 296
2 2
13 588
55 3488
27 13293
349 19967
11 312
6 7
6 14
3 15
2 2
9 31
36 922
6 588
6 35
5 67
210 13618
5 15
3 18
2 2
2 2
1705 20146
42 105
3 3
5 10
543 4546
27 10869
13 1857
8 595
26 2762
3 3
6 588
7 12
1 588
7 8
3 3
518 146355
4 7
56 2244
3 18
2 2
1 22
6 6
6 301
62 6795
4 11
3 3
64 126972
13 28
41 9797
5 354
15 36
3 6
2 301
12 290
327 2819
6 588
4 7
266 1760
5 15
5 8
5 8
3 3
1 2
504 11173
120 12677
3 9
1 949
7 297
6 3994
8 8
22 144
3 3
3 3
3 3
18 608
689 3529
6 6
27 13271
14 327
5 354
2 2
6 304
2 275
2 2
14 29
2 2
9 33
8 1528
94 120435
11 329
2 2
2 2
2 588
184 19393
139 630
1 12
26 2762
7 54
7 581
4 12
5 1742
9 11
3 1999
5 2077
93 2858
8 10
51 2237
13 1857
1 949
6 588
3 19
2 2
32 34
23 93
27 493
235 4006
86 249
4 288
35 95
15 1172
6 588
8 10
2 2
6 21
2 2
1 12
3 18
3 326
11 12
57 2755
27 13271
227 18094
2 2
3 301
1 3
489 4711
5 8
11 31
3 3
3 3
99 6795
14 312
24 38
1 2
518 146355
151 259
577 4497
223 20580
8 581
3 4
2 2
3 3
1903 834291
1 9
1 3
2 2
3 3
5 10
27 493
8 581
1 14
4 11
4 4
2 20
6 19
2 5
7 7
4 588
7 54
1339 51956
69 9690
3 3
6 22
6 588
344 3325
5 354
231 6029
4 7
43 162
12 31
2 2
9 8177
21 71
15 36
12 12
1 64
15 327
27 10869
10 277
1 9
3 3
12 32
3 3
7 33
6 596
6 22
9 29
1 855
2 2
2 5
4 22
4 6
6 19
136 12678
2 2
19 2526
56 2244
2 2
11 31
11 1703
6 10
3 3
278 9605
4 2065
6 21
184 19393
1 5
15 941
1 6
33 35
3 3
4 4
145 12580
3 3
4 288
1 1656
2 2
40 3416
28 1839
4 89
2 3
80 8861
29 1604
158 633
27 473
10 30
13 327
1 64
4 297
29 1604
1 6
15 1039
8 2074
56 2244
6 588
2 9
22 144
141 378
1903 834291
3 6
14 29
57 126972
98 4507
9 8177
3 304
15 941
35 13689
2 3
7 17
1 885
2 2
3 3
3 3
8 581
19 26
14 327
4 297
4 326
3 3
557 628993
1 64
10 28
598 162124
504 11173
5 8
4 7
1 6
3 3
2 885
15 36
5 8
3 3
4 89
12 44
64 2254
11 1703
747 54360
16 82
31 5613
5 10
4 11
791 54365
8 33
216 18428
11 31
25 1769
2 588
2 5
22 93
4 304
8 581
6 6
3 30
27 13281
15 90
2 3
86 3452
9 52
15 312
122 10999
195 1029
11 13
263 16399
4 588
6 304
3 15
4 4
19 4304
183 122329
1 588
143 3451
13 588
43 2878
56 2720
7 11
1 10
11 22
3 7
579 4497
204 17120
4 52
6 41
4 949
29 3075
208 12676
11 32
4 297
6 304
1 5
7 7
467 51212
18 608
5 354
4 949
35 95
17 1449
10 31
1 15
3 3
102 216950
5 588
132 12677
1 9
236 16399
2 3
23 1768
1136 10474
2 2
11 23
1 588
142 378
7 297
2 2
13 588
2 15
216 18428
3 6
53 8727
1 64
15 36
4 6
231 6029
2 588
6 304
15 93
18 144
11 354
2 5
3 65
2 588
6 58
9 868
2 9
10 588
2 2
660 47853
95 3531
3 3
9 13
6 14
99 14218
13 34
3 3
47 3431
3 3
11 2074
9 9
10 46
8 54
6 588
3 3
2 588
2 2
2 5
36 1839
278 9605
49 6841
18 144
5 304
6 588
4 12
2 2
3 3
6 14
4 10
267 7902
5 12
2 2
32 183
511 36841
24 4708
3 294
3 3
119 3482
5 290
1 71
11 32
9 2080
3 12
29 6143
2 3
56 2720
2 2
4 288
2 2
7 12
4 22
404 7185
27 493
3 3
1 2
3 15
8 581
89 6868
2 2
2 34
2 3
4 11
28 929
6 8
11 883
2 9
27 13271
9 31
5 5
24 1769
5 10
2 2
7 581
2 2
2 287
83 12937
5 7
61 2251
142 378
2 4
1 22
14 91
5 15
1 269
8 2074
125 323
3 3
53 8727
27 13281
3 3
6 301
53 8727
3 287
6 2074
1 287
6 6
5 289
80 13323
3 3
2 2
2 2
28 66
27 473
3 8
4 296
16 16
326 3529
5 15
2 5
2 2
5 5
3 4
12 2576
64 121949
4 6
4 6
8 15
2 588
3 3
11 835
3 3
2 3
88 12937
293 2819
1 2
423 29421
1 12
3 3
17 17
1 2
8 11
3 304
7 56
21 4708
82 6752
3 3
4 52
19 39
3 288
4 6
4 5
5471 58670
4 297
4154 21205
1 5
349 19967
4 4
511 9876
5 10
20 334
6 28
27 473
29 5456
86 3452
123 2552
10 2662
654 17878
2 2
3 3
65 4788
2 3
23 2080
3 3
5 11
80 8861
9 300
3 3
46 1039
1 12
13 327
57 126972
4 20
1 2
62 6795
2 588
3 3
1 588
3 288
3 288
10 588
13 34
15 1039
4 4
148 20727
35 95
21 4708
957 11913
13 1769
4 10
11 32
3 288
1939 76396
13 588
28 700
1 2
11256 334087
79 79
16 51
2 3
17 1449
5475 58680
404 29421
2 588
3 3
3 3
751 54365
1 5
16 2362
60 4789
148 20727
5 5
4 304
3 3
7 297
6 24
4 6
1 5
3 15
16 23
3 3
2 2
27 10849
11 941
14 26
4 297
3 174
11 32
5 10
2 21
4 55
3 7
5 10
99 14218
1 855
3 15
3 3
2 287
21 4591
8 13
2 21
2 2
497 5158
3 3
290 1106
3 3
3 4
2 3
1 6
15 327
598 162124
210 13618
4 297
26 2762
2 2
3 3
4 7
2 2
6 3994
3 36
3 3
22 93
1750 834291
511 36841
23 2080
5 297
5 8
2 588
6 9
5 10
4 14
45 6773
5 294
8 9
4 22
11256 334087
15 597
8 11
5 290
1 70
8 581
3 15
1 588
3 9
2 34
8 10
86 3452
511 36841
3 9
301 2819
40 40
70 9690
285 9911
349 3675
3 3
9 8179
28 1839
3 304
2 2
3 3
4 5
8 112
4 14
4 29
5 6
201 14434
143 647
3 3
2 3
9 31
1 2
1 5
1 6
3 79
33 1610
6 10
2 2
1 3
14 26
40 3416
3 66
2 2
17 1449
3 3
143 3451
2 2
1 949
1903 834291
1903 834291
23 941
3 15
5 12
3 5
7 312
9 360
2 2
235 4006
11256 334087
34 413
489 4711
3 18
5 10
15 89
1 3
339 3054
3 3
16 51
15 93
12 32
14 134
27 13273
15 1172
4 6
29 1610
4 289
48 249
99 14218
3 3
28 1839
12 32
1 76
1418 20874
3 5
11 329
3 3
2 2
62 1547
1056 37169
148 20727
17 93
11 1537
164 691
64 4788
33 35
2 150
186 6201
3 1999
168 6029
7 56
2 2
349 3675
1 5
18 18
9 29
161 9343
2 2
37 9789
12 32
9 3500
2 2
3 9
5 67
9 2257
9 588
44 3669
31 9797
27 10849
13 28
11 32
18 1460
12 31
51 2237
747 54360
16 23
29 1610
34 413
43 162
22 93
8 296
11 31
3 3
43 162
4 89
3 288
2 588
4 89
10 118
233 2049
139 630
12 32
22 1168
5 289
2 3
701 39050
39 3416
1115 11062
2 2
5 5
5 5
39 3416
8 112
30 1360
3 3
227 18094
4 10
122 2552
3 3
3 5
6 6
1 5
12 31
689 3529
3 3
8 13
3 3
12 32
6 28
30 1360
2 2
27 3074
15 312
14 29
29 1839
3 6
3 3
16 1537
5471 58670
2 2
1753 20874
4 72
27 473
1750 834291
9 31
5 65
30 73
6 35
1 13
3 3
41 9797
2 5
8 15
654 17878
56 2720
4 288
3 8
10 12
11 31
2 3
8 588
66 205509
1 2
10 73
14 3146
5 9
6 14
45 6773
8 868
8 13
47 730
6 14
3 8
89 6868
32 1610
18 1537
3 15
15 93
40 1975
29 1610
14 327
66 4787
8 18
216 18428
3 35
1 76
530 33033
6 3994
48 82
28 1839
1 5
212 82915
278 9605
6 7
4 18
6 588
31 639
10 12
17 1449
4 7
16 59
43 2878
184 19393
5 12
3 1999
260 16391
12 32
10 2662
17 59
5 10
2 5
3 3
12 588
8 9
7 12
3 12
69 9690
129 1221
1 64
142 14435
10 45
136 12678
6 14
34 73
3 3
61 2251
51 2237
4 304
6 588
1 6
3 18
22 1769
1 286
1 9
3 33
1230 44569
46 4782
208 12676
2 2
16 312
2 5
4 8
9 31
2 2
4 297
361 35971
7 33
77 3198
29 1610
25 1293
3 15
5 289
2 2
16 1537
2 5
1759 29134
1 588
5 114
15 312
13 1857
2 2
27 13273
4 2074
58 4787
2 5
11 31
5 7
39 3416
143 647
4154 21205
98 2858
1 5
45 6773
1 6
9 312
152 260
4 4
142 12678
2 5
2 2
5 294
1103 39833
32 183
3 6
622 162124
6 301
33 35
3 3
1063 11062
42 105
8 315
20 29
11 32
4 297
14 327
4 6
15 327
15 89
16 16
30 1360
43 2878
2 885
2 2
136 12678
2 21
15 941
13 34
22 144
3 288
423 29421
9 29
3 5
3 3
8 588
24 33
18 1537
3 3
5 7
497 5158
1 3
62 6795
2 3
16 93513
8 595
4 7
2 288
7 12
2 2
2493 31888
33 1610
14 22
2 24
4 5
27 3500
23 1768
13 588
11 80
3 5
53 7456
5 290
5 8
2 2
56 2244
3 3
55 3488
2 9
5 15
2 2
24 941
5 12
1903 834291
504 11173
2 2
2 5
22 144
3 3
98 4507
3 3
3 3
5 10
15 89
2 34
3 17
58 4787
6 22
3 3
3 3
2 6
2 2
190 13618
326 3529
11 1703
5 297
285 9911
2 21
2 2
7 312
15 597
16 1537
39 3416
15 327
6 71
2 5
15 327
8 300
1 588
11 100
3 3
11 23
7 597
2 2
8 1528
5 6
3 3
4 52
2 14
1 59
18 608
18 144
2 3
3 3
177 633
3 8
1 5
208 12676
1750 834291
1063 11062
2 2
3 288
3 297
293 2819
3 3
13 1769
4 14
5 5
140 10998
4 4
13 1857
15 93
680 17878
6 24
2 5
9 588
293 2819
10 23
2 286
3 15
15 327
8 56
15 327
29 1610
2 3
2 2
2 2
2 3
19 39
3 5
4 12
3 6
27 13291
10 588
26 2762
2 14
246 17436
122 2552
8 13
302 2819
13 588
122 2552
10 1805
10 32
15 885
4 288
5 303
3 3
16 2829
4 20
5 8
120 12677
64 2254
45 4458
5 294
2 5
4 296
8 8
747 54360
6 304
1 6
27 473
233 2049
171 13618
689 3529
39 3416
3 2872
58 4787
11 32
5 289
3 288
6 304
660 4103
77 3198
1 588
17 1449
1 288
12 31
689 3529
3 3
6 301
8 581
9 2074
316 2819
3 54
6 309
26 2762
1 6
15 327
3 3
9 9
5 12
6 304
2 588
2 5
9 31
13 464
6 6
6 3994
15 1172
6 3994
3 3
323 1760
7 12
8 581
6 7
12 2081
33 335
4 10
91 10517
7 10
19 636
10 588
22 144
4 288
186 6201
1772 836029
2 5
29 3075
33 4830
47 3431
5 289
86 3452
15 327
5 10
6 301
2 2
2 2
4975 405863
4 89
3 6
4 72
27 473
3 6
3 3
11256 334087
216 18428
3 290
1 3
56 2244
1 76
263 1282
3 6
5 303
15 93
3 3
5 17
60 3719
30 1360
5 9
2 288
29 14797
9 12
13 588
15 327
3 5
2 5
99 14218
3 15
1 3
1 269
1056 37169
2 2
4 72
277 9857
3 18
1983 707319
267 7902
27 493
5 11924
1750 834291
5 304
1 949
3 15
82 6312
2 3
511 36841
6 14
1 2
2 301
12 2584
107 14813
28 929
28 1839
9 300
28 1839
8 581
1 2
335 3000
6 304
4 7
29 6143
2 5
5 12
1 58
2 2
34 73
13 588
7 15
3 3
1 5
5 67
16 1537
15 36
7 7
3 6
1 303
1119 48179
15 312
8 10
4 354
197 12676
1 5
3 35
3 5
9 312
4 2065
15 19
4 297
142 12678
649 4711
3 3
14 29
1071 6134
14 327
1716 32586
436 1515
30 1360
3 1999
3 3
5 885
53 7456
122 2552
4 297
1 949
11256 334087
78 8879
3 9
8 595
2 2
15 93
139 630
1 3
82 6312
2 6
5 297
148 20727
143 3451
15 36
1 5
1 269
27 10869
3 3
3 288
12 31
34 3075
21 1764
64 121949
9 52
5 14
14 320
8 11
15 327
49 4672
11 327
1150 39833
7 11
8 8
326 3529
82 6312
1903 834291
8 1528
17 17
4 6
1 2
8 15
30 73
2 2
2 2
4 285
6 16
16 156
55 3488
29 6143
2 2
2 8
2 5
15 36
12 32
12 290
14 1039
151 259
41 9797
27 10849
27 493
2 2
4 297
432 33902
46 1039
3 5
2 2
2 2
15 93
4 89
8 581
99 14218
1903 834291
143 3451
23 941
10 1805
6 22
2 303
9 381
4 4
2 2
5 289
46 1306
3 3
30 1360
3 3
15 327
504 25695
1 2
3 6
12 588
3 6
215 20580
383 24939
15 327
27 10849
11 1767
3 3
3 304
302 29625
29 1293
24 53
14 327
8 39
11 32
3 3
12 588
9 31
212 82915
518 146355
3 3
16 1537
5 289
4 10
1230 44569
2 2
1 64
98 4507
8 8
24 1769
2 3
12 318
13 588
1 3
305 3325
3 297
27 473
2 287
16 312
1 2
4 304
1 10
2 2
2 2
14 36
2 2
61 2251
51 2237
1 588
1 2
2 2
6 304
17 39
201 14434
4 1999
3 3
3 3
2 2
3 72
2 2
1 5
27 13263
16 23
29 6143
17 93
7 12
1 2
2 2
46 1039
27 13261
13 10376
10 46
3 3
24 2230
4 4
233 2049
10 2662
2 5
4 288
2 2
12 31
2 15
3 3
518 146355
88 12937
2 5
6 14
5 15
2 6
3 3
1 12
10 40
34 9789
8 580
186 14812
122 10999
5 8
2 2
1 6
29 34
56 2720
4 11
4 10
1 949
231 6029
5 301
1 286
16 1537
598 162124
1103 39833
1 2
197 17840
42 105
61 2251
1 286
6 304
5 15
1 5
2 3
3 3
2 3
2 2
1 2
2 2
27 10849
12 1537
17 39
5 1094
3 3
63 2829
122 2552
173 17654
3 18
5 297
1115 11062
6 301
3 288
2 4
8 588
16 82
3 3
3 18
15 327
1 2
14 36
3 3
57 204
5 7
6 588
91 10517
3 3
4 7
57 204
6 7
66 205509
6 10
3 3
274 9902
5 8
8 10
9 31
235 4006
64 4788
4 6
2 2
4 20
5 289
1 3
3 3
3 3
22 3501
14 26
5 10
51 2237
4 20
2 2
2 24
6 9
11 32
17 31
3 3
7 11
397 28806
46 1039
5 10
4 6
8 8
3 3
3 23
16 82
16 23
201 14434
12 31
15 93
27 473
4 297
51 2237
5 2077
142 378
2 5
747 362061
75 3196
16 93513
8 8
2 2
5 15
1750 834291
3 3
5 15
9 31
1 59
17 1449
10 80
91 10517
2 2
16 93513
29 1610
4 89
9 868
14 29
8 13
2 8
577 4497
40 133968
2 2
8 8
31 473
8 12
136 12677
2 5
10 23
30 73
4 12
263 1282
43 162
23 4880
4 40
5 7
3 3
5 15
102 14218
5 1999
1 588
2 5
3 3
4 4
2 2
37 9789
3 72
7 297
1 22
3 3
4 11
23 941
15 327
17 1449
7 588
1750 834291
791 54365
1 3
16 1769
2 8
4 6
3 3
1 2
12 32
13 949
2 5
1 588
11 329
189 19393
122 2552
3 4
13 34
66 4962
18 1537
7 8
91 10517
1 296
3 3
15 93
3 15
5 6
13 52
6 22
129 323
28 929
235 4006
301 2819
299 2819
1750 834291
1230 44569
2 2
13 34
8 14
2 2
5 10
257 9605
2 588
4 20
7 597
6 304
2 2
1 2
3 1999
2 2
11 2074
3 3
35 95
3 3
17 31
43 2878
9 22
9 33
1 59
1 15
15 327
5 161
64 2254
1 5
9 31
2 2
4 6
2 2
148 20727
13 1293
12 44
14 327
1 9
12 290
75 21514
3 3
8 581
408 17245
6 949
3 3
8 8
4 354
3 3
783 11913
1 5
11 32
30 73
3 3
221 82915
4 11
3 35
1 588
14 29
64 121949
148 20727
4 15
2 2
2 136
10 45
1 22
2 2
6 71
4 297
3 72
2 2
9 11
1716 32586
3 27
99 6795
2 275
62 1547
3 3
102 202153
14 320
53 8727
7 11
8 581
447 59187
3 3
577 4497
4 304
1 15
28 1839
42 2720
690 3529
1 6
12 290
1 4
3 288
3 288
9 52
5 6
3 18
14 29
13 13
3 3
5 289
3 288
2 2
660 47853
3 5
11 32
2 2
7 7
5 1005
29 1610
1 949
22 1769
285 9911
8 323
2 2
190 13618
1 5
80 135481
1 6
120 12677
3 288
1941 43060
4 304
5 10
403 5863
6 40
4 6
2 2
61 2251
1 588
196 16332
18 608
3 3
3 3
1 269
25 1769
2 5
4 5
5 5
10 45
3 3
164 691
71 7461
2 61
14 1537
2 2
1056 37169
22 144
3 66
48 82
15 312
11 15
56 167
51 2237
3 15
3 3
2 588
3 3
15 79
30 1360
1 64
8 595
6 309
29 3075
3 3
2 588
3 3
56 2244
6 14
2 2
3 3
3664 329467
4 4
43 162
9 3500
5 11
3 3
1 15
27 13271
8 581
1 288
4 288
9 31
5 10
6 22
31 6143
5 949
3 18
2 21
3 15
2 2
52 2237
4 288
2 2
3 3
4 288
14 588
13 34
11 32
2 2
2 9
660 47853
45 6773
8 24
3 3
18 1537
3 3
24 2762
8 15
56 2244
66 126972
27 473
1772 836029
10 28
2 14
2 2
157 261
1 5
5 6
3 4
27 10869
9 31
6 71
4 89
3 3
4 10
17 4017
543 4546
4 10
1 949
3 6
99 14218
3 3
6 22
201 14434
9 2074
46 4782
11 327
27 10849
278 9605
27 34
9 360
7 297
791 54365
120 3452
2 2
11 32
12 2584
3 3
27 13293
231 6029
62 6795
4 288
6 22
1750 834291
3 15
7 54
5 67
5 15
13 588
8 15
6 6
2 2
263 1282
27 13281
46 1039
61 3452
15 89
9 10
11 31
3 304
6 304
5 6
2 3
650 4711
4 4
99 14218
11 13
2 26
4 14
89 6868
3 18
1 5
5 289
11 32
4 10
2 2
2 2
1 39
46 1039
32 97
24 1769
27 10869
16 82
2 34
18 58
2 2
65 4788
6 304
3 287
6 24
9 31
