3 22
1 2
2 14
2 3
2 3
77 3451
3 304
6 82
8 312
4 2065
5 11
6 31
12 91
2 8
17 1839
6 327
2 3
14 3075
77 3675
2 3
2 3
4 4
9 2526
3 9
7 588
1 48
9 23
11 10849
1 64
109 5340
5 297
4 6
10 4591
2 2
2 3
11 28
1 2
3 3
1 5
40 6795
3 22
1 3
16 1360
24 12937
6 31
3 14
2 2
5 2074
15 33311
5 10
34 14813
2 2
12 29
8 8
10 835
5 11
5 8
23 9797
2 3
108 3529
6 31
3 304
6 300
2 15
15 39
5 15
40 2254
2 3
2 2
6 249
1 6
40 6795
3 89
1237 106497
3 3
2 3
3 8
2 588
4 52
16 398
3 7
6 11
6 360
2 6
13 4962
16 16
6 82
13 3488
337 834390
53 1567
5 15
3 289
6 23
4 52
3 289
4 52
2 2
6 10
8 941
15 4708
7 11
3 4
8 12
4 5
2 3
2 4
3 3
4 19
94 2819
3 3
4 55
11 93
202 4711
5 24
179 5158
6 31
3 588
2 2
1 15
1 269
4 11
2 877
2 3
2 3
3 15
12 29
359 11062
10 36
2 3
3 304
8 8
3 588
19 9789
1 297
2 9
86 9911
3 12
3 2078
9 30
7 31
35 3452
12 2878
5 15
1 2
2 2
5 10
3 89
5 31
7 31
1 5
2 6
4 315
3 588
3 289
265 11913
11 13273
2 4
8 8
4 24
5 12
3 588
1 5
10 329
3 10
4 11
15 1449
5 41
2 2
83 14434
5 2077
2 5
31 8727
2 2
2 2
2 9
200 146346
30 3220
4 26
35 3452
5 1742
2 2074
10 90
4 20
1 71
11 28
1 7
2 2
47 14435
7 31
11 473
1 25
30 3416
18 378
21 6773
10 1857
304 836128
1 5
1 3
13 26
3 15
1 6
3 596
7 105
3 18
3 10
3 7
21 6143
2 3
7 1558
105 1029
2 3
1 3
9 12
55 8861
6 885
2 304
3 289
5 12
18 378
21 133968
11 478
5 15
20 334
34 2829
5 11
3 15
5 5
3 3
2 2
4 597
2 3
113 261
4 28
7 82
1 5
5 28
3 297
1 35
35 205582
10 36
6 6
296 39050
4 21
4 14
40 6795
2 22
74 2819
103 18428
1 588
3 3
6 885
3 6
2 2
2 2
25 8879
95 56859
1 949
96 17120
3 596
148 36841
11 93
4 188
5 31
24 12580
3 5
1 76
75 2819
3 8
1 7
280 8430
5 300
2 2
27 730
4 8
91 12676
6 327
10 59
10 56
5 941
3 3
3 180
29 3087
3 89
6 312
6 2584
3 3
2 2
6 277
7 54
1 286
1 3
2 3
25 183
2 3
7 32
110 259
35 3452
5 581
15 144
6 300
1 2
3 1768
524 80942
2 3
1 8
9 320
2 8
10 36
2 2
105 6029
10 35
2 8
286 834390
6 32
26 2244
2 3
2 10
2 8
9 6841
10 9789
9 1293
3 7
108 29625
43 2251
4 10
83 14434
2 2
4 588
2 3
2 27
10 329
6 2000
1 287
18 2243
3 596
18 2243
268 25716
3 304
2 3
2 9
317 42975
2 3
1 2
1 312
296 39050
76 2819
2 2
31 162
60 691
28 7461
13 29
209 3529
12 29
6 290
8 581
2 2
11 3056
40 6795
3 15
1 588
26 167
3 300
2 8
2 3
2 3
5 13
160 4528
11 13293
7 32
3 10
6 868
4 9
9 8179
1 6
2 2
12 2878
2 288
2 3
17 228
1 2
19 2762
2 58
2 40
79 19393
2 1999
2 3
83 14434
8 8
2 588
1 855
62 1760
45 3179
2 2
4 11
2 3
1002 62958
90 3531
3 22
1 3
1 1996
57 10998
23 13718
1 6
9 12
10 1857
43 82
2 588
2 15
719 76400
4 52
30 1547
2 3
3 33
11 473
2 588
5 12
5 71
1 5
23 13689
2 7
60 691
3 8
2 5
18 378
10 1857
3 3
4 5
4 304
1 8
6 1769
7 31
6 1537
11 13281
8 2074
3 20
49 12580
1 14
29 2237
8 5613
6 14
3 6
3 9
211 6134
2 3
7 31
6 29
2 2
5 68
5 8
6 32
2 2
2 5
11 4672
9 12
367 54365
2 2
55 8861
2 2
2 15
3 9
17 1839
56 6029
136 28806
4 6
43 2251
4 6
5 6
10 2552
2 2
3 89
1 5
5 41
3 290
21 3074
2 275
5 10
29 12677
2 58
7 10
3 4
1 5
5 3994
3510 334107
6 7
16 97
8 581
117 261
3 3
18 126964
7 32
1 303
4 1769
11 3416
10 941
2 3
2 6
91 122758
2 15
2 859
86 9911
2 29
1 5
2 2
6 6
2 3
35 205582
2 5
2 2
2 2
3 3
3 588
268 11185
5 7
6 301
19 929
2 3
2 3
2 2
1 2
2 6
2 3
719 76400
23 6433
1 312
118 19967
4 289
37 2251
6 6773
1 20
4 588
96 17120
10 329
1 288
1 6
6 6
8 34
155 1853
3 72
2 2
4 17
1 3
1 4
2 3
96 1282
1 6
2 6
4 1999
18 18
2 2
2 2
2 2
1304 58680
6 80
14 4672
21 2878
12 29
59 6312
2 288
14 89
5 11
2 2
5 39
109 20580
56 3452
3 35
3 3
43 2251
11 3669
2 588
8 581
11 13263
6 31
5 6
2 3
2 2
3 1999
2 588
1 2
11 13291
1 3
8 134
2 2
3 91
2 3
72 17655
5 68
2 3
232 162152
31 6773
12 29
4 12
2 2
17 1839
2 3
29 12677
1301 58670
17 6143
1 287
43 82
6 32
3 35
9 51
6 4651
6 14
2 2
3 3
2 3
7 13
15 1449
2 2
5 10
6 885
40 1299
99 15474
7 33
4 4
5 15
5 6
1 883
26 2244
2 52
2 3
2 5
20 1166
4 5
2 8
2 303
1 6
49 12580
3 6
19 1769
1 6
5 12
90 19393
2 3
3 11
4 2065
1 5
1 6
6 31
3 1005
2 2
8 581
4 24
16 1360
160 2298
4 588
286 834390
12 91
2 2
6 34
2 2
178 146346
9 51
5 15
6 300
7 32
24 4698
12 29
5 304
20 7461
9 13
7 588
4 11
6 32
2 3
1 5
30 3220
34 2829
108 3529
63 630
32 162
1 5
15 144
4 5
1 2
111 260
105 6029
1 2
2 5
6 4708
2 2
11 473
21 133968
11 3056
2 3
5 10
7 588
29 3198
5 2074
1 949
5 12
277 24303
5 5
3 89
40 2254
7 12
28 12937
74 2819
6 327
5 15
8 1537
1 26
1 2
2 3
7 327
3 54
4 6
3 12
2 3
2 2
2 3
10 327
6 327
3 304
2 2
6 581
6 1703
1 6
268 11185
2 5
1 58
485 32586
8 2074
2 2
285 24319
10 93
22 1610
43 2251
64 2552
10 1857
4 14
10 93
5 2074
45 3179
2 29
2 3
3 72
14 1360
2 3
1 3
2 304
3 15
1 68
2 3
1 855
2 3
138 4711
25 150
1 16
5 595
14 4672
8 34
2 3
28 7461
21 2878
118 11913
35 3452
1 58
3 4
7 10
2 3
1 3
2 4
17 33
334 36897
2 3
22 9690
7 25
64 2552
22 4787
26 2244
1 297
7 868
159 9876
15 1449
5 5
64 2819
42 4507
105 6029
6 327
8 463
23 95
12 29
2 3
60 691
39 202244
6 588
1 297
62 1760
2 3
3 304
9 327
34 2829
6 80
5 11
2 6
1 5
1 6
5 581
5 7
2 6
6 868
4 295
3 30
7 32
18 167
2 2
43 20727
19 2246
2 2
16 1769
3 304
2 3
3 588
16 40
20 1166
2 3
3 3
3 6
1301 58670
3 2074
2 288
2 15
1 5
2 588
5 5
1 34
2 6
8 885
4 288
6 312
1 3
3 9
17 34
3 588
1 2
2 12
8 581
7 31
8 8
2 2
160 4528
6 156
2 3
2 15
2 2
1 891
29 12677
3 9
10 118
122 17860
42 4507
31 8727
1 2
2 6
3 3
1 59
2 14
4 5
10 56
296 80631
7 12
83 82958
110 259
4 949
1 6
2 3
11 93
2 2
2 2
10 36
3 7
2 1999
6 29
5 8
1 68
46 3719
4 5
2 2
277 24303
64 2552
1 288
26 167
24 12937
2 2
2 2
8 96
3 30
1 4
2 3
11 13261
3 1999
2 3
2 3
6 13
3 3
11 10869
27 1769
2 4
7 588
11 10849
4 11924
21 2878
9 327
83 14434
2 2
2 2
9 327
23 9797
2 5
1 5
3 8
7 31
28 1894
3 3
6 29
6 32
34 2829
11 493
111 13394
34 2552
2 304
1 14
3 3
1 5
5 941
11 13283
3 3
2 588
2 8
3 22
123 16391
6 885
1 588
5 10
8 34
5 2074
1 297
64 2819
3 3
11 3056
29 12677
11 10849
3 58
1 2
4 67
1 3
37 12678
123 9605
3 304
5 304
4 9
1 286
2 288
6 6773
5 581
9 603
22 9690
11 327
10 56
2 22
32 5092
11 10849
10 1857
2 2
3 3
2 5
1 64
2 3
11 493
1753 101801
9 31
4 1999
9 6841
2 304
13 3488
359 11062
5 10
4 327
2 2
86 9911
2 17
8 34
2 3
18 167
9 144
304 836128
22 1039
6 290
22 1306
1 2
2 3
3 304
6 301
10 2829
2 3
3 1768
1 5
1 297
3 5
3 3
37 12677
7 588
6 31
69 6201
11 93
4 4
6 32
8 2080
5 12
367 54365
122 19415
3 7
4 6
2 2
5 7
504 20874
11 493
72 17655
5 68
23 9797
1 8
6 580
16 1360
11 3416
19 73
17 8876
38 1299
2 288
1 6
47 12678
8 8
4 9
2 2
1 58
1 14
59 55273
40 6795
1 588
7 588
10 36
3 596
2 5
3 354
2 288
296 39050
3 3
5 304
16 1360
23 95
91 12676
69 9911
2 2
2 3
2 2
7 31
15 144
3 15
2 21
2 3
1 2
108 9605
1 588
1 2
3 18
5 17
1 855
4 8
11 13273
31 8727
4 4
2 15
7 31
2 9
2 72
9 588
5 5
1 5
76 2819
39 217041
2 2
3 10
5 31
40 6795
5 6
2 30
26 7461
7 64
1301 58670
28 1894
1 64
457 20704
9 2257
8 598
5 11
17 35
19 19
2 5
2 3
15 608
2 3
4 256
2 2
103 18428
3 89
4 11
4 11
9 1180
1 297
9 327
23 95
48 20727
4 4
5 15
3 3
86 2930
16 1769
8 34
6 2662
4 304
5 5
12 1610
5 12
4 7
3 89
3 5
2 5
15 144
7 31
13 26
3 15
5 7
17 3488
30 1547
1 9
1 297
21 6773
3 7
2 2
3 8
2 288
21 2878
69 9911
3 304
96 1282
19 9789
2 3
3 3
2 5
1 20
3 3
3 296
2 3
11 93
6 13
2 2
1 5
2 3
7 31
1 6
2 5
1 12
90 3531
3 3
3 885
4 327
2 30
12 29
3 3
15 1449
1 9
32 162
3 12
2 2
3 304
60 323
1 301
1 2
29 2237
3 3
22 1039
268 25716
1 588
6 2662
337 834390
3 289
9 2257
10 7952
2 3
37 5113
1 18
629 241084
485 32586
9 8179
42 4507
22 9690
2 2
4 304
32 162
5 31
2 2
69 6201
120 4497
3 304
25 5904
16 16
3 290
79 17436
2 3
5 15
2 3
3 12
10 588
2 3
376 10474
1 64
3 30
51 10999
9 387
209 3529
3 10
1 6
117 7902
6 1537
26 2244
2 288
1 2
32 3220
5 66
2 2
25 5904
2 3
8 34
155 1853
34 2829
3 304
2 2
5 9
9 2762
1 5
3 30
4 55
1 6
2 1709
3 10
3 7
2 304
4 67
7 7952
1 5
15 1449
3 588
2 288
2 12
2 3
2 588
1 2
4 6
2 2
19 73
76 2819
3 10
1 287
11 473
35 3452
4 13
4 33
2 3
4 8
178 146346
64 2819
3 3
2 14
6 2584
6 13
17 39
12 4708
7 32
4 289
11 13273
8 312
6 360
3 14
18 9797
56 3452
4 327
4 7
5 595
2 2
6 22
13 59
5 5
3 8
90 3531
22 135489
16 1769
2 304
22 135489
2 2074
9 327
10 93
3 3
15 4708
364 37169
6 12
2 3
7 7898
5 6
11 473
2 2
26 2244
2 3
79 79
55 8861
2 14
2 3
15 144
1 2
6 31
163 2305
3 4
4 289
12 170
2 2
1 2
3 596
42 4507
3 3
2 2
3 588
4 4
45 3179
17 17
15 6752
3 72
25 150
4 14
5 1537
3 18
4 52
2 2
2 3
8 581
3 596
7 31
8 22
4 11
7 31
6 156
2 4
20 1520
1 3
3 9
28 1894
2 3
6 6
2 588
6 1703
111 260
2 2
136 18507
11 13281
90 3531
2 3
3 7039
4 8
4 6
10 1857
5 19
24 12937
3 18
2 1999
2 288
1 76
2 304
4 312
25 4410
10 329
6 1537
3 89
10 36
19 1769
2 3
6 11
2 3
21 6773
5 11
4 304
2 3
22 1610
4 588
4 12
3 596
1 2
9 9
1 312
3 3
5 10
11 93
12 29
337 834390
719 76400
15 929
1 11
3 588
8 2080
18 700
4 33
50 13618
2 3
9 320
6 29
122 17860
337 834390
17 8876
18 1766
20 1166
1 2
37 2251
5 581
7 10
132 35971
47 14435
10 1857
106 4497
10 93
4 304
5 71
3 304
1 2
3 54
9 327
1 269
35 3452
2 72
8 23
6 156
2 5
22 4787
11 13291
2 3
3 588
2 3
1 588
35 3452
1 2074
113 261
86 9911
7 588
1 5
232 162152
6 312
485 32586
1 64
1 5
1 6
1885 407583
11 13293
11 473
9 12
9 8179
3 5
3 15
286 834390
1 3
23 1520
2 72
11 4789
2 6
1304 58680
1 14
3 9
2 3
6 29
7 13
21 2878
17 95
16 97
1 855
2 3
11 473
5 303
6 597
2 1999
3 3
1 301
3 3
2 3
17 323
7 588
15 6752
13 26
233 156863
6 6773
35 3452
2 3
8 868
3 30
12 29
32 162
6 327
1 2
1 64
50 13618
167 5519
2 2
6 1537
4 55
3 6
19 71
4 33
5 312
4 52
3 3
3 596
3 6
17 339
17 1821
29 3198
1 2
3 3
211 3529
3 58
4 4
2 304
2 3
2 3
1 287
20 1166
4 315
4 18
3 3
3 3
1 8
7 7898
3 16
2 67
25 7456
2 2
4 1999
45 10517
19 4788
6 31
3 354
18 378
124 3325
20 673
69 13618
34 2829
3 5
20 7461
1304 58680
7 31
121 18094
12 1608
3 3
2 40
6 2662
21 2878
11 73
2 588
6 23
25 150
8 8
4 2142
7 70
1 288
25 7456
2 2
31 162
6 80
4 12
2 3
56 6029
2 3
22 334
3 326
4 297
2 3
6 312
28 63
4 289
3 15
4 4
4 4
59 55273
4 297
2 2
2 2
12 5168
10 93
2 3
17 1293
3 13
1 2
157 12234
6 6773
1 5
5 10
9 2362
1 4
3 290
6 32
38 1299
2 2
12 29
4 590
6 360
1 6
10 329
2 21
2 1709
1 5
12 1610
9 2762
2 12
1 2
14 4672
6 32
9 1610
6 1703
1 5
367 54365
3 290
6 154
9 51
6 312
1 39
37 2251
90 3531
83 14434
2 2
19 13262
1 3
6 3994
3 3
3 3
2 9
1 855
2 2
105 1029
3 44
1 297
2 15
15 32978
3 10
3 354
4 13
2 3
6 6773
29 12677
3 304
3 6
10 941
5 8
72 17655
9 1293
4 11
337 834390
1 9
122 9876
5 11
5 297
2 2
11 493
1 30
2 6
8 55
59 6312
1 1293
5 19
5 10
1 297
1 9
2 3
6 32
6 301
19 35
2 6
3 10
3 18
12 145
2 1999
11 13273
2 3
2 3
5 2029
2 588
2 3
4 89
2 2
1 2074
3 22
9 2762
4 19
17 179
15 71
8 55
1 297
2 4
3 5
1 7
2 3
3 7
1 11
1 6
5 11
42 4506
19 4788
10 93
184 628954
10 903
202 17878
6 23
5 15
3 20
2 3
4 9
17 1360
4 11
3 12
3 3
2 2
15 39
3 89
1 6
22 1039
6 360
3 3
4 33
2 8
1 6
14 929
11 2231
1 5
2 2074
19 3452
40 6795
4 52
3 3
2 288
138 4711
2 304
4 596
11 2552
5 304
6 14
7 868
2 3
23 95
5 21
376 10474
1 3
5 114
456 39833
3 7
164 1853
5 304
1 13
6 156
8 23
209 3529
4 7
286 834390
6 31
43 2251
2 2
4 10
4 52
2 22
2 2
2 304
6 588
1 3
34 323
6 32
6 7
1 3
6 301
9 144
216 33033
4 354
2 2
1 301
5 5
56 20727
3 1768
3 3
9 327
3 354
2 3
8 34
1 5
2 2
2 21
25 4787
13 134
3 4
6 22
97 1853
15 183
2 3
2 588
2 24
6 6
2 588
11 13271
77 3675
2 3
3 22
2 3
2 3
1 855
31 162
3 6
1 269
2 150
2 2
17 66
1 588
1 855
3 3
4 297
26 167
3 89
11 10849
34 2829
10 1857
2 2
26 8727
11 144
2 14
112 260
2 10
5 10
8 1528
19 1769
17 6143
1 5
15 1449
320 54360
11 13271
74 747
3 14
1 5
3 89
2 60548
87 12676
2 9
5 7
50 13618
34 2829
73 633
3 10
31 8727
11 473
4 20
23 9797
46 3719
12 2878
3 3
334 36897
92 12676
1304 58680
3 1999
14 3075
11 17
6 15
3 3
2 3
19 673
179 5158
1 5
2 6
5 6
123 9605
6 290
9 8179
14 28
2 3
110 259
11 473
8 1604
10 2552
1 12
1 2
1 27
3 15
6 15
2 3
16 398
2 6
3 588
8 35
3 3
12 29
117 7902
19 4788
2 3
3 4
3 10
37 249
2 288
3 304
10 329
11 13261
8 1602
12 1610
18 4962
5 56
5 31
2 2
31 162
1 289
8 868
23 9797
5 297
14 89
1 7
3 3
2 6
2 288
1 297
2 3
4 288
26 2244
15 90
4 11
25 378
4 89
2 3
2 2
15 3431
4 4
2 588
9 8179
2 44
1 949
1 3
26 2244
2 2
5 7
3 5
3 3
17 3488
29 3198
2 588
14 89
2 3
8 8
2 3
29 121934
11 10849
1304 58680
10 327
3 1768
1 1999
95 56855
8 312
11 473
4 4
1 6
79 19393
15 6752
10 329
12 3500
6 31
56 20727
376 10474
4 11
2 2
2 3
24 4698
16 31
11 13291
10 90
17 35
3 89
1 64
2 29
8 22
2 3
3 9
4 5
5 941
9 327
13 5168
1 5
3 304
40 6795
3 9
26 2244
11 2762
4 304
26 8727
1 3
3 18
3 6
25 5904
22 135489
7 588
15 1449
3 22
5 6
3 296
5 1768
16 1769
4 27
12 603
9 51
43 2251
18 378
2 2
2 588
6 22
2 3
1 21
2 2
11 13283
1 26
2 3
3 304
3 10
11 2552
5 31
2 3
1 287
3 3
4 11
11 10869
5 22
24 12937
13 478
3 304
3 30
2 2
2 3
1 3
1 588
1 297
6 14066
14 929
6 23
1 35
11 13273
2 2
8 2080
367 54365
1 297
3 20
76 2819
8 52
52 2858
2 3
1 6
28 1894
2 588
2 2
6 15
29 18317
4 6
108 3529
4 112
2 588
10 93
3 3
1 4
73 1853
11 473
4 2065
3 289
15 39
5 7
1150 31893
2 2
2 1999
3 14
5 17
3 89
3 3
3 89
110 259
22 1610
376 10474
2 3
2 2
2 588
2 2
1 5
15 39
2 2
2 3
117 15542
19 1610
11 10869
5 10
19 195
12 2878
3 3
24 12937
2 5
2 4
3 3
9 6841
1 35
1 588
3 289
3 7
26 6841
211 6134
5 12
110 13386
14 636
10 93
1 64
7 10
17 39
8 8
8 12
59 6312
1 2
1301 58670
76 2819
24 12937
2 5
2 2
5 9
6 301
10 56
6 12
8 23
29 14218
5 10
5 11
12 4708
26 7461
29 2237
2 5
3 10
3 290
1 14
3 326
2 2
3 3
2 2
211 3529
3 6
1 10
2 2
2 5
1 2
12 29
6 2030
2 2
286 834390
1 64
4 11
3 10
6 1769
1 14
7 588
1 76
7 31
12 8634
5 941
1 5
1 3
1 2
37 2251
3 89
3 4
6 290
22 1039
4 315
3 289
21 2878
1 588
6 23
2 14
3 7
86 9911
1 5
1 9
29 14218
1 7
1 3
17 39
5 24
4 6
3 7
3 296
7 588
11 13283
3 174
13 3488
3 18
118 19967
5 312
5 7
6 14
3 15
2 588
3 35
4 67
4 10
94 13618
1 15
7 31
2 2
474 20146
18 105
209 4546
10 1857
232 162152
5 595
11 2762
2 588
4 12
1 588
4 8
178 146346
2 3
2 7
1 3
2 2
1 22
6 6
6 301
40 6795
4 11
10 93
2 3
23 9797
3 354
3 18
2 3
1 301
6 290
76 2819
2 588
3 7
11 473
50 1760
3 15
3 8
16 639
337 834390
1 2
29 12677
1 949
1 9
5 297
6 3994
7 31
2 2
15 144
3 3
7 31
15 608
209 3529
6 327
3 354
2 2
2 304
2 275
15 1449
2 2
12 29
2 33
4 1528
41 120427
10 329
2 2
2 2
42 4507
42 4507
1 588
79 19393
63 630
1 4
7 32
11 2762
5 54
7 581
2 2
2 12
2 3
5 1742
4 11
15 1449
2 1999
5 2077
2 3
6 10
10 1857
1 949
2 588
3 19
6 31
2 2
11 93
58 4006
37 249
4 288
15 1172
2 588
3 89
6 10
4 21
3 326
6 12
15 1449
26 2755
1 10
121 18094
2 2
6 29
2 2
1 301
1 3
4 289
138 4711
11 473
3 3
40 6795
6 32
8 312
16 39
1 2
178 146346
10 93
7 32
120 4497
114 20580
11 13271
3 4
2 2
1 12
5 581
4 11
1 20
9 31
5 19
2 5
7 7
3 588
6 54
443 51956
22 9690
2 22
2 588
124 3325
4 354
105 6029
2 7
6 7
32 162
2 24
9 8177
1 5
15 71
8 12
1 64
3 8
6 277
1 9
4 33
3 596
3 22
2 3
3 3
1 12
1 855
7 32
3 22
37 12678
9 2526
2 2
6 1703
4 11
2 2
123 9605
4 2065
4 21
2 2
37 2251
79 19393
5 8
10 941
1 3
2 2
49 12580
5 31
11 28
3 3
4 19
7 32
2 288
4 7
1 1656
2 2
7 13
11 3416
17 1839
20 1176
3 89
2 3
1 3
55 8861
3 18
8 1604
59 633
3 30
8 327
286 834390
1 64
4 4
1 297
8 1604
8 1039
4 2074
2 2
2 588
1 5
2 9
12 144
25 378
1 6
22 634
12 29
11 27
9 8177
3 304
10 941
6 32
2 2
2 3
1 885
3 18
2 2
2 3
29 2237
5 581
3 3
19 26
7 327
1 297
3 326
184 628954
1 64
6 28
286 834390
2 7
10 36
2 885
4 8
3 89
5 44
6 1703
320 54360
6 82
8 5613
4 11
3 3
367 54365
1 33
103 18428
20 1769
4 4
1 588
3 289
1 5
11 93
4 304
5 581
6 6
2 30
10 90
2 3
35 3452
4 289
8 52
6 312
51 10999
47 1029
3 18
10 13
124 16399
4 588
5 304
2 15
101 122329
1 588
77 3451
10 588
21 2878
22 2720
5 12
5 22
3 7
106 4497
93 17120
2 3
2 3
4 52
5 41
4 949
3 3
14 3075
92 12676
1 297
5 304
229 51210
15 608
2 3
3 354
2 3
4 949
2 213
1 15
39 217041
2 588
40 12677
1 9
120 16399
2 3
5 1768
2 3
376 10474
5 21
9 23
7 32
268 11185
1 588
18 378
5 297
10 588
1 15
103 18428
40 2254
31 8727
1 64
3 10
5 8
3 6
105 6029
1 588
5 304
1 2
9 144
4 354
1 5
7 868
3 65
1 588
2 58
2 9
6 588
2 2
293 47853
3 18
5 5
74 3531
6 14
29 14218
2 2
10 36
15 3431
3 3
3 2074
9 9
7 46
7 54
2 588
7 31
5 10
1 588
2 2
2 5
21 1839
123 9605
2 61
9 6841
9 144
3 304
2 588
3 12
2 2
4 14
4 10
286 834390
117 7902
3 12
16 183
148 36841
15 4708
11 13281
1 294
60 3482
3 18
3 290
5 2080
17 6143
22 2720
2 288
2 2
3 3
17 35
7 12
3 22
97 7185
1 2
5 10
5 581
42 6868
2 34
3 3
2 3
3 1093
4 11
14 929
3 8
6 883
2 9
10 36
6 1769
5 11
2 2
7 581
2 2
23 12937
18 378
1 5
2 4
1 22
8 91
3 8
5 15
1 269
4 2074
1 5
60 323
31 8727
6 301
2 288
1 2
31 8727
4 2074
2 3
1 287
2 286
7 32
32 13323
2 2
17 66
2 8
1 296
108 3529
5 15
2 2
2 5
2 2
4 5
2 3
2 4
7 2576
29 121934
4 6
3 6
10 36
3 15
1 588
10 835
1 3
24 12937
2 3
64 2819
1 2
180 29421
2 2
12 17
1 2
3 9
59 3484
23 95
7 11
3 304
3 16
5 56
6 4708
15 6752
4 52
2 288
7 32
2 5
1301 58670
1 297
1655 21219
2 3
3 937
118 19967
4 4
122 9876
20 334
1 2
3 20
35 3452
62 2552
6 2662
19 4788
8 2080
4 7
4 11
55 8861
11 13293
6 300
3 3
22 1039
7 32
5 10
6 24
8 10376
8 327
40 6795
1 588
3 3
1 588
2 288
2 288
3 588
8 1039
56 20727
6 4708
265 11913
4 1769
2 288
7 588
1 2
3 5
3 10
3895 334107
79 79
9 51
1304 58680
171 29421
2 2
1 588
3 3
3 3
3 18
323 54365
9 2362
18 4789
56 20727
43 2251
3 304
6 297
4 6
1 5
3 15
6 23
6 941
13 26
1 297
2 3
2 21
4 55
3 7
5 11
29 14218
1 855
2 15
11 10869
2 287
3 3
2 21
5 10
179 5158
286 834390
9 327
3 3
3 1170
89 1106
1 6
3 3
2 4
1 5
6 31
2 136
1 6
11 10849
94 13618
1 297
11 2762
2 3
10 93
1 7
6 3994
11 93
148 36841
8 2080
4 297
2 588
3 9
5 10
3 3
1 14
3 3
6 6773
4 294
2 9
6 29
3 22
3895 334107
10 36
2 3
7 597
23 95
3 290
3 10
1 68
2 15
1 588
2 34
6 10
35 3452
3 178
2 3
2 2
148 36841
74 2819
33 40
20 9690
86 9911
77 3675
11 13271
9 8179
8 34
17 1839
3 304
2 2
9 31
2 2
5 5
2 112
2 14
2 29
11 13271
4 6
1 12
83 14434
67 647
3 15
2 3
3 3
6 29
1 2
6 868
12 1610
4 11
2 2
13 26
1 76
11 3416
1 5
3 66
2 2
3 3
77 3451
3 20
1 949
6 941
14 29
3 12
3 5
4 312
6 360
11 473
7 868
58 4006
3895 334107
15 1449
22 413
138 4711
14 89
1 3
5 31
98 3054
7 32
2 6
9 51
9 134
11 1172
4 6
22 1610
2 2
22 249
29 14218
7 32
2 2
17 1839
418 20874
10 329
3 3
30 1547
262 37169
10 4017
2 2
56 20727
10 93
5 1537
202 17878
60 691
19 4788
40 2254
6 13
69 6201
1 1999
56 6029
5 56
1 2
77 3675
1 5
18 18
65 9343
3 3
268 25716
19 9789
7 3500
2 2
4 67
9 2257
2 2
5 588
5 5
11 3669
18 9797
17 1460
3 289
320 54360
6 23
22 1610
22 413
31 162
11 93
5 6
31 162
3 89
2 588
3 89
10 118
63 630
4 32
2 3
2 24
296 39050
13 3416
3 3
337 11062
2 2
2 3
15 5456
4 5
13 3416
2 112
16 1360
6 13
8 581
121 18094
1 2
3 10
64 2552
2 5
12 58
3 8
6 6
1 5
3 288
209 3529
4 28
16 1360
2 3
2 3
2 2
21 3074
6 312
12 29
9 3441
3 8
18 1839
3 6
9 1537
1301 58670
2 2
2 2
504 20874
2 3
3 72
6 32
4 65
19 73
3 35
1 13
2 3
23 9797
2 5
6 15
22 2720
2 8
7 12
2 3
5 10
4 588
35 205582
26 2244
1 2
8 73
5 9
4 14
6 6773
8 868
3 14
3 8
42 6868
10 1610
6 1537
2 3
21 1975
22 1610
6 327
25 4787
1 18
9 327
103 18428
1 35
216 33033
3 18
6 3994
43 82
17 1839
40 2254
1 5
9 31
3 20
1795 405601
2 24
75 82958
15 1449
123 9605
2 3
43 2251
2 18
2 588
15 639
1 76
7 12
3 7
9 59
3 10
21 2878
79 19393
3 18
5 12
2 1999
1 4
123 16391
6 2662
10 59
2 5
7 588
5 10
2 9
2 3
6 12
104 5340
22 9690
28 1221
2 2
1 64
47 14435
9 45
37 12678
4 14
20 73
29 2237
3 304
2 588
19 1769
1 286
1 9
3 33
2 3
464 44569
11 4782
92 12676
2 2
2 5
1 297
132 35971
4 33
29 3198
3 18
6 13
22 1610
9 1293
2 15
11 1537
2 5
481 29134
1 588
5 114
6 312
10 1857
2 2
5 10
3 3
25 921
3 287
1 2074
22 4787
2 5
3 7
13 3416
8 8
67 647
1655 21219
53 2858
1 5
4 4
3 4
6 6773
3 221
23 95
1 312
2 79
47 12678
1 5
2 2
4 294
384 39833
16 183
2 6
252 162152
4 301
359 11062
18 105
4 315
1 297
268 11185
7 327
4 6
11 327
14 89
16 1360
21 2878
2 885
37 12678
2 21
10 941
3 3
2 3
15 144
3 4
2 288
180 29421
1 5
4 588
6 1537
3 7
179 5158
7 32
9 327
1 3
40 6795
9 327
1 3
2 6
9 93562
5 595
5 10
1 7
1 288
7 12
3 3
9 30
12 1610
6 22
5 5
12 3500
7 32
5 1768
5 380
2 3
7 588
6 80
1 5
25 7456
3 290
3 3
9 31
1 6
13 3488
2 9
5 15
8 941
3 12
2 5
15 144
3 3
3 3
14 89
2 34
17 35
22 4787
7 31
3 22
1 3
2 6
10 36
69 13618
1441 329201
108 3529
6 1703
4 297
86 9911
2 21
9 327
2 2
4 312
7 597
11 1537
13 3416
2 5
3 8
5 300
1 588
5 99
9 23
4 597
1 24
2 2
4 1528
5 6
3 3
1 2
2 3
4 52
1 14
2 3
1 59
15 608
9 144
7 31
2 3
2 3
73 633
3 8
3 289
1 5
92 12676
3 18
359 11062
6 31
2 288
2 3
1 297
64 2819
3 3
4 1769
2 14
5 5
65 10998
10 1857
228 17878
5 24
2 5
5 588
64 2819
8 23
2 286
3 15
2 3
9 327
6 56
9 1610
2 3
2 2
2 3
4 289
3 11
2 5
2 12
1 6
18 126964
3 588
11 2762
2 3
1 14
79 17436
64 2552
94 2819
7 588
64 2552
3 1805
8 885
2 288
4 303
9 2829
29 12677
2 3
2 3
18 4458
4 294
1 5
3 296
320 54360
26 2244
2 304
3 18
1 6
7 31
1 10
4 4
50 13618
209 3529
23 95
2 6
13 3416
2 2872
22 4787
2 288
2 304
16 34
202 17878
174 4103
29 3198
1 588
1 288
209 3529
4 301
5 2074
85 2819
3 54
5 309
11 2762
1 6
8 312
3 18
286 834390
9 9
5 12
2 304
1 588
337 834390
6 6
5 3994
3 3
11 1172
5 3994
62 1760
6 12
5 7
4 2081
1 91
11 493
45 10517
3 18
7 10
14 636
3 588
12 144
3 288
69 6201
1 5
14 3075
12 4830
15 3431
5 10
2 2
35 3452
268 25716
2 288
2 3
6 301
2 2
3 89
1 6
3 72
3 3
3895 334107
103 18428
3 290
1 3
1 5
100 1282
1 6
4 303
3 3
6 24
46 3719
16 1360
4 9
2 288
15 14797
5 12
7 588
12 327
2 5
2 5
29 14218
2 15
11 13273
1 3
1 269
262 37169
2 2
3 72
124 9857
3 10
29 335
8 581
373 707426
10 36
117 7902
4 11924
3 289
3 304
1 949
3 15
59 6312
148 36841
4 14
1 2
2 3
1 301
6 2584
6 32
34 14813
14 929
4 7
6 300
17 1839
5 581
1 2
101 3000
9 32
5 304
3 16
1 7
17 6143
1 12
3 12
1 58
20 73
10 588
1 3
3 15
3 67
11 1537
2 3
8 327
1 303
1 76
6 312
6 10
29 2237
3 354
80 12676
3 287
10 93
428 21733
1 35
3 5
1 312
4 2065
10 19
10 90
3 297
3 3
1 5
10 36
47 12678
201 4711
3 3
12 29
211 6134
6 327
485 32586
27 730
2 2
135 1515
16 1360
2 2
26 2244
2 1999
3 885
25 7456
3 287
64 2552
1 297
1 949
8 581
2 3
122 17860
3895 334107
25 8879
7 595
2 2
63 630
1 3
59 6312
2 3
2 6
4 297
56 20727
77 3451
1 5
1 269
11 10849
11 10849
2 288
14 3075
18 1764
29 121934
8 52
2 15
2 2
7 320
7 11
12 327
11 4672
4 327
456 39833
7 31
6 11
108 3529
11 473
59 6312
4 1528
12 17
4 6
1 2
3 15
3 10
19 73
1 287
2 2
2 3
2 285
2 3
5 16
6 156
13 3488
17 6143
1 8
2 5
6 290
8 1039
23 9797
1 2
1 297
192 33902
22 1039
2 2
232 162152
1 12
3 89
3 8
5 581
29 14218
77 3451
7 941
3 1805
23 95
3 22
2 303
4 4
15 90
22 1306
3 3
3 9
16 1360
1 2
1 2
1 6
7 588
2 3
109 20580
3 289
193 24939
2 1767
3 304
108 29625
10 1293
10 53
6 327
1 39
7 588
75 82958
178 146346
11 1537
23 95
4 17
421 44569
1 64
2 3
6 1769
2 3
9 318
7 588
100 3325
1 297
2 287
1 2
3 304
5 10
1 10
2 2
2 2
1 588
1 2
5 10
5 304
4 289
83 14434
2 1999
2 3
1 72
1 2
1 5
7 32
6 23
17 6143
10 93
11 473
4 17
6 12
1 2
22 1039
9 46
3 3
11 2230
6 2662
1 5
2 288
2 2
2 3
1 15
2 3
4 24
178 146346
24 12937
2 5
3 14
5 15
1 5
4 40
19 9789
3 20
6 580
63 14812
3 5
19 673
51 10999
2 2
1 6
17 34
22 2720
4 11
1 949
3 288
105 6029
11 473
5 301
1 286
11 1537
2 3
40 2254
2 3
384 39833
18 105
1 286
5 304
5 15
1 5
2 3
2 3
1 2
6 1537
34 2829
64 2552
10 93
2 6
72 17655
2 6
4 297
337 11062
6 301
2 288
15 1449
2 4
2 3
4 588
6 82
3 3
1 2
3 3
30 204
2 588
45 10517
3 3
2 7
30 204
7 32
35 205582
5 11
1 3
68 9902
6 10
58 4006
19 4788
2 3
1 6
4 6
5 10
2 2
9 3146
1 3
8 8
5 10
4 3517
13 26
11 10869
1 12
2 2
5 31
3 9
16 31
3 3
5 12
2 3
136 28806
22 1039
11 4880
2 2
4 6
3 23
6 82
11 493
6 23
83 14434
7 31
2 3
2 2
3 3
304 836128
1 297
11 473
5 2077
18 378
2 5
1 6
320 362059
29 3196
9 93562
5 15
9 31
2 3
5 15
2 3
1 59
3 3
6 80
45 10517
43 2251
9 93562
10 93
22 1610
3 89
2 2
3 36
12 29
1 8
120 4497
2 2
232 162152
21 133968
2 2
10 93
11 473
3 12
43 2251
37 12677
2 5
2 6
2 3
2 3
8 23
19 73
3 12
100 1282
31 162
3 40
3 7
5 15
30 14218
4 1999
1 588
2 5
606 65222
19 9789
1 72
5 297
1 22
4 11
6 941
2 3
9 327
15 1449
3 588
367 54365
1 3
23 95
2 2
16 1769
2 3
1 5
1 8
4 6
1 2
2 3
7 949
2 3
2 3
2 5
1 588
10 329
86 19393
64 2552
6 581
2 12
3 4
18 4962
2 6
268 11185
2 2
2 3
6 1537
4 8
45 10517
15 1449
1 296
10 93
3 15
1 6
6 52
3 3
7 31
3 22
286 834390
2 3
59 323
14 929
58 4006
74 2819
76 2819
421 44569
2 2
2 2
3 14
2 3
2 2
5 10
108 9605
1 588
2 17
4 597
5 304
1 2
1 2
2 1999
2 2
3 2074
3 3
10 93
16 31
21 2878
5 22
2 33
1 59
1 15
12 327
5 188
1 5
3 6
2 2
7 31
56 20727
9 1293
5 44
6 327
1 9
6 290
29 21513
6 32
2 2
3 3
163 17245
163 2305
4 949
8 2686
3 354
149 11913
1 5
19 73
3 3
9 13
83 82958
4 11
583 48175
1 35
1 588
4 10
12 29
29 121934
56 20727
1 15
9 45
1 22
1 297
2 72
15 1449
4 11
485 32586
1 27
40 6795
2 275
30 1547
3 3
39 202244
7 320
31 8727
7 17
5 12
26 2244
4 289
2 3
5 581
157 59187
22 34
120 4497
4 304
1 15
1 5
17 1839
11 2720
211 3529
1 6
6 290
4 6
9 327
3 288
2 288
8 52
4 6
12 29
2 3
9 13
3 20
2 2
3 16
2 2
293 47853
3 5
1 71
2 2
3 7
22 1610
2 3
2 3
163 2305
1 949
19 1769
86 9911
5 323
69 13618
22 135489
29 12677
2 288
543 43060
4 304
136 5863
2 40
4 6
47 2251
3 3
1 588
85 16332
15 608
5 6
3 3
1 269
20 1769
3 3
2 5
2 5
4 5
7 45
60 691
28 7461
12 1537
2 2
262 37169
15 144
2 2
3 66
2 3
43 82
6 312
5 15
25 167
11 10849
23 95
3 15
2 588
2 3
10 36
9 79
16 1360
1 64
3 18
7 595
5 309
2 3
3 10
9 31
10 3730
14 3075
1 588
52 2858
29 2244
4 14
29 2237
2 3
4 4
31 162
7 3500
4 11
3 8
1 15
22 126964
2 2
7 10
2 3
7 31
1 288
5 11
2 22
21 6143
5 949
11 28
2 21
2 15
4 289
29 2237
3 288
2 2
6 588
4 4
17 1839
2 2
11 13261
2 9
293 47853
6 6773
7 32
1 2
2 2
6 1537
9 2762
5 15
28 126964
2 2
6 28
1 14
2 3
3 6
2 4
2 24
1 5
5 71
2 288
3 89
209 4546
1 949
29 14218
1 3
3 22
83 14434
3 10
17 39
5 2074
11 4782
4 327
123 9605
16 34
5 10
6 360
11 473
4 4
8 34
10 4304
5 297
367 54365
56 3452
4 17
37 2251
2 2
6 2584
3 3
2 3
105 6029
40 6795
2 288
3 22
3 15
6 13
6 54
3 67
5 15
23 95
7 588
3 15
4 7
6 6
2 2
6 32
11 473
100 1282
8 581
52 2858
8 34
122 17860
22 1039
18 3452
14 89
7 10
3 304
4 304
6 29
12 58
2 6
2 3
202 4711
3 3
29 14218
3 3
10 13
2 26
1 12
1 14
42 6868
1 5
3 8
1 2
1 39
7 31
22 1039
16 97
6 1769
163 2305
37 2251
6 82
2 34
3 8
19 4788
286 834390
2 304
2 2
2 3
5 10
