6 22
4 288
3 14
9 31
140 3451
12 32
3 304
16 82
12 312
4 2065
5 11
1776 836128
12 31
3 3
3 3
19 91
5 8
15 36
14 327
29 3075
349 3675
2 3
4 4
19 2526
13 588
1 48
11 23
2 64
178 5340
7 297
4 6
3 3
508 25716
13 28
1 2
3 3
1 5
63 6795
6 22
17 1449
12 32
2 3
30 1360
89 12937
6 14
3 3
9 2074
17 39
24 33311
108 14813
2 2
14 29
11 835
5 11
51 2237
41 9797
9 31
326 3529
5 304
9 300
3 15
5 15
2 2
28 249
1 3
3 6
63 6795
4 89
27 10869
3673 106497
3 3
3 6
3 6
3 3
6 588
2 2
4 52
2 2
48 398
3 3
3 3
4 7
8 360
6 7
55 4962
16 82
53 3488
141 1567
17 1449
5 15
8 8
16 23
4 52
4 52
8 10
24 941
24 4708
8 11
3 3
11 12
5 5
1 68
2 4
9 380
6 19
3 3
302 2819
3 3
4 55
22 93
650 4711
497 5158
4 588
200 17860
2 2
51 2237
5 289
1 15
1 269
11 32
4 11
4 288
3 3
4 877
3 3
8 15
14 29
1063 11062
5 289
22 1166
2 2
3 3
3 304
2 213
10 588
37 9789
4 297
2 9
282 9911
8 12
9 2078
8 8
86 3452
30 2878
5 15
1 2
1 5
7 10
3 89
9 31
4 6
8 315
10 588
947 11913
2 4
8 8
5 8
7 12
9 31
2 2
4 588
15 36
11 329
4 11
2 2
6 41
2 2
201 14434
5 2077
2 5
52 8727
3 3
16 312
2 2
2 9
582 146346
17 1449
78 3220
4 26
86 3452
5 1742
6 2074
6 20
5 289
1 7
142 14435
5 10
74 3416
141 378
87 6773
14 1857
14 26
8 15
1 6
6 596
7 105
4 7
31 6143
28 1558
297 1029
1 3
3 18
11 12
81 8861
12 885
6 304
9 12
141 378
40 133968
24 478
5 15
20 334
64 2829
5 11
3 15
2 2
32 34
7 597
6 28
17 82
3 5
4 297
3 35
65 205582
2 2
654 17878
6 6
697 39050
6 21
1 5
6 14
3 3
63 6795
6 22
301 2819
215 18428
2 588
3 16
3 3
12 885
6 6
79 8879
220 56859
1 949
194 17120
6 596
508 36841
22 93
6 188
2 61
4 20
84 12580
298 2819
2 7
985 8430
5 300
3 6
2 2
49 730
201 12676
14 327
17 59
12 56
7 941
3 3
57 3087
4 89
8 13
15 312
3 3
12 2584
4 4
10 277
8 54
1 286
1 3
40 183
2 3
1 4
17 1449
56 2244
86 3452
8 581
22 144
3 9
9 300
2 2
6 1768
1265 80942
2 3
14 312
2 8
15 320
3 8
2 2
2 2
232 6029
19 35
3 8
2 3
2 10
3 8
48 6841
21 9789
24 1293
3 7
303 29625
13 34
201 14434
2 2
8 588
3 27
2 2
8 8
11 329
6 2000
654 17878
1 287
30 2243
3 3
15 93
6 596
30 2243
2 2
4 304
3 3
2 9
1545 42975
2 2
244 2014
9 312
5 289
697 39050
299 2819
2 2
43 162
164 691
69 7461
3 18
1 6
15 29
693 3529
14 29
12 290
2 2
18 3056
99 6795
3 15
1 588
57 167
5 300
3 8
3 3
3 3
27 13283
2 3
11 13
398 4528
4 4
3 3
11 32
2 2
4 9
9 8179
1 6
3 3
3 3
31 2878
4 288
3 3
27 10869
35 228
1 2
25 2762
6 58
595 162152
6 40
191 19393
3 1999
201 14434
6 588
1 855
323 1760
167 3179
5 11
2813 62958
120 3531
2 2
4 22
2 3
2 1996
3 3
130 10998
13 34
3 6
11 12
14 1857
49 82
6 588
27 473
3 15
4 52
62 1547
2 3
3 33
61 2251
13 2686
22 1166
2 588
5 12
1 5
61 2251
4 7
164 691
5 8
2 2
2 5
141 378
14 1857
2 136
12 27
3 3
5 5
4 304
1 8
24 1769
4 288
18 1537
3 178
8 2074
145 12580
3 3
3 14
3 3
31 5613
8 14
5 6
1067 6134
3 3
1 6
2 2
6 68
2 5
27 13273
49 4672
11 12
789 54365
81 8861
2 2
5 15
28 1839
170 6029
397 28806
4 6
4 6
23 2552
8 8
11 32
4 89
2 5
6 41
1 3
3 290
27 3074
2 275
119 12677
6 58
12 31
9 10
6 3994
10741 334107
6 7
32 97
27 13293
4 10
15 36
9 29
160 261
2 2
3 3
2 3
1 303
13 1769
33 634
1 5
40 3416
15 941
3 6
167 122758
5 10
2 2
2 2
2 859
282 9911
4 29
2 5
2 2
65 205582
2 5
2 2
27 10849
3 3
4 588
6 7
7 301
32 929
61 2251
2 287
3 6
11 31
17 1449
11 31
33 6433
9 312
342 19967
3 3
5 289
44 6773
33 35
2 20
4 588
194 17120
11 329
1 288
11 32
6 6
439 1853
4 72
6 17
3 3
2 2
272 1282
1 6
2 6
5 1999
18 18
2 2
2 2
5475 58680
10 80
22 4672
1 4
43 2878
14 29
82 6312
2 3
15 89
5 11
2 2
5 39
3 6
214 20580
118 3452
12 31
6 35
3 3
44 3669
6 588
8 581
15 327
5 6
4 1999
14 36
15 90
2 588
2 2
2 2
4 20
3 3
15 134
27 473
7 91
175 17655
6 68
1 2
124 6773
14 29
9 12
9 31
28 1839
119 12677
5471 58670
29 6143
4 4
49 82
99 4507
4 20
7 35
16 51
21 4651
8 14
2 24
1 2
4 288
2 2
35 95
3 3
12 885
2 2
1 5
3 3
1907 834390
65 1299
206 15474
35 95
4 4
5 15
3 6
5 6
1 883
2 52
2 3
3 5
2 2
5 5
3 8
2 303
2 2
3 6
145 12580
4 6
1940 76400
22 1769
1 6
6 12
198 19393
4 10
7 11
5 8
2 2
4 2065
27 10849
2 2
29 1360
8 588
19 91
6 34
522 146346
16 51
5 15
5 289
4 4
10 300
59 4698
3 3
1 5
14 29
6 304
80 7461
13 13
13 588
4 11
1 5
78 3220
64 2829
6 21
326 3529
139 630
43 162
1 5
22 144
5 5
2 2
2 2
3 3
232 6029
1 2
2 5
21 4708
28 1839
2 2
40 133968
18 3056
2 2
2 2
5 5
12 588
77 3198
9 2074
1 949
7 12
663 24303
5 5
4 89
7 12
95 12937
301 2819
5 10
14 327
5 15
17 1537
2 26
3 18
1 2
14 327
3 54
4 6
6 12
14 327
2 2
14 327
5 304
11 1703
1 6
2 5
1 58
27 493
1716 32586
8 2074
200 17860
674 24319
17 93
29 1610
118 2552
14 1857
6 14
17 93
11 2074
167 3179
4 29
27 13273
4 72
31 1360
1 3
6 304
4 15
1 68
3 3
1 855
2 3
2 6
489 4711
35 150
3 16
151 259
595 162152
7 595
22 4672
17 1449
156 260
64 2254
69 7461
1907 834390
43 2878
697 11913
3 3
86 3452
1 58
2 2
9 10
1 3
3 4
729 36897
6 24
69 9690
7 25
118 2552
27 13261
62 4787
4 297
12 31
550 9876
5 5
293 2819
3 9
8 24
2 2
232 6029
14 327
14 29
3 3
164 691
100 202244
14 588
3 297
323 1760
2 3
5 304
15 327
64 2829
11 80
3 3
6 11
3 6
2 5
3 3
10 29
2 2
3 6
8 581
6 7
2 6
9 868
3 18
7 30
5 221
53 167
15 327
141 20727
3 3
32 2246
2 2
18 1769
3 304
8 8
4 588
4 6
5471 58670
11 2074
3 288
3 15
3 5
6 588
5 5
12 32
1 34
2 2
15 885
4 288
3 3
1754 834390
14 36
15 312
1 3
29 34
10 588
9 12
8 8
61 2251
13 34
18 58
398 4528
16 156
5 15
3 891
119 12677
10 118
52 8727
1 2
51 2237
1 59
4 14
1776 836128
5 5
3 9
2 2
12 56
655 80631
7 12
248 82958
34 34
13 463
6 949
1754 834390
12 31
22 93
10 32
2 2
9 31
2 2
3 3
5 7
3 1999
5 8
61 3719
6 6
35 95
5 5
12 32
2 2
2 2
1754 834390
99 4507
663 24303
17 1449
118 2552
2 288
27 473
1 4
57 167
89 12937
2 2
2 2
14 96
4 1999
2 3
11 31
2 2
1754 834390
3 3
27 13281
74 1769
3 4
13 588
17 1449
5 10
5 11924
43 2878
201 14434
41 9797
2 5
1 5
4 10
58 1894
3 3
15 93
1 6
64 2829
185 13394
64 2552
5 304
2 14
6 941
3 3
6 588
2 2
27 493
5 289
3 8
6 22
27 473
261 16391
12 885
1 588
7 7
9 2074
4 297
293 2819
3 3
18 3056
119 12677
6 58
1 2
5 67
1 3
136 12678
275 9605
5 304
6 304
15 93
5 9
1 286
3 288
44 6773
8 581
4 4
14 603
27 10869
19 39
69 9690
15 327
12 56
6 22
79 5092
14 1857
2 2
27 13291
3 3
2 2
2 5
1 64
3 3
3774 101801
5 1999
48 6841
6 304
53 3488
3 3
1 6
3 3
1063 11062
13 34
11 327
2 2
282 9911
3 3
1 2
3 17
3 36
3 3
53 167
18 144
46 1039
12 290
46 1306
1 2
9 31
4 304
1 12
7 301
20 2829
18 1768
1 5
2 3
15 327
4 297
3 3
136 12677
12 588
9 868
9 31
187 6201
22 93
24 2080
5 12
789 54365
317 19415
5 7
2 2
6 7
1753 20874
3 18
175 17655
2 286
6 68
41 9797
2 8
2 150
8 580
244 2014
29 1360
40 3416
30 73
61 8876
1 4
4 288
1 6
142 12678
27 13283
1 71
5 9
16 312
2 2
5 58
2 14
3 3
3 6
82 55273
99 6795
5 7
1 588
3 6
12 588
3 3
6 596
2 5
4 354
2 288
4 10
1 76
3 3
697 39050
27 13273
3 3
6 304
2 2
5 289
29 1360
201 12676
3 3
275 9911
2 2
27 13271
2 2
22 144
5 8
10 32
3 15
2 21
2 3
2 2
257 9605
2 588
1 2
6 17
1 855
52 8727
4 4
3 15
9 31
2 9
3 72
13 588
5 5
93 2858
1 5
299 2819
3 18
100 217041
5 10
99 6795
35 95
13 34
3 30
54 7461
8 64
5471 58670
58 1894
1 64
1556 20704
9 2257
10 598
7 11
19 19
2 5
18 608
12 256
215 18428
27 13291
3 89
4 11
5 11
12 1180
4 297
164 20727
4 4
6 15
3 3
458 2930
3 3
16 1769
2 2
10 2662
4 304
3 3
17 1449
5 5
33 1610
9 12
4 89
1 6
2 5
1 5
27 13281
152 260
22 144
24 673
5 5
14 26
3 15
6 7
55 3488
62 1547
1 9
4 297
87 6773
4 10
3 16
5 7
9 31
5 8
3 288
43 2878
24 33
1 91
2 2
275 9911
3 304
272 1282
34 9789
3 3
3 5
3 12
2 2
2 20
4 296
2 3
27 473
64 2254
2 2
5 7
22 93
2 2
2 5
1 12
27 13261
3 6
2 5
120 3531
3 885
13 327
3 289
3 30
14 29
3 3
8 581
3 3
14 36
1 9
43 162
3 5
5 12
9 31
5 8
4 304
130 323
3 301
1 2
4 10
27 10869
3 3
46 1039
1 588
10 2662
10 32
5 10
9 2257
10 7952
116 5113
8 18
11 32
1569 241084
1716 32586
9 8179
69 9690
4 304
43 162
2 24
187 6201
577 4497
6 304
48 5904
27 473
15 327
3 290
243 17436
2 3
5 15
2 3
5 12
13 588
2 2
1136 10474
1 64
7 30
121 10999
9 387
693 3529
3 3
4 289
1 6
264 7902
18 1537
1 2
88 3220
5 8
5 66
2 2
48 5904
2 2
439 1853
64 2829
4 304
5 9
24 2762
2 5
1 5
7 30
3 3
3 9
4 55
3 6
2 1709
5 7
5 304
3 3
5 67
7 7952
4 588
3 288
5 8
6 588
1 2
4 6
9 31
30 73
299 2819
1940 76400
5 10
3 17
3 3
1754 834390
15 3441
86 3452
4 13
4 33
3 3
4 8
522 146346
293 2819
15 93
3 3
2 14
12 2584
2 2
23 4708
8 360
6 14
1 2
30 9797
118 3452
11 327
7 595
2 2
6 71
15 93
10 22
644 21733
17 59
27 10849
5 5
5 8
120 3531
81 135489
3 287
3 5
3 3
3 3
16 1769
6 304
3 3
81 135489
5 2074
1108 48175
17 93
3 3
2 2
1 3
24 4708
3 3
1117 37169
5 10
11 12
6 21
508 11185
7 7898
2 2
1 5
79 79
81 8861
4 14
2 3
10 31
2 2
22 144
3 4
23 170
1 2
6 596
3 3
2 2
33 35
4 588
167 3179
17 17
81 6752
4 72
35 150
6 14
9 1537
4 52
2 2
3 3
6 596
14 22
4 11
3 3
9 29
16 156
3 4
27 13271
28 1520
1 3
4 20
58 1894
6 6
6 588
8 581
2 2
11 1703
280 18507
120 3531
4 7039
4 6
14 1857
6 19
3 18
89 12937
28 700
4 1999
4 288
6 304
28 473
12 312
142 4410
11 329
12 31
12 1537
2 3
4 89
3 3
8 13
2 2
5 8
5 17
22 1769
15 327
61 2251
87 6773
6 11
8 8
6 304
29 1610
11 32
8 588
7 12
6 596
2 2
2 2
9 9
9 312
3 3
4 4
36 921
7 10
22 93
14 29
29 929
1 11
4 588
2 3
24 2080
7 33
171 13618
56 2244
12 32
15 320
1 12
1 5
61 8876
23 1766
8 581
9 10
364 35971
142 14435
14 1857
579 4497
157 261
4 304
3 304
1 2
3 54
1 269
86 3452
3 72
2 2
10 23
3 12
16 156
2 2
2 5
58 4787
3 3
3 3
4 588
1 588
17 1449
9 29
86 3452
2 2
4 2074
3 18
282 9911
13 588
12 312
1716 32586
1 64
1 6
5060 407583
2 2
11 12
9 8179
27 13283
5 5
6 24
1 3
28 1520
3 72
9 868
8 13
49 4789
5 6
5475 58680
3 14
3 3
2 3
4 10
3 3
9 13
43 2878
32 97
1 855
10 32
6 597
3 1999
3 3
3 301
3 12
3 3
40 323
12 588
63 6752
14 26
650 156863
44 6773
86 3452
2 2
8 868
14 29
43 162
3 6
14 327
2 2
3 3
1 64
508 11185
171 13618
563 5519
9 31
18 1537
4 55
12 31
3 6
33 71
7 33
11 312
4 52
11 32
6 596
2 2
4 6
3 3
27 339
37 1821
8 8
3 9
77 3198
2 2
694 3529
2 2
6 58
6 304
2 3
4 20
1 6
8 315
4 18
3 3
3 3
2 8
7 7898
2 67
51 7456
12 32
5 1999
64 2254
91 10517
64 4788
4 354
141 378
344 3325
5 10
27 13271
189 13618
64 2829
80 7461
5475 58680
227 18094
3 3
32 1608
27 473
6 40
10 2662
43 2878
15 73
3 3
2 588
16 23
35 150
1 71
7 70
7 2142
3 3
2 288
51 7456
15 36
43 162
35 13718
11 80
7 12
170 6029
22 1176
2 3
22 334
4 326
5 297
5 10
3 3
3 3
2 3
15 312
42 63
23 4880
1 10
3 15
4 4
5 10
82 55273
5 297
2 2
2 2
2 3
25 5168
38 1293
5 13
1 2
447 12234
1 25
44 6773
1 5
16 2362
5 290
2 2
14 29
5 590
8 360
1 6
1 5
11 329
2 21
2 1709
3 3
33 1610
24 2762
22 4672
29 1610
11 1703
56 2244
1 5
789 54365
3 290
3 3
3 174
15 154
16 51
15 312
1 39
3 3
17 39
120 3531
201 14434
67 13262
61 2251
27 13271
3 3
11 31
6 3994
3 3
2 9
1 855
297 1029
9 44
4 297
3 3
5 15
24 32978
5 10
4 354
10 13
44 6773
119 12677
3 304
5 6
15 941
175 17655
6 19
24 1293
5 11
1 9
511 9876
5 11
7 297
2 2
5 30
3 6
9 55
1 12
82 6312
3 18
18 1293
6 19
3 3
3 3
4 297
1 9
2 2
3 3
11 31
27 13281
5 10
7 301
1 5
20 145
3 1999
1754 834390
6 2029
2 588
27 13273
3 3
10 89
2 2
15 36
4 2074
6 22
6 28
2 2
24 2762
17 179
21 71
2 2
9 55
4 297
2 4
2 7
3 3
35 95
5 7
3 6
7 11
99 4506
64 4788
2 2
559 628954
14 903
16 23
5 15
56 2244
2 3
5 9
15 327
30 1360
27 473
4 11
9 12
10 32
27 13263
1907 834390
4 89
3 3
46 1039
9 360
2 2
3 3
1907 834390
7 33
3 8
3 3
3 6
28 929
26 2231
1 5
2 2
5 2074
64 3452
63 6795
4 52
3 3
3 288
489 4711
5 304
6 596
22 2552
6 304
6 14
1 6
14 3146
1136 10474
3 3
4 4
3 3
2 3
5 114
1145 39833
4 7
442 1853
6 304
1 13
16 156
10 23
3 3
693 3529
6 10
4 52
6 22
2 2
5 304
10 588
1 3
66 323
2 3
7 301
18 144
526 33033
11 354
3 301
3 3
2 2
148 20727
1 5
6 1768
3 3
5 354
508 25716
2 2
2 3
5 10
2 21
93 2858
3 3
10 32
66 4787
21 134
3 4
14 22
312 1853
33 183
3 3
6 588
3 3
6 6
2 588
349 3675
6 22
3 3
11 31
2 3
1 855
8 13
43 162
4 6
1 269
1 2
28 66
1 588
1 855
4 20
7 297
57 167
4 89
61 2251
64 2829
14 1857
15 93
45 8727
2 2
19 144
3 14
2 10
10 1528
22 1769
29 6143
1 5
3 3
748 54360
3 3
176 747
8 14
3 18
4 89
4 60548
201 12676
2 9
6 7
171 13618
3 3
2 2
64 2829
177 633
9 31
3 3
52 8727
6 20
2 2
41 9797
61 3719
30 2878
729 36897
2 3
208 12676
2 2
5475 58680
4 1999
29 3075
17 17
3 3
3 3
8 581
5 7
7 15
3 3
23 673
497 5158
3 5
2 5
2 6
6 6
275 9605
1 24
3 3
12 290
3 3
9 8179
19 28
8 8
1 76
29 1604
23 2552
1 2
1 27
3 15
6 15
48 398
10 588
2 287
16 35
3 3
14 29
264 7902
64 4788
2 3
8 581
3 4
86 249
2 288
5 304
11 329
28 1602
33 1610
66 4962
7 56
3 3
43 162
5 289
8 868
3 3
9 31
41 9797
7 297
15 89
3 3
3 7
3 3
2 6
56 2244
4 288
3 297
2 2
4 288
27 13273
1 5
16 90
151 259
5 11
142 378
10 89
35 95
2 2
46 3431
3 3
3 3
3 3
6 588
9 8179
8 44
1 949
3 5
3 3
2 2
55 3488
77 3198
2 588
15 89
2 3
2 2
17 1449
64 121934
5475 58680
14 327
18 1768
3 1999
220 56855
1 5
12 31
191 19393
81 6752
9 31
11 329
2 2
27 3500
3 3
148 20727
1136 10474
4 11
1665 65222
12 32
3 18
59 4698
17 31
1 76
4 89
1 64
4 29
14 22
6 9
5 5
6 941
2 2
6 304
63 6795
26 2762
4 304
45 8727
1 3
5 6
48 5904
27 13293
81 135489
56 2244
12 588
4 22
5 6
4 296
3 3
23 1768
18 1769
4 27
15 603
16 51
9 868
141 378
6 588
10 22
3 3
12 31
1 21
2 2
2 2
6 6
2 2
2 26
2 2
6 304
22 2552
1 287
5 11
9 22
89 12937
26 478
15 327
3 304
3 3
7 30
3 3
2 2
3 6
3 3
3 3
2 588
4 297
10 14066
3 3
28 929
16 23
3 35
16 90
3 3
5 8
2 2
34 35
2 2
2 2
24 2080
789 54365
4 297
299 2819
9 52
20 29
3 3
3 6
58 1894
2 588
8 581
3 288
74 18317
4 6
2485 31893
326 3529
11 112
2 588
15 93
2 2
3 3
288 1853
4 2065
4 10
595 162152
3 3
2 2
3 1999
6 14
15 36
6 17
4 89
3 3
4 89
29 1610
1136 10474
2 2
6 588
2 2
22 1166
2 5
264 15542
27 1610
3 3
36 195
30 2878
89 12937
3 5
2 4
3 3
48 6841
3 35
9 31
2 588
5 7
70 6841
1067 6134
18 58
5 12
3 3
182 13386
19 636
2 64
9 10
3 3
5 17
2 2
12 12
82 6312
1 2
28 1839
5471 58670
299 2819
89 12937
51 2237
22 1166
2 5
2 2
64 2254
7 9
7 301
12 56
7 12
10 23
97 14218
5 11
23 4708
54 7461
5 7
2 5
4 10
3 290
4 14
4 326
3 3
3 3
694 3529
6 6
2 5
1 2
14 29
12 31
6 2030
4 10
2 2
1 64
6 11
5 10
24 1769
13 588
30 8634
4 4
7 941
3 3
2 2
4 89
4 4
12 290
46 1039
6 24
8 315
43 2878
15 327
1 588
16 23
4 14
7 7
282 9911
1 5
1 9
97 14218
4 7
3 3
1 3
4 6
4 7
4 296
13 588
2 2
1 76
13 13
53 3488
342 19967
11 312
6 7
27 10849
6 14
3 15
6 588
6 35
5 67
3 3
209 13618
5 15
15 36
99 4507
2 2
3645 329492
1705 20146
42 105
1 2
543 4546
6 6
14 1857
27 473
7 595
26 2762
2 2
64 2254
6 588
7 12
1 588
7 8
522 146346
7 295
4 7
2 2
1 22
6 6
7 301
3 3
63 6795
4 11
11 32
41 9797
5 354
6 19
2 301
12 290
3 18
327 2819
6 588
15 36
4 7
13 34
2 2
266 1760
3 3
4 6
5 15
5 8
1 2
119 12677
1 949
7 297
14 327
6 3994
3 9
3 3
22 144
3 3
18 608
693 3529
3 89
14 327
5 354
2 2
6 304
2 275
8 13
3 18
2 2
14 29
3 3
26 5168
9 33
8 1528
3 3
94 120427
151 259
11 329
1754 834390
2 2
2 2
2 588
191 19393
139 630
26 2762
7 54
7 581
2 2
4 12
5 1742
9 11
4 4
3 1999
5 2077
8 10
14 1857
1 949
6 588
3 19
3 18
13 28
3 3
3 3
3 3
3 18
23 93
2 2
237 4006
86 249
4 288
15 1172
6 588
3 3
8 10
6 21
3 326
11 12
5 8
57 2755
227 18094
2 2
1 12
5 8
4 4
508 25716
3 301
1 3
11 31
489 4711
2 2
3 3
99 6795
3 5
14 312
24 39
3 18
1 2
522 146346
3 3
577 4497
222 20580
5 8
3 3
9 31
3 4
27 10849
244 2014
3 18
3 16
8 581
8 8
4 11
19 39
2 20
6 19
2 5
7 7
4 588
7 54
3 3
1329 51956
69 9690
6 22
6 588
344 3325
5 354
232 6029
4 7
5 10
1 12
43 162
15 93
15 93
9 8177
21 71
12 12
12 31
1 64
10 277
1 9
3 288
1 4
7 33
6 596
6 22
3 287
1 855
4 4
4 22
136 12678
19 2526
2 2
11 1703
6 11
275 9605
15 36
4 2065
6 21
191 19393
11 31
3 3
15 941
3 3
145 12580
3 3
15 327
4 288
1754 834390
1 1656
2 2
11 31
40 3416
27 13273
654 17878
28 1839
4 89
2 3
10 32
81 8861
2 2
29 1604
1907 834390
158 633
10 30
13 327
1 64
4 297
29 1604
15 1039
8 2074
15 93
6 588
11 31
2 9
22 144
142 378
3 6
5 10
4 288
14 29
9 8177
3 304
8 581
15 941
2 3
3 3
1 76
1 885
65 1299
8 581
19 26
14 327
5 7
4 297
4 326
559 628954
1 64
10 28
4 7
3 3
9 31
3 3
2 885
15 93
5 8
5 10
4 89
12 44
11 1703
748 54360
16 82
31 5613
1 2
2 2
4 11
5 7
789 54365
8 33
3 3
215 18428
25 1769
3 3
2 588
2 5
22 93
4 304
3 18
8 581
6 6
3 30
240 2007
15 90
2 3
86 3452
9 52
64 126964
2 2
15 312
121 10999
195 1029
11 13
264 16399
4 588
6 304
3 15
3 3
181 122329
1 588
8 581
140 3451
13 588
43 2878
56 2720
7 12
11 22
3 7
579 4497
205 17120
4 52
6 41
4 949
27 493
29 3075
208 12676
4 297
6 304
469 51210
18 608
5 354
3 3
4 949
176 5340
1 15
5 289
9 29
5 10
100 217041
5 588
3 3
3 3
132 12677
1 9
236 16399
2 3
23 1768
1 11
1136 10474
11 23
1 588
141 378
7 297
508 11185
13 588
2 15
3 15
215 18428
4 4
3 3
13 28
52 8727
1 64
5 10
4 6
232 6029
2 588
6 304
3 18
2 2
18 144
11 354
4 30
2 5
3 65
2 588
6 58
2 9
10 588
2 2
660 47853
9 868
3 6
94 3531
6 14
97 14218
3 180
2 2
1754 834390
46 3431
3 3
11 2074
9 9
10 46
8 54
6 588
3 3
23 673
4968 405892
2 588
2 2
9 29
2 5
36 1839
275 9605
48 6841
18 144
6 6
5 304
6 588
4 12
2 2
6 14
4 10
264 7902
5 12
32 183
508 36841
24 4708
2 24
3 5
5 289
3 294
119 3482
5 290
2 2
9 2080
29 6143
56 2720
4 288
2 2
5 10
7 12
4 22
404 7185
27 473
1 2
8 581
87 6868
2 34
56 2244
2 3
4 11
28 929
11 31
6 8
2 2
12 883
2 9
24 1769
5 11
2 2
7 581
2 2
84 12937
141 378
33 35
6 6
2 4
1 22
14 91
5 15
1 269
8 2074
4 10
130 323
52 8727
7 301
52 8727
2 2
6 2074
3 3
1 287
79 13323
2 2
28 66
3 8
4 296
152 260
19 4304
326 3529
5 15
2 5
2 2
5 5
3 4
12 2576
64 121934
4 6
4 6
8 15
2 588
11 835
3 3
3 3
57 126964
2 3
89 12937
5 289
293 2819
1 2
420 29421
17 17
1 2
8 11
3 5
3 304
7 56
21 4708
81 6752
4 52
3 9
3 288
4 5
3 3
5471 58670
4 297
4147 21219
3 3
342 19967
9 15
4 4
511 9876
2 2
20 334
3 3
86 3452
8 581
120 2552
10 2662
65 4788
24 2080
5 11
15 36
81 8861
61 2251
9 300
3 3
46 1039
13 327
63 6795
2 588
3 3
1 588
11 32
3 288
3 288
10 588
13 10376
61 2251
15 1039
3 3
148 20727
6 24
21 4708
947 11913
13 1769
3 288
3 3
244 2014
13 588
1 2
11252 334107
79 79
16 51
5475 58680
400 29421
2 588
3 3
3 3
752 54365
3 3
16 2362
60 4789
148 20727
4 304
5 8
2 2
7 297
1 3
4 4
3 3
4 6
1 5
3 15
16 23
3 15
11 941
14 26
4 297
2 21
3 3
3 3
5 10
4 55
3 7
5 11
97 14218
1 855
3 15
2 287
27 10849
2 21
3 3
497 5158
3 3
290 1106
2 2
3 3
3 4
1 6
27 13261
209 13618
4 297
26 2762
3 3
3 3
4 7
4 4
6 3994
22 93
508 36841
24 2080
5 297
2 588
6 9
3 79
4 14
44 6773
5 294
8 9
4 22
11252 334107
15 597
5 290
15 36
1 68
3 15
1 588
11 31
2 34
6 11
8 10
86 3452
2 5
508 36841
301 2819
40 40
8 8
70 9690
282 9911
349 3675
9 8179
3 3
28 1839
3 304
5 5
8 112
4 14
4 29
5 6
8 11
201 14434
143 647
3 3
2 3
1 2
3 3
1940 76400
33 1610
6 11
2 2
14 26
40 3416
3 66
140 3451
33 335
1 949
1 3
23 941
5 12
3 5
35 95
117 3484
7 312
9 360
1 12
12 33
10 31
237 4006
11252 334107
34 413
489 4711
15 89
1 3
339 3054
16 51
27 473
14 134
15 1172
4 6
29 1610
48 249
1754 834390
97 14218
28 1839
3 3
3 3
1418 20874
11 329
21 4591
3 3
62 1547
12 31
1051 37169
148 20727
99 4507
17 93
11 1537
8 24
27 10849
164 691
64 4788
19 39
3 18
187 6201
3 1999
170 6029
7 56
2 2
349 3675
1 5
18 18
47 730
161 9343
37 9789
9 3500
8 11
2 2
5 67
9 2257
9 29
9 588
44 3669
31 9797
27 473
1907 834390
18 1460
51 2237
748 54360
16 23
29 1610
34 413
43 162
1 5
2 2
22 93
43 162
4 89
2 588
4 89
10 118
139 630
12 32
2 3
697 39050
38 3416
1115 11062
1 14
5 5
38 3416
8 112
29 1360
227 18094
4 10
118 2552
2 2
3 5
6 6
3 3
1 5
27 10869
693 3529
27 493
6 28
29 1360
2 2
27 3074
15 312
14 29
29 1839
3 6
16 1537
61 2251
3 3
9 31
5471 58670
2 2
35 95
1753 20874
9 31
4 72
35 95
9 31
5 65
30 73
6 35
1 13
5 303
41 9797
2 5
8 15
56 2720
61 2251
3 8
3 3
10 12
2 3
3 3
12 32
8 588
65 205582
5 289
1 2
3 3
3 3
10 73
3 3
5 9
6 14
44 6773
8 868
12 32
6 14
3 8
87 6868
32 1610
18 1537
4 30
3 3
40 1975
5 1005
29 1610
18 40
14 327
66 4787
8 18
215 18428
3 35
526 33033
6 3994
1 5
49 82
28 1839
8 13
1 5
3 3
238 82958
275 9605
8 8
4 18
6 588
31 639
10 12
4 7
16 59
2 2
43 2878
191 19393
5 12
3 1999
61 2251
261 16391
10 2662
17 59
2 5
12 588
8 9
7 12
1 12
69 9690
129 1221
1 64
142 14435
5 289
10 45
136 12678
6 14
34 73
5 289
51 2237
4 304
595 162152
6 588
22 1769
1 286
1 9
3 33
1227 44569
46 4782
208 12676
2 2
2 5
35 95
4 297
3 3
364 35971
7 33
77 3198
29 1610
24 1293
3 15
16 1537
2 5
1759 29134
1 588
15 327
5 114
15 312
14 1857
2 2
4 2074
58 4787
2 5
1 6
5 7
38 3416
143 647
6 7
4147 21219
98 2858
1 5
44 6773
9 312
3 3
142 12678
2 5
2 2
5 294
1100 39833
32 183
3 6
619 162152
5 10
2 2
6 301
6 24
1063 11062
42 105
65 1299
8 315
15 93
4 297
14 327
1 9
4 6
14 36
15 327
15 89
29 1360
43 2878
2 885
136 12678
2 21
15 941
22 144
3 288
420 29421
3 5
8 588
18 1537
5 7
497 5158
12 31
1 3
1 6
63 6795
27 493
2 3
3 3
6 6
16 93562
7 595
4 7
2 288
7 12
9 29
33 1610
3 3
14 22
56 2244
5 5
27 3500
23 1768
4 10
13 588
11 80
3 5
5 5
51 7456
4 20
5 290
56 2244
3 3
53 3488
2 9
5 15
24 941
5 12
2 5
22 144
3 3
3 3
15 89
2 34
58 4787
6 22
3 3
2 6
2 2
2 2
189 13618
12 32
326 3529
3 3
11 1703
5 297
282 9911
2 21
2 2
7 312
15 597
16 1537
38 3416
3 3
2 5
57 126964
3 3
8 300
1 588
11 99
11 23
7 597
2 2
8 1528
5 6
9 31
3 3
4 52
2 14
1 59
18 608
18 144
2 3
3 3
177 633
3 8
1 5
208 12676
1063 11062
3 288
3 297
293 2819
3 3
13 1769
4 14
5 5
140 10998
14 1857
680 17878
2 2
2 5
9 588
293 2819
2 3
10 23
2 286
5 10
3 3
3 15
13 34
15 327
8 56
29 1610
2 3
2 2
2 3
3 5
17 1449
4 12
3 6
10 588
26 2762
2 14
243 17436
118 2552
302 2819
13 588
3 3
118 2552
10 1805
3 3
15 885
4 288
5 303
16 2829
119 12677
45 4458
5 294
2 5
4 296
748 54360
6 304
4 10
1 6
171 13618
693 3529
93 2858
38 3416
3 2872
58 4787
3 288
6 304
646 4103
77 3198
1 588
19 39
1 288
693 3529
6 301
9 2074
316 2819
3 54
6 309
26 2762
1 6
9 9
5 12
6 304
2 588
2 2
17 39
6 6
6 3994
15 1172
2 2
6 3994
323 1760
1754 834390
7 12
6 7
12 2081
9 31
91 10517
7 10
19 636
10 588
99 4507
22 144
4 288
187 6201
2 5
29 3075
33 4830
46 3431
4 4
86 3452
7 301
2 2
4 10
595 162152
4 89
3 6
4 72
3 3
1 10
11252 334107
215 18428
3 290
1 3
2 2
273 1282
3 6
5 303
3 3
11 32
4 10
61 3719
29 1360
5 9
2 288
29 14797
9 12
13 588
15 327
3 5
2 5
97 14218
3 15
1 4
1 3
1 269
1051 37169
2 2
4 72
280 9857
17 1449
1987 707426
3 9
264 7902
5 11924
27 10849
5 304
1 949
3 15
82 6312
19 30
508 36841
6 14
1 2
2 301
11 32
12 2584
108 14813
28 929
2 2
9 300
28 1839
8 581
1 2
335 3000
6 304
5 10
7 17
4 7
29 6143
5 12
1 58
34 73
1 5
13 588
9 31
1 5
7 15
5 67
16 1537
27 13291
1 303
15 312
8 10
35 95
4 354
197 12676
35 95
3 35
3 5
9 312
4 2065
1 287
15 19
2 2
4 297
1754 834390
142 12678
649 4711
3 3
14 29
2 2
1067 6134
14 327
1716 32586
436 1515
29 1360
3 1999
6 24
5 885
51 7456
118 2552
4 297
1 949
12 32
11252 334107
2 2
79 8879
8 595
2 2
139 630
1 3
3 3
82 6312
2 2
2 6
5 297
148 20727
140 3451
157 261
1 5
1 269
3 288
34 3075
21 1764
64 121934
9 52
5 15
14 320
8 11
15 327
49 4672
8 8
11 327
1145 39833
7 11
9 868
326 3529
82 6312
8 1528
17 17
2 2
4 6
1 2
8 15
30 73
2 287
2 2
4 285
7 16
3 3
16 156
53 3488
29 6143
2 5
2 8
2 5
12 290
14 1039
41 9797
8 581
2 2
4 297
436 33902
46 1039
2 2
4 4
4 89
9 31
8 581
97 14218
140 3451
23 941
10 1805
6 22
2 303
4 4
46 1306
3 3
29 1360
5 1093
1 2
3 6
3 3
12 588
214 20580
5 937
385 24939
13 28
11 1767
5 10
3 304
303 29625
28 1293
24 53
14 327
8 39
12 588
5 289
238 82958
27 13293
522 146346
1 5
16 1537
4 10
1 10
1226 44569
1 64
8 581
24 1769
2 3
12 318
5 10
13 588
305 3325
3 297
2 287
33 35
1 2
3 18
8 8
4 304
1 10
15 93
2 2
2 2
1 588
1 2
6 304
201 14434
4 1999
3 3
3 72
35 95
2 2
11 32
1 5
3 3
27 493
16 23
29 6143
3 24
17 93
7 12
1 2
46 1039
10 46
3 3
25 2230
13 34
10 2662
2 5
4 288
2 2
3 287
2 15
522 146346
2 2
89 12937
2 5
6 71
6 14
5 15
3 9
3 3
10 40
34 9789
3 3
508 25716
8 580
186 14812
5 7
3 3
13 34
3 3
3 15
121 10999
2 2
1 6
29 34
56 2720
4 11
3 9
5 289
1 949
232 6029
2 2
5 301
1 286
16 1537
9 31
1100 39833
42 105
1 286
6 304
9 868
5 15
1 5
2 3
2 3
1 2
2 2
12 1537
2 2
64 2829
118 2552
175 17655
5 297
1115 11062
7 301
3 288
3 3
27 473
2 4
8 588
16 82
3 3
3 3
1 2
3 3
57 204
6 588
7 8
91 10517
3 3
4 7
57 204
65 205582
7 11
2 2
2 2
4 10
2 5
272 9902
8 10
4 6
13 34
56 2244
11 32
237 4006
64 4788
3 3
15 90
4 6
2 2
3 16
1 3
5 289
9 29
22 3517
61 2251
14 26
30 639
10 31
1 5
27 10849
6 9
17 31
3 3
7 12
397 28806
46 1039
2 2
8 581
4 6
1 3
3 23
31 95
16 82
16 23
201 14434
12 31
4 297
29 5456
3 3
5 2077
141 378
2 5
748 362059
75 3196
16 3730
3 3
16 93562
5 15
27 473
5 15
1 59
3 3
151 259
10 80
3 3
91 10517
16 93562
11 32
29 1610
3 3
4 89
11 32
61 2251
9 13
5 289
14 29
1 5
1907 834390
2 8
577 4497
10 10
3 3
40 133968
2 2
4 4
61 2251
508 11185
31 473
8 12
136 12677
2 5
10 23
30 73
4 12
273 1282
43 162
2 24
19 30
4 40
5 7
5 15
100 14218
5 1999
1 588
3 3
2 5
5 5
37 9789
3 3
3 72
27 13271
5 17
7 297
1 22
4 11
23 941
15 327
17 1449
7 588
789 54365
1 3
35 13689
3 3
16 1769
2 8
11 32
4 6
1 2
14 949
2 5
1 588
27 473
11 329
196 19393
118 2552
27 473
3 4
66 4962
11 32
1776 836128
17 1449
15 327
18 1537
7 8
91 10517
1 296
15 93
3 15
5 6
13 52
2 3
6 22
3 3
130 323
28 929
237 4006
301 2819
299 2819
10 32
1226 44569
2 2
8 14
3 5
5 1170
200 17860
2 2
257 9605
2 588
7 597
6 304
2 2
99 4507
1 2
3 6
3 1999
2 2
11 2074
3 3
5 8
17 31
43 2878
9 22
9 33
17 39
1 59
1 15
5 10
1 2
15 327
15 327
4 10
5 188
1 5
11 32
3 3
4 6
2 2
148 20727
13 1293
12 44
14 327
1 9
12 290
75 21513
61 2251
3 3
406 17245
6 949
3 3
4 354
781 11913
1 5
30 73
3 3
61 2251
248 82958
4 11
3 35
1 588
2 2
3 3
14 29
64 121934
148 20727
2 5
4 15
10 45
1 22
4 10
3 3
4 297
3 72
9 11
3 3
1716 32586
3 27
99 6795
2 275
62 1547
3 3
100 202244
11 32
14 320
52 8727
7 12
27 10849
8 581
447 59187
577 4497
8 13
5 289
2 2
4 304
1 15
28 1839
42 2720
5 10
694 3529
1 6
12 290
3 288
3 288
2 2
9 52
5 6
27 473
14 29
13 13
3 3
2 2
660 47853
3 5
4 10
15 327
2 2
7 7
29 1610
1 949
17 1449
22 1769
282 9911
8 323
189 13618
81 135489
5 289
56 2244
2 2
119 12677
3 288
9 13
1941 43060
4 304
5 289
399 5863
6 40
4 6
61 2251
51 2237
1 588
2 2
195 16332
18 608
508 11185
5 10
3 3
1 269
2 2
25 1769
9 31
2 5
4 5
5 5
10 45
164 691
69 7461
14 1537
3 18
2 2
3 3
16 16
1051 37169
22 144
28 473
3 66
49 82
15 312
11 15
56 167
3 15
2 588
3 3
15 79
29 1360
1 64
8 595
6 309
29 3075
3 3
2 588
56 2244
6 14
4 4
43 162
9 3500
5 11
1 15
1 288
5 11
6 22
31 6143
5 949
1 76
17 4017
2 21
3 15
56 2244
52 2237
5 8
4 288
2 2
5 10
14 588
2 2
2 9
660 47853
44 6773
1 5
18 1537
24 2762
8 15
66 126964
10 28
2 14
5 6
3 4
3 3
15 90
6 71
4 10
4 89
64 2254
27 473
543 4546
1 949
97 14218
3 3
6 22
201 14434
9 2074
11 31
46 4782
11 327
275 9605
27 34
16 16
9 360
7 297
789 54365
118 3452
2 2
12 2584
3 3
232 6029
63 6795
4 288
6 22
3 15
7 54
5 67
5 15
13 588
8 15
6 6
2 2
3 3
273 1282
46 1039
61 3452
15 89
1 12
9 10
3 3
3 304
6 304
3 3
200 17860
5 6
2 3
650 4711
3 3
97 14218
11 13
2 26
4 14
87 6868
1 5
3 3
2 2
2 2
1 39
46 1039
32 97
24 1769
5 10
5 8
2 2
16 82
2 34
6 7
65 4788
6 304
4 20
