8 36
3 22
2 14
3 5
3 10
23 2254
42 3451
3 304
2 3
4 82
6 312
2 2065
2 11
6 473
6 91
1 8
2 581
5 327
8 3075
10 3675
2 3
3 4
6 473
5 2526
7 34
2 588
1 48
5 23
1 64
60 5340
4 297
3 6
1 5
11 28
1 2
3 3
1 5
20 6795
3 22
1 3
8 1360
12 12937
3 10
1 14
4 2074
39 259
4 33311
11 14813
10 1449
2 2
1 29
7 835
2 11
5 32
8 9797
41 3529
3 10
2 18
2 304
3 300
2 15
2 15
6 10849
2 10
2 2
4 249
3 31
1 6
20 6795
2 89
255 106497
1 3
1 5
2 588
3 52
11 398
3 7
4 360
1 3
2 2
5 4962
4 82
4 3488
3 10
14 1567
2 15
2 3
2 23
3 52
3 52
6 10849
1 10
3 10
3 941
4 4708
4 11
6 12
2 5
2 4
1 19
1 5
20 2819
3 3
3 55
12 39
6 93
56 4711
70 5158
5 31
2 588
2 288
1 2
1 15
6 327
1 269
1 11
39 259
1 877
6 29
1 3
55 836128
2 20
3 15
1 29
140 11062
3 31
1 3
5 17
3 304
2 588
13 9789
1 297
2 9
27 9911
2 12
4 2244
1 2078
2 178
20 3452
7 2878
2 15
1 2
2 3
4 10
1 89
2 6
3 31
2 2
3 315
2 588
62 11913
2 4
7 8
4 10
3 12
2 588
2 3
7 329
1 11
4 41
4 10
38 14434
3 2077
1 3
1 5
18 8727
2 18
4 32
6 327
2 9
76 146346
2 2
17 3220
6 327
4 26
20 3452
5 1742
2 2074
5 31
1 3
4 20
2 3
1 7
12 14435
13 3416
7 378
20 2251
1 2
10 6773
8 1857
2 3
11 26
3 15
1 6
3 3
2 596
7 105
5 6
3 7
12 6143
3 1558
35 1029
5 31
1 3
6 12
28 8861
3 885
2 304
2 12
5 31
7 378
10 133968
4 478
2 15
18 334
15 2829
2 11
2 4
25 2251
1 15
2 24
1 3
26 4507
2 597
2 3
2 28
4 82
1 5
1 297
1 35
19 205582
6 6
82 39050
2 21
3 14
100 162152
20 6795
2 22
2 2
22 2819
57 18428
1 588
2 18
3 885
1 288
2 6
12 8879
28 56859
1 949
2 3
37 17120
2 596
6 8
2 2
30 36841
6 93
4 188
7 12580
23 2819
2 2
1 7
1 3
2 2
111 8430
3 300
2 2
3 10
23 730
11 639
45 12676
5 327
5 59
9 56
5 941
1 3
12 3087
2 89
3 312
5 31
3 2584
110 2033
2 2
4 277
2 3
7 54
1 286
1 3
14 183
2 3
6 10849
20 3452
3 581
10 144
3 300
1 2
2 1768
223 80942
2 3
1 8
5 320
1 8
2 2
25 6029
5 35
1 8
2 3
2 10
1 8
4 6841
6 9789
3 1293
3 7
34 29625
38 14434
1 2
2 588
2 3
2 27
1 6
7 329
6 2000
1 2
1 287
6 2243
2 24
2 596
6 2243
2 3
1 304
1 12
1 9
25 2251
3 8
49 42975
1 2
1 312
82 39050
24 2819
1 2
11 162
5 31
23 691
11 7461
8 29
42 3529
1 29
3 290
2 2
4 3056
17 6795
2 15
1 588
8 167
2 300
1 8
1 3
1 7
3 13
65 4528
2 2
3 9
5 8179
1 6
11 2878
2 288
16 228
57 834390
1 2
9 2762
6 93
2 58
2 289
6 473
1 40
24 19393
2 1999
1 3
5 31
38 14434
5 2686
2 588
8 1449
45 834390
1 855
19 1760
16 3179
6 13293
4 11
6 13273
239 62958
54 3531
2 22
1 3
1 1996
2 3
28 10998
1 6
6 32
6 12
8 1857
31 82
2 588
2 15
1 5
3 52
4 312
9 1547
2 3
3 33
1 588
3 12
8 1449
1 5
2 7
23 691
2 8
2 5
7 378
8 1857
2 3
4 5
3 10
4 304
1 8
2 1769
3 1537
2 1093
1 3
5 31
4 2074
2 2
20 12580
1 14
3 5613
5 14
2 6
45 6134
1 3
3 31
2 68
1 5
1 3
4 4672
2 3
10 1839
6 12
198 54365
1 3
28 8861
2 2
2 15
10 1839
12 6029
56 28806
3 6
3 6
2 2
8 2552
5 13
2 89
1 5
4 41
2 290
7 3074
2 275
1 7
9 12677
2 58
1 5
21 921
4 10
1 3
1 3
4 3994
1128 334107
5 7
9 97
2 4
61 261
3 3
3 288
1 303
3 1769
2 3416
5 941
2 6
1 3
53 122758
2 10
2 859
27 9911
1 29
1 5
2 2
17 95
19 205582
2 5
2 2
2 3
2 588
1 76
5 7
5 301
11 929
2 3
2 2
57 834390
2 6
13 6433
1 312
1 2
23 19967
2 2
3 10
2 289
100 162152
2 6773
1 20
2 588
37 17120
7 329
1 288
1 3
6 6
5 32
2 2
1 79
28 1853
3 72
2 17
25 2251
1 3
36 1282
1 6
1 6
4 1999
14 18
2 2
8 1449
4 31
1 2
2 2
3 5
267 58680
1 80
7 4672
10 2878
1 29
33 6312
2 3
9 89
2 11
2 2
1 3
4 39
25 2251
36 20580
27 3452
7 463
3 35
3 3
7 3669
2 588
5 581
2 3
5 6
2 2
3 1999
2 288
25 2251
2 588
6 473
1 2
5 31
57 834390
1 3
2 134
2 1005
7 13
3 91
6 13293
24 17655
2 68
15 6773
1 29
2 12
10 1839
9 12677
267 58670
9 6143
31 82
6 13283
2 35
4 51
3 4651
4 5
5 14
1 3
2 10
2 1170
1 3
3 885
2 2
24 1299
60 15474
2 2
1 3
3 4
2 15
3 8
5 32
2 3
4 6
2 15
1 883
2 52
2 3
1 5
4 5
1 8
2 303
2 28
1 6
20 12580
4 19
6 90
2 6
4 32
9 1769
6 90
1 6
3 12
35 19393
1 10
3 11
2 2
2 2065
2 3
3 31
1 2
2 3
1 3
3 1360
1 3
3 16
2 588
17 13689
100 162152
6 91
5 34
53 146346
4 51
2 15
2 2
6 32
5 300
8 4698
1 29
4 304
12 7461
146 25716
2 13
2 588
4 11
1 5
17 3220
15 2829
41 3529
33 630
13 162
1 5
17 95
10 144
2 5
1 2
2 4
25 6029
1 2
2 5
7 34
3 4708
2 20
1 3
2 2
2 2
10 133968
4 3056
6 588
16 3198
17 95
4 2074
1 949
6 493
3 12
73 24303
4 5
2 89
5 12
13 12937
45 834390
22 2819
5 327
2 15
4 1537
1 26
1 2
3 327
2 54
2 6
2 2
2 12
7 327
5 327
2 304
5 1703
1 91
1 6
1 2
2 5
1 58
4 8
157 32586
4 2074
80 24319
6 93
4 32
13 1610
45 261
32 2552
8 1857
3 14
6 93
2 2074
16 3179
1 29
3 72
5 1360
7 34
1 3
2 12
2 304
3 15
1 68
1 3
1 855
2 3
146 11185
22 4711
11 150
1 16
2 595
7 4672
39 259
11 7461
10 2878
18 11913
4 19
20 3452
1 58
4 10
1 3
2 4
80 36897
2 9690
6 10849
2 18
3 25
45 834390
32 2552
1 3
8 4787
6 93
8 126964
1 297
6 312
2 15
46 9876
1 29
4 5
9 2819
25 6029
5 327
1 29
2 3
23 691
18 202244
2 588
1 297
19 1760
2 3
2 3
2 304
3 10
5 327
10 1166
15 2829
2 80
5 36
5 11
2 6
1 5
1 6
3 581
5 7
8 2237
1 6
3 868
1 3
26 4507
3 30
8 167
19 20727
6 2246
2 3
1 2
12 1769
3 304
2 588
2 6
267 58670
2 2074
2 288
2 15
1 5
2 588
6 473
4 5
1 34
5 885
3 288
6 473
3 312
1 3
1 3
10 34
2 588
2 12
17 95
8 1449
7 35
65 4528
5 156
2 15
1 891
2 3
9 12677
20 1299
4 118
6 13271
2 2
1 5
18 8727
1 2
2 289
1 59
2 14
4 5
9 56
162 80631
5 13
5 32
1 3
5 12
32 82958
2 949
57 834390
6 93
1 2
13 39
2 2
2 9
1 7
2 1999
4 8
16 3719
2 2
2 5
1 2
73 24303
1 6
2 213
32 2552
1 288
1 5
6 493
8 167
12 12937
2 2
1 2
1 2
4 96
3 1999
7 35
2 3
5 13
2 3
14 1769
2 4
2 588
4 11924
10 2878
1 12
38 14434
2 3
2 2
4 10
8 9797
1 5
1 5
17 1894
20 1299
3 3
2 2
2 2
15 2829
75 13394
17 2552
1 304
1 14
5 31
5 941
3 3
2 588
1 287
2 289
1 8
3 22
82 16391
3 885
1 588
2 2
4 32
1 7
4 2074
5 581
1 297
1 3
6 7
9 2819
6 10869
3 3
4 3056
2 3
9 12677
3 58
1 2
2 67
1 3
10 12678
6 473
2 2
59 9605
2 304
4 304
6 32
3 9
1 286
2 288
2 6773
3 581
3 603
2 9690
2 3
8 327
2 9
9 56
2 22
2 2
12 5092
2 2
1 3
8 1857
2 15
2 2
3 3
2 5
1 64
1 3
612 101801
4 1999
4 6841
2 304
4 3488
1 7
140 11062
4 327
27 9911
2 17
8 167
3 144
9 1039
3 290
12 1306
3 287
70 17878
1 2
3 10
2 304
5 301
6 2829
2 1768
1 5
1 297
2 18
3 3
10 12677
6 588
5 8
27 6201
6 13261
6 93
5 2080
3 12
198 54365
24 19415
6 93
3 7
197 21733
2 2
5 7
159 20874
24 17655
2 18
2 68
8 9797
1 8
2 580
10 1360
2 3416
9 73
11 8876
2 288
1 6
12 12678
3 9
2 2
3 31
2 2
1 58
1 14
33 55273
17 6795
1 588
6 588
8 1449
2 596
1 288
2 5
2 354
2 288
5 10376
82 39050
5 31
3 3
1 14
4 304
2 180
10 1360
45 12676
2 10
2 4
1 3
33 9911
2 12
2 2
1 2
10 144
1 15
2 3
1 21
2 3
1 2
47 9605
1 5
1 588
1 2
13 39
5 31
2 17
1 855
2 3
18 8727
3 4
2 15
5 31
1 2
2 9
1 72
3 588
4 5
1 5
24 2819
18 217041
5 581
17 6795
2 30
8 7461
5 64
267 58670
17 1894
1 64
154 20704
2 2
8 2257
5 31
7 598
4 11
15 19
2 5
8 608
8 1449
2 17
4 256
6 93
2 20
2 11
57 18428
2 2
2 89
2 24
3 8
1 11
4 11
5 1180
1 12
1 297
23 20727
1 4
1 12
2 3
5 15
3 3
20 2930
8 1769
6 2662
4 304
4 5
7 1610
2 12
2 89
6 493
2 5
20 2251
10 144
11 26
1 15
2 2
5 7
5 3488
2 24
1 3
9 1547
1 9
1 297
3 29
10 6773
3 7
2 8
1 288
10 2878
4 32
33 9911
2 7
2 3
3 304
36 1282
11 9789
3 3
2 5
6 13293
1 20
2 296
2 3
2 9
2 3
1 2
1 3
1 11
1 3
13 39
2 3
6 93
2 2
1 5
4 31
1 3
2 3
1 6
1 5
54 3531
3 885
1 327
2 30
2 10
1 29
3 3
2 3
1 9
13 162
2 12
1 304
19 323
1 301
1 2
2 8
1 3
3 3
9 1039
3 868
1 588
6 2662
6 13281
5 31
4 4
8 2257
8 7952
23 5113
1 18
229 241084
157 32586
2 3
2 2
6 4304
5 8179
2 9690
26 4507
4 304
1 3
13 162
2 2
27 6201
26 4497
2 304
12 5904
5 13
2 290
17 17436
2 3
2 15
2 3
2 2
2 12
6 588
8 36
4 380
131 10474
1 64
3 30
8 36
18 10999
7 387
42 3529
1 6
54 7902
3 1537
1 4
1 2
20 3220
2 66
2 2
78 17860
12 5904
1 9
28 1853
1 3
15 2829
2 304
78 17860
5 9
1 2762
1 5
3 30
3 55
1 2
1 6
2 1709
3 7
1 304
2 67
6 7952
2 588
8 36
2 288
8 8
146 25716
1 6
4 13
2 588
1 2
6 90
3 6
3 868
9 73
24 2819
20 3452
4 13
4 33
1 3
1 8
53 146346
9 2819
1 14
2 18
3 2584
4 32
3 4708
4 360
2 14
25 2251
7 9797
27 3452
4 327
2 595
1 2
100 162152
3 22
2 4
6 59
4 5
2 8
10 35
54 3531
10 135489
5 71
17 95
12 1769
2 304
1 76
10 135489
4 2244
1 2074
6 93
2 3
4 4708
99 37169
4 12
6 7898
3 10
2 2
2 286
3 868
79 79
28 8861
2 14
2 3
5 13
10 144
2 3
3 4
4 170
1 2
2 596
2 3
2 2
2 588
1 3
5 31
16 3179
1 76
13 17
5 6752
1 24
3 72
6 10869
11 150
3 14
3 1537
2 3
3 52
2 2
1 3
2 596
5 22
1 11
5 156
2 4
12 1520
2 2
1 3
17 1894
6 6
2 588
4 5
5 1703
4 8
1 3
87 18507
1 2
54 3531
2 10
2 7039
6 13291
40 260
3 6
8 1857
5 19
21 335
2 3
12 12937
1 6
6 13271
2 1999
2 288
2 304
1 312
7 4410
7 329
4 1537
6 93
2 89
2 289
5 24
1 71
9 1769
10 6773
8 30
5 11
2 304
3 10
13 1610
2 588
2 12
1 3
2 2
2 596
1 2
7 9
1 312
2 3
4 10
6 93
2 3
1 29
2 3
8 929
2 10
1 11
2 588
5 2080
5 36
1 3
1 33
7 13618
6 4017
5 320
6 3146
1 7
11 8876
2 18
5 1766
13 40
3 581
4 10
29 35971
12 14435
8 1857
3 16
21 4497
6 13273
4 304
1 3
3 304
1 2
70 17878
2 54
1 269
20 3452
1 72
5 23
5 156
6 13273
2 5
7 4787
55 836128
2 24
1 3
2 588
1 588
2 30
20 3452
1 2074
2 2
3 31
27 9911
2 588
2 289
1 312
8 1449
157 32586
1 64
2 10
1 6
698 407583
1 3
6 12
5 8179
1 5
3 3
1 3
13 1520
1 72
3 3
6 4789
1 6
267 58680
1 14
2 3
2 3
2 2
1 29
5 13
10 2878
9 97
1 855
6 3441
3 597
2 1999
3 3
1 301
1 3
6 327
9 323
6 588
2 6752
11 26
92 156863
2 6773
2 2
20 3452
6 868
1 29
13 162
5 327
40 260
1 29
1 64
7 13618
4 2244
1 3
2 4
2 3
44 5519
3 1537
2 3
3 10
1 3
3 55
6 8
1 3
1 3
3 6
16 71
1 33
2 312
3 52
2 596
1 6
10 339
7 1821
16 3198
1 2
44 3529
3 58
2 304
2 3
6 93
3 31
2 289
3 315
3 18
3 3
2 3
1 8
6 7898
2 67
8 7456
4 1999
26 10517
6 4788
5 32
8 8
23 2254
2 20
1 3
2 354
7 378
36 3325
2 2
17 13618
1 3
15 2829
5 36
12 7461
4 8
267 58680
1 3
73 18094
6 1608
1 40
6 2662
10 2878
6 13281
1 2
3 73
2 588
2 23
1 3
11 150
4 2142
1 288
146 11185
8 7456
1 5
2 2
6 126964
11 162
2 80
2 12
2 3
4 2244
12 6029
2 3
18 334
2 326
2 297
2 3
3 312
17 63
1 15
1 4
33 55273
2 297
4 2244
2 2
2 3
2 2
8 36
6 5168
9 1293
2 13
1 2
66 12234
2 6773
1 5
8 2362
2 290
1 3
1 2
2 2
1 29
2 590
4 360
1 6
2 4
1 3
2 3
1 3
5 13
7 329
1 21
2 1709
7 1610
1 2762
8 36
7 4672
3 1610
5 1703
1 5
198 54365
2 290
1 5
5 154
4 51
11 28
1 3
4 2244
3 312
2 18
1 39
2 3
1 3
1 76
54 3531
38 14434
6 13262
7 93
1 3
4 3994
1 3
3 3
2 9
2 2
4 8
1 855
35 1029
1 44
1 297
1 3
2 15
4 32978
3 10
2 354
2 13
25 2251
2 3
2 6773
9 12677
1 3
2 3
3 304
2 6
5 941
24 17655
3 1293
4 11
45 834390
1 9
29 9876
2 11
4 297
2 2
1 2
1 30
2 3
2 6
8 55
33 6312
2 2
1 1293
3 19
1 297
5 31
1 9
20 2251
7 93
1 3
1 3
5 301
8 145
2 1999
5 2029
26 4507
1 588
1 3
2 89
2 2
1 2074
3 22
1 2762
13 179
3 31
8 71
8 55
1 297
2 4
1 7
3 7
1 6
2 11
27 4506
6 4788
2 24
2 9
56 628954
7 903
13 90
2 23
2 15
2 3
1 9
110 2033
7 1360
6 13273
4 11
1 12
2 12
2 89
1 24
9 1039
5 360
3 3
2 33
6 13273
1 8
1 6
7 929
3 2231
1 5
1 2074
10 3452
20 6795
3 52
3 3
2 288
22 4711
1 304
3 596
5 2552
4 304
2 14
4 32
1 3
3 10
131 10474
6 93
1 3
5 114
3 31
150 39833
3 7
38 1853
4 304
1 13
2 2
5 156
5 23
6 13271
42 3529
2 10
1 7
2 10
3 52
2 22
2 2
2 3
1 304
4 588
1 3
17 323
2 2
1 3
6 473
5 301
3 144
53 33033
3 354
2 10
1 301
22 20727
2 1768
3 3
3 354
2 3
1 21
8 4787
7 134
3 4
5 22
45 261
36 1853
5 183
1 3
2 588
6 6
1 588
10 3675
3 22
1 3
2 3
1 3
1 3
1 5
1 855
11 162
2 6
1 269
2 3
5 32
3 10
4 32
9 66
1 588
1 855
5 581
2 3
4 297
8 167
2 89
15 2829
8 1857
17 95
17 8727
7 144
2 14
2 10
2 1528
9 1769
9 6143
1 5
167 54360
35 747
3 14
2 89
2 60548
2 2
7 34
2 2
40 12676
2 9
5 7
7 13618
6 4591
3 5
15 2829
35 633
18 8727
4 20
6 10849
8 9797
6 13291
16 3719
7 2878
80 36897
39 12676
267 58680
3 1999
8 3075
8 17
8 1449
1 29
4 15
3 5
2 3
14 673
70 5158
1 5
2 6
5 6
59 9605
45 834390
2 3
3 290
5 8179
8 28
2 11
5 1604
8 2552
1 2
1 27
1 15
5 15
11 398
2 588
5 35
1 3
1 29
54 7902
6 4788
1 3
17 95
4 8
4 32
4 32
3 4
15 249
1 288
2 304
7 329
4 1602
7 1610
7 4962
5 56
11 162
1 289
6 868
1 3
39 259
8 9797
4 297
12 89
1 7
2 3
3 3
1 6
2 288
2 289
2 4
1 297
2 288
5 32
14 90
4 11
7 378
2 89
7 35
2 2
8 3431
2 588
5 8179
2 44
1 949
3 3
7 93
15 700
2 18
6 32
3 5
5 3488
16 3198
1 588
9 89
2 3
4 32
9 121934
7 93
3 10
267 58680
7 327
2 1768
1 1999
28 56855
2 4
24 19393
5 6752
7 329
7 3500
22 20727
131 10474
1 11
12 95
2 3
8 4698
8 31
2 89
1 64
1 29
1 6
1 3
5 22
5 581
2 9
2 5
5 941
1 3
8 36
5 31
2 304
20 6795
2 2
2 2762
3 295
2 304
17 8727
2 2
6 13271
1 3
2 6
12 5904
10 135489
6 588
7 34
2 22
4 6
2 296
2 20
2 1768
12 1769
4 27
6 603
4 51
2 2
273 65222
7 378
2 588
3 22
1 3
1 21
2 2
5 581
1 5
2 2
1 26
2 304
5 2552
1 287
4 32
4 11
57 834390
2 22
12 12937
6 478
3 304
3 30
2 3
1 5
6 13283
2 18
1 3
1 5
1 3
17 95
1 588
1 297
6 14066
7 929
2 23
1 35
6 473
23 2254
2 2
5 2080
198 54365
1 297
24 2819
7 52
17 95
1 6
3 10
17 1894
1 588
13 33
2 289
16 18317
2 18
2 6
41 3529
3 112
1 588
14 673
45 834390
2 3
26 1853
2 2065
2 2
5 32
395 31893
3 10
1 2
1 1999
25 2251
2 14
2 17
2 89
3 3
2 89
13 1610
131 10474
1 3
2 2
6 13261
2 3
2 588
6 13283
2 2
57 834390
3 10
1 5
1 5
5 31
54 15542
1 2
11 1610
5 195
3 287
7 2878
2 2
12 12937
2 5
2 4
3 3
4 6841
1 35
2 3
2 3
1 588
1 3
3 10
3 7
9 5456
7 6841
45 6134
23 3484
3 12
2 18
74 13386
4 2244
6 10869
9 636
6 473
1 6
1 64
4 10
1 2
1 12
33 6312
1 2
267 58670
24 2819
12 12937
1 3
2 5
2 2
3 9
5 301
9 56
2 3
6 12
5 23
1 5
1 5
13 14218
2 11
6 10849
3 4708
8 7461
4 8
2 5
2 2
2 290
1 14
2 326
3 3
44 3529
1 6
1 5
1 2
6 327
1 29
6 2030
1 2
1 64
4 11
3 10
2 1769
2 10
2 588
7 8634
5 941
1 3
1 2
3 89
3 4
3 290
9 1039
4 2244
3 315
10 2878
1 3
1 588
2 23
2 14
2 18
5 31
1 3
1 7
27 9911
1 5
1 9
13 14218
2 289
1 7
1 3
2 2
3 6
3 7
2 296
2 588
4 3488
23 19967
2 312
5 7
3 14
1 15
2 588
3 35
2 67
29 13618
1 15
4 13
8 36
2 2
153 20146
13 105
88 4546
8 1857
2 595
2 2762
2 588
2 12
1 588
70 17878
3 8
53 146346
1 7
25 2251
2 2
2 3
1 22
6 6
5 301
20 6795
4 11
8 9797
3 354
2 3
4 31
1 301
3 290
1 3
2 10
14 2819
2 588
3 7
1 3
16 1760
3 15
2 8
6 327
1 2
9 12677
23 2254
1 949
3 297
4 3994
10 144
2 3
8 608
42 3529
6 327
3 354
1 2
2 304
2 275
2 2
2 2
1 29
10 1166
1 33
2 1528
8 120427
3 21
7 329
2 2
2 2
1 588
24 19393
33 630
2 2762
4 54
6 327
6 581
1 12
2 12
5 1742
2 11
2 1999
3 2077
3 10
8 1857
1 949
2 588
2 89
3 19
7 34
2 10
3 10
45 834390
6 93
6 126964
15 4006
15 249
4 6
2 288
7 1172
2 588
1 3
3 10
4 21
1 326
4 12
5 32
8 2755
6 327
73 18094
2 2
1 301
1 3
22 4711
3 3
17 6795
1 3
2 3
5 312
13 39
1 2
53 146346
1 3
26 4497
12 39
49 20580
2 9
3 4
1 287
8 1449
1 3
1 4
1 4
1 2
3 581
1 11
1 20
3 3
5 19
2 5
5 7
2 588
4 54
134 51956
2 9690
1 3
2 22
2 588
36 3325
4 354
25 6029
1 7
13 162
3 31
5 8177
8 71
1 12
3 8
2 2
2 2
4 32
1 64
2 2
7 93
4 277
1 9
2 3
1 33
2 596
3 22
7 35
1 855
1 10
2 2
2 22
1 6
3 3
10 12678
5 2526
2 2
5 1703
4 11
59 9605
2 2065
4 21
3 6
24 19393
5 941
2 18
20 12580
5 581
3 3
2 288
1 1656
1 2
2 2
2 3416
3 10
10 1839
2 89
2 3
28 8861
5 1604
26 4507
23 633
1 3
1 5
3 30
5 327
1 64
1 2
1 297
1 3
5 1604
5 1039
3 2074
11 34
2 588
1 9
9 144
7 378
1 6
1 29
1 4
5 8177
3 304
5 941
2 3
1 885
3 581
16 26
3 327
1 297
1 3
2 326
1 29
56 628954
1 64
4 28
633 405873
1 7
1 3
7 93
20 2251
1 885
4 8
2 4
2 89
2 44
5 1703
167 54360
4 82
3 5613
6 473
1 11
198 54365
1 33
57 18428
5 1769
2 9
1 588
1 5
6 93
4 304
3 581
6 6
2 30
6 90
1 3
20 3452
6 473
7 52
3 312
18 10999
6 13263
8 1029
7 13
83 16399
2 588
5 31
4 304
1 5
2 937
2 15
45 834390
59 122329
5 32
1 588
42 3451
6 588
10 2878
12 2720
3 12
2 22
2 7
21 4497
36 17120
20 2251
3 52
4 41
4 949
8 3075
39 12676
1 297
4 304
140 51210
8 608
3 354
4 949
1 15
2 18
2 9
18 217041
2 588
12 12677
1 9
77 16399
2 3
2 1768
131 10474
5 31
1 6
10 1176
5 23
1 588
7 378
4 297
8 1449
6 588
1 3
1 15
57 18428
5 31
18 8727
1 64
2 6
5 31
25 6029
1 588
2 2
4 304
23 2254
3 144
2 2
3 354
1 5
3 65
1 588
3 10
5 31
6 13281
2 58
2 9
4 588
2 2
105 47853
1 6
45 3531
3 14
13 14218
1 5
8 3431
2 3
2 2074
1 3
7 9
4 46
7 54
2 588
2 18
146 25716
11 28
5 31
1 588
2 2
2 5
14 1839
59 9605
2 10
4 6841
3 144
2 304
2 588
2 12
2 2
3 14
54 7902
2 12
7 183
30 36841
4 4708
1 294
5 31
28 3482
2 290
2 2080
9 6143
6 33
12 2720
2 288
1 2
1 6
5 12
2 22
18 7185
1 2
6 327
3 581
17 6868
2 34
2 3
2 3
1 11
7 929
2 8
30 2858
7 327
3 883
2 9
2 1769
2 11
1 2
6 581
2 2
11 12937
7 378
2 4
1 22
1 3
4 91
2 15
1 269
3 2074
19 323
18 8727
5 301
18 8727
4 2074
1 287
1 288
1 3
12 13323
1 2
9 66
1 8
1 296
41 3529
2 15
1 5
2 2
2 5
2 4
4 2576
9 121934
2 2
45 834390
3 6
2 18
2 6
3 15
5 13
1 588
7 835
1 3
12 12937
2 289
9 2819
1 2
23 2254
102 29421
8 17
1 2
5 11
3 304
5 56
3 4708
5 6752
1 3
3 52
2 288
1 5
267 58670
1 297
591 21219
2 2
1 5
23 19967
6 473
3 4
29 9876
1 3
18 334
20 3452
7 34
35 2552
6 2662
6 4788
5 31
1 6
5 2080
4 10
4 11
2 3
28 8861
3 300
2 2
2 2
3 3
9 1039
1 25
5 327
20 6795
1 588
3 3
1 588
1 288
1 288
2 588
5 1039
22 20727
3 4708
62 11913
4 10
3 1769
2 288
2 2
1 6
5 31
2 588
1 2
1193 334107
79 79
4 51
267 58680
26 4507
92 29421
1 588
3 3
7 34
3 3
169 54365
8 2362
6 4789
22 20727
2 304
4 297
8 8
2 6
1 5
1 15
2 23
2 24
4 941
11 26
1 297
1 21
5 32
6 8
6 327
3 55
8 2237
3 7
2 11
13 14218
1 855
2 15
2 287
1 21
70 5158
3 3
1 3
6 493
3 868
41 1106
6 493
3 3
2 4
1 6
1 6
2 2
1 76
2 2
45 834390
29 13618
1 297
2 2762
2 2
1 3
8 1449
1 3
1 7
4 3994
13 39
6 93
30 36841
1 3
5 2080
2 289
2 297
5 32
4 5
6 10849
1 3
1 588
2 9
1 14
2 6773
2 294
1 3
146 11185
2 9
6 493
2 22
1193 334107
4 597
2 290
1 68
2 15
2 18
1 588
2 34
2 4
3 10
20 3452
30 36841
22 2819
24 40
1 9690
27 9911
10 3675
5 8179
10 1839
3 304
4 5
1 112
2 14
1 29
3 6
38 14434
29 647
2 3
3 6
1 2
1 6
3 5
7 1610
4 11
1 2
11 26
2 3416
3 66
2 2
2 2
42 3451
1 5
2 17
2 10
1 949
3 941
2 12
3 5
3 7
2 312
5 360
5 31
8 1449
15 4006
1193 334107
4 2244
13 413
22 4711
1 2
2 2
2 2
9 89
1 3
44 3054
1 3
4 51
4 134
2 1172
3 6
13 1610
6 249
13 14218
10 1839
6 32
6 8
155 20874
7 329
3 3
2 3
9 1547
22 37169
2 2
22 20727
6 93
3 1537
23 691
6 4788
2 3
27 6201
1 1999
12 6029
5 56
1 2
10 3675
1 5
14 18
1 3
2 2
25 9343
13 9789
4 3500
2 2
2 67
8 2257
2 588
6 32
7 3669
8 9797
2 3
8 1460
1 3
167 54360
2 23
13 1610
13 413
11 162
6 93
11 162
5 71
2 89
1 588
2 89
4 118
3 287
33 630
4 32
2 289
2 3
82 39050
6 3416
106 11062
3 10
10 1166
2 5
6 3416
1 112
10 1360
2 2
73 18094
6 473
1 10
32 2552
1 3
1 5
3 10
2 3
6 6
1 5
42 3529
3 11
2 28
10 1360
2 2
7 3074
3 312
1 29
10 1839
3 6
2 1537
2 3
2 4
267 58670
2 2
2 3
159 20874
3 72
2 58
2 65
9 73
3 35
1 13
8 9797
2 5
3 15
5 32
12 2720
2 24
1 8
5 36
5 12
2 3
8 1449
5 31
2 588
19 205582
3 8
19 634
44 260
1 2
2 2
2 2
3 73
5 9
3 14
11 27
2 6773
6 868
2 14
2 8
17 6868
5 1610
3 1537
3 868
12 1975
2 289
13 1610
6 327
8 4787
1 18
57 18428
2 2
1 35
53 33033
4 3994
2 2
31 82
6 473
2 3
10 1839
4 31
1 5
28 82958
1 29
59 9605
2 18
2 588
3 6
10 639
5 12
3 7
25 2251
1 5
4 59
10 2878
24 19393
3 12
2 1999
82 16391
6 2662
5 59
2 5
6 588
2 9
6 12
2 9690
12 1221
1 64
2 9
12 14435
5 45
10 12678
3 14
16 73
3 3
8 2237
2 304
2 24
2 588
2 2
2 3
9 1769
1 29
1 286
1 9
20 2251
3 33
136 44569
6 4782
39 12676
1 2
2 2
2 5
1 297
29 35971
1 33
16 3198
13 1610
3 1293
1 15
2 3
1 6
2 581
4 1537
2 5
154 29134
1 588
5 114
3 312
8 1857
312 76400
2 2
5 31
23 730
1 2074
7 4787
2 5
6 473
3 7
6 3416
29 647
591 21219
36 2858
1 5
2 6773
1 312
17 95
12 12678
1 5
2 2
2 294
85 39833
7 183
1 6
109 2026
111 162152
2 61
1 3
2 9
4 301
140 11062
13 105
3 315
30 2858
1 297
3 327
3 6
7 327
9 89
10 1360
10 2878
2 18
1 885
10 12678
1 21
5 941
2 3
10 144
1 288
102 29421
1 3
1 5
2 588
3 1537
3 7
1 3
70 5158
1 3
5 581
20 6795
1 3
6 93562
2 595
1 7
1 288
12 39
3 8
5 12
7 1610
5 22
1 12
4 5
7 3500
2 1768
2 588
100 162152
2 80
1 5
8 7456
2 290
2 2
3 3
8 36
4 3488
2 9
2 15
2 2
6 327
3 941
2 12
1 3
2 5
10 144
2 3
2 3
12 89
2 34
1 7
2 2
2 2
7 4787
3 22
1 3
2 6
17 13618
41 3529
5 1703
2 297
27 9911
1 21
1 2
8 2237
2 312
4 597
4 1537
1 2
2 2
6 3416
3 10
2 5
1 3
7 5168
2 300
2 2
1 588
3 99
5 23
2 597
2 4
2 2
4 5
2 1528
1 3
12 39
1 6
3 3
17 95
3 52
1 14
2 2
502 329473
1 59
8 608
3 144
2 3
1 3
1 3
35 633
2 8
1 5
1 3
39 12676
140 11062
2 288
1 297
9 2819
3 3
3 1769
2 14
4 5
32 10998
8 1857
81 17878
6 3730
2 30
2 5
2 588
9 2819
1 3
5 23
1 286
1 15
6 327
5 56
3 1610
2 3
2 2
2 3
2 5
1 12
1 6
2 588
2 2762
1 14
17 17436
32 2552
20 2819
2 588
32 2552
2 1805
1 3
2 58
45 834390
5 885
2 288
1 12
3 303
6 2829
9 12677
7 4458
2 294
1 5
2 296
2 2
167 54360
3 8
2 304
1 6
2 3
7 13618
42 3529
6 3416
2 2872
7 4787
1 288
2 304
2 221
47 4103
16 3198
1 588
5 581
2 289
262 48175
1 288
42 3529
4 301
4 2074
5 31
26 2819
2 3
2 54
2 3
2 309
2 2762
1 6
7 9
3 12
2 304
1 588
6 6
8 1449
4 3994
2 1172
4 3994
19 1760
2 12
1 6
4 7
2 2
2 2081
26 10517
2 2
6 32
6 10
9 636
2 588
9 144
2 288
27 6201
1 5
8 3075
7 4830
8 3431
5 31
20 3452
5 301
1 2
2 2
2 89
1 6
6 473
3 72
2 2
3 3
1193 334107
57 18428
2 290
1 3
2 3
25 1282
1 6
3 303
4 8
3 3
16 3719
10 1360
3 9
2 288
2 136
10 14797
2 12
2 3
2 588
8 327
2 5
1 5
13 14218
2 15
2 3
1 3
1 269
22 37169
2 2
3 72
29 9857
3 8
7 34
67 707426
54 7902
4 11924
3 3
1 3
20 2251
2 18
3 304
312 76400
1 949
1 15
2 3
33 6312
30 36841
3 14
1 2
1 301
1 3
3 2584
2 10
4 31
11 14813
7 929
3 300
10 1839
3 581
1 2
46 3000
4 304
1 7
9 6143
2 12
1 58
16 73
5 588
3 15
2 67
4 1537
6 32
1 2
7 70
1 303
3 312
3 10
2 354
2 2
8 30
3 174
36 12676
1 35
3 5
2 2
1 312
2 2065
6 19
1 297
4 2244
1 6
12 12678
55 4711
2 10
3 3
1 29
45 6134
6 327
157 32586
22 1515
10 1360
4 2244
2 1999
2 885
8 7456
32 2552
1 297
2 2
1 6
1 949
1193 334107
12 8879
4 595
2 20
2 2
33 630
1 3
33 6312
3 288
1 6
2 297
22 20727
42 3451
1 5
1 269
6 10869
2 2
146 11185
8 2237
1 288
8 3075
9 1764
9 121934
7 52
2 15
3 320
2 7
4 11
8 327
4 4672
4 327
2 289
150 39833
5 11
55 836128
110 2033
41 3529
33 6312
2 1528
8 17
3 6
1 2
3 15
9 73
2 2
2 285
6 13291
3 16
5 156
4 3488
9 6143
1 8
17 95
2 5
3 290
5 1039
1 3
8 9797
3 5
1 2
1 2
1 297
111 33902
9 1039
1 3
2 2
2 89
1 5
3 581
13 14218
42 3451
2 941
2 1805
3 6
1 3
3 22
2 303
3 4
2 2
12 1306
2 2
1 6
10 1360
4 312
1 2
1 6
2 18
6 588
36 20580
104 24939
2 3
2 2
1 1767
3 304
34 29625
3 1293
8 53
6 327
1 39
6 588
28 82958
53 146346
4 1537
6 13261
8 36
99 44569
1 64
2 1769
1 3
6 318
2 588
25 3325
1 297
1 287
2 3
1 2
3 5
2 304
1 10
6 327
1 2
1 2
6 32
1 588
1 2
4 304
38 14434
4 2244
2 1999
2 289
1 3
1 72
1 2
2 2
2 2
2 150
1 5
2 23
1 5
9 6143
57 834390
6 93
6 12
1 2
9 1039
5 46
3 3
3 2230
6 2662
1 5
2 288
2 2
1 15
53 146346
3 3
12 12937
1 2
2 5
1 12
17 13718
2 14
2 15
2 17
3 40
11 9789
2 580
1 3
19 14812
8 36
2 289
3 16
2 2
18 10999
2 2
1 6
10 34
12 2720
1 11
1 949
2 2
25 6029
4 301
1 286
4 1537
85 39833
13 105
1 286
4 304
2 15
2 4
1 5
2 3
2 3
1 2
14 16
4 1537
6 8
15 2829
32 2552
24 17655
2 3
2 297
1 287
106 11062
5 301
2 288
2 4
2 588
4 82
3 3
1 2
3 3
12 204
2 588
3 31
26 10517
2 3
1 7
12 204
19 205582
4 11
6 13273
32 9902
3 10
15 4006
6 4788
3 6
2 2
1 3
2 2
4 3517
11 26
3 31
2 9
8 31
3 3
3 12
56 28806
9 1039
2 2
6 10849
3 6
2 23
2 289
4 82
2 23
38 14434
5 31
2 3
1 297
3 2077
7 378
2 5
1 3
167 362059
16 3196
6 8
6 93562
2 15
312 76400
2 15
1 59
1 80
26 10517
2 9
6 93562
13 1610
2 89
1 29
1 3
5 581
1 8
26 4497
146 11185
6 10849
10 133968
2 2
7 473
2 12
10 12677
1 5
5 23
1 3
9 73
2 12
25 1282
11 162
3 16
5 31
3 40
8 2237
3 7
2 2
3 8
5 15
13 14218
4 1999
2 3
2 20
1 588
2 5
2 3
13 9789
1 72
3 297
1 22
4 11
3 941
10 1839
30 2858
6 327
10 1449
6 10869
2 588
1 4
198 54365
1 3
1 3
12 1769
1 8
3 6
1 2
4 949
2 2
2 5
1 588
7 329
30 19393
32 2552
3 4
1 2
2 289
7 4962
5 31
1 6
2 3
2 2
3 1537
3 8
26 10517
1 296
6 93
1 15
1 6
4 52
3 22
2 3
20 323
7 929
15 4006
2 289
22 2819
24 2819
99 44569
1 2
3 14
2 2
47 9605
1 588
2 597
4 32
4 304
1 2
1 2
3 10
2 1999
1 76
1 2
2 2074
1 71
3 3
8 31
10 2878
2 22
1 33
1 59
1 15
3 8
8 327
2 188
1 5
2 10
2 2
2 6
1 2
1 3
22 20727
5 1293
2 44
5 327
1 9
3 290
16 21513
5 24
3 3
70 17245
2 949
10 1166
2 354
6 34
15 11913
1 5
9 73
3 3
3 868
32 82958
4 11
1 68
1 35
1 588
1 29
9 121934
22 20727
1 15
1 3
5 45
1 22
1 297
1 72
2 11
157 32586
1 27
17 6795
2 275
9 1547
3 10
2 3
18 202244
78 17860
3 320
18 8727
1 287
3 12
3 3
45 834390
3 581
5 303
66 59187
26 4497
1 3
4 304
1 15
10 1839
7 2720
44 3529
1 6
3 290
3 8
4 6
3 288
1 288
2 4
7 52
3 6
1 29
1 3
1 3
2 13
2 2
2 2
105 47853
3 5
2 2
1 7
13 1610
1 949
9 1769
27 9911
2 323
2 4
17 13618
10 135489
1 3
9 12677
1 288
170 43060
2 304
32 5863
1 40
3 6
27 2251
1 588
52 16332
8 608
8 2237
3 3
1 269
5 1769
1 5
1 5
4 5
4 45
23 691
11 7461
6 1537
2 289
2 2
22 37169
10 144
3 66
31 82
3 312
2 15
7 167
78 17860
7 34
1 15
2 588
1 3
6 79
10 1360
1 64
4 595
2 309
8 3075
1 588
6 473
9 2244
3 14
1 4
3 4
11 162
4 3500
4 11
2 10
1 15
2 15
2 3
1 12
1 29
1 288
2 11
2 22
12 6143
3 949
1 21
2 15
10 2237
3 288
1 2
3 8
2 588
6 10849
3 31
1 2
2 9
105 47853
2 6773
4 31
3 1537
1 2762
3 15
8 126964
6 473
4 28
1 14
11 28
2 6
2 4
2 2
1 6
55 5340
5 71
2 89
110 2033
6 327
88 4546
1 949
13 14218
2 3
6 13271
1 3
3 22
38 14434
4 2074
6 4782
4 327
3 10
4 6
59 9605
7 34
5 360
2 36
3 297
146 25716
198 54365
6 32
26 3452
1 2
6 473
3 2584
3 3
25 6029
20 6795
2 288
3 22
1 15
4 54
2 67
2 15
2 588
3 15
6 6
2 2
2 17
3 21
25 1282
2 2
9 1039
7 3452
9 89
4 10
5 31
2 3
3 304
2 304
1 6
14 16
2 3
56 4711
12 673
2 24
13 14218
7 13
1 26
1 14
17 6868
1 5
17 95
3 289
2 10
1 2
1 5
1 39
9 1039
9 97
3 1769
4 32
4 82
2 34
6 4880
2 3
2 20
2 3
6 4788
2 304
