6 22
3 14
9 29
4 8
144 3451
3 304
16 82
13 310
4 2065
5 10
4 30
54 2237
7 295
27 13291
19 91
16 90
5 8
3 6
15 323
1 12
28 3075
347 3675
2 3
4 4
2 2
33 335
3 3
18 2526
13 588
1 48
11 21
2 2
3 6
2 64
186 5312
8 297
4 6
13 28
1 2
3 3
27 10869
1 5
66 6795
6 22
2 3
30 1360
92 12937
6 14
9 2074
8 8
24 33311
108 14806
2 2
16 29
11 835
5 10
41 9797
1 5
3 3
329 3529
4 304
5 10
10 300
3 13
8 581
5 13
3 3
2 2
28 249
3 6
66 6795
4 89
3678 106483
3 3
6 588
4 52
48 398
4 7
2 2
594 162180
8 360
9 13
55 4962
16 82
51 3488
142 1567
5 13
4 10
16 23
4 52
2 2
4 52
8 10
25 941
24 4708
8 11
11 12
3 3
5 5
2 4
6 15
3 3
304 2819
3 3
4 55
3 3
22 93
649 4711
495 5156
4 588
2 2
1 15
3 18
1 269
4 11
35 95
4 877
2 2
3 3
8 15
16 29
1059 11062
3 3
5 8
3 3
13 34
3 3
4 10
12 31
3 304
10 588
5 17
37 9789
4 297
2 9
291 9907
8 12
9 2078
3 3
87 3452
31 2878
5 13
1 2
7 10
3 89
2 2
4 6
8 581
3 3
8 313
2 2
10 588
3 89
936 11913
2 4
8 8
7 11
9 29
4 588
11 329
3 3
4 11
6 41
200 14428
5 2077
3 5
1 11
12 32
35 95
3 5
53 8727
3 24
2 9
8 13
561 146400
2 3
80 3220
4 26
87 3452
5 1742
6 2074
1 5
6 20
1 7
141 14429
8 8
12 31
75 3415
142 378
88 6771
16 1857
11 32
48 722
16 26
8 15
1 6
7 596
7 105
3 3
4 7
31 6143
28 1558
297 1029
21 4591
1 3
11 12
3 3
85 8861
12 885
6 304
9 12
3 3
142 378
41 134066
24 478
5 13
20 334
64 2829
5 10
3 13
6 597
9 31
6 28
3 3
17 82
3 5
4 297
3 35
66 205998
65 127012
3 9
6 6
697 39050
6 21
6 14
3 3
66 6795
1 5
6 22
11 32
301 2819
218 18424
2 588
11 32
12 885
6 6
77 8875
220 56859
1 949
194 17115
7 596
3 3
499 36841
22 93
6 161
83 12573
298 2819
2 7
17 39
985 8430
5 300
2 2
50 722
10 31
200 12669
15 323
17 59
12 56
6 941
2 2
2 2
57 3087
4 89
13 310
12 2584
12 31
1 76
27 13293
10 277
8 54
27 13271
1 286
1 3
42 183
2 3
3 3
87 3452
8 581
22 144
10 300
9 31
2 2
6 1769
1285 80929
3 3
2 8
16 316
3 8
2 2
232 6029
19 35
3 8
2 2
2 3
2 10
3 8
48 6837
21 9789
25 1293
3 3
3 7
305 29611
5 8
200 14428
2 2
6 588
3 27
1964 76573
3 3
11 329
6 2000
8 581
1 287
29 2243
7 596
29 2243
5 10
27 473
4 304
2 2
2 2
2 9
1533 42975
2 2
3 288
9 310
57 127012
697 39050
299 2819
2 2
46 162
165 691
73 7461
15 29
685 3529
16 29
12 290
3 3
2 2
17 3056
97 6795
2 2
3 13
1 588
57 167
5 300
3 8
3 3
11 13
399 4528
9 29
4 9
9 8179
1 6
3 3
3 3
32 2878
3 288
36 228
1 2
25 2762
6 58
6 40
206 19393
3 1999
10 32
200 14428
3 3
6 588
1 855
320 1760
173 3179
5 11
2845 62970
121 3534
12 32
1750 834464
4 22
2 3
3 3
2 1996
130 10995
3 3
3 6
11 12
16 1857
48 82
6 588
3 13
4 52
4 289
62 1547
5 7
3 3
3 33
3 15
5 10
2 588
5 12
1 5
4 7
165 691
5 8
3 5
3 3
142 378
16 1857
3 3
5 5
4 304
1 8
25 1769
1 69
16 1537
8 2074
144 12573
3 12
31 5613
8 14
5 6
160 262
1064 6134
3 3
6 68
17 39
2 2
3 5
49 4672
4 30
154 260
11 12
799 54349
85 8861
2 2
2 2
5 13
29 1839
169 6029
391 28792
4 6
4 6
9 868
23 2552
3 3
4 89
2 5
6 41
4 10
3 290
25 3074
2 275
3 3
117 12670
6 58
9 10
33 35
2 2
6 3994
10738 334047
6 7
32 97
1750 834464
516 25702
2 2
26 5168
163 262
1 25
3 3
1 303
14 1769
40 3415
3 3
15 941
3 6
185 122758
2 859
291 9907
6 29
2 5
2 2
66 205998
2 5
1 2
2 2
1 3
3 3
4 588
6 7
7 301
3 3
33 925
3 3
155 261
3 6
33 6433
9 310
345 19960
4 289
3 15
44 6771
2 20
4 588
194 17115
11 329
1 288
6 6
3 3
594 162180
433 1853
4 72
3 3
6 17
3 3
273 1282
1 6
2 6
5 1999
18 18
2 2
17 39
2 2
15 93
2 2
5475 58680
10 80
22 4672
45 2878
16 29
82 6312
15 89
5 10
2 2
6 21
5 39
212 20569
124 3452
6 35
3 3
44 3669
6 588
8 581
27 473
5 6
4 1999
2 588
9 31
2 2
3 3
3 3
11 32
1 3
3 3
15 134
7 91
174 17654
6 68
126 6771
16 29
9 12
27 13271
1 5
11 32
29 1839
117 12670
5471 58670
30 6143
48 82
3 3
4 289
7 35
11 31
16 51
21 4651
8 14
3 3
4 20
1 3
12 885
17 1449
70 1285
208 15470
29 1839
4 4
5 13
5 6
2 2
1 883
2 52
2 3
3 5
5 5
3 8
2 303
3 3
3 6
144 12573
1902 834464
4 6
21 1769
1 6
6 11
212 19393
7 11
2 2
4 2065
3 3
67 2254
2 2
28 1360
3 3
6 588
19 91
6 34
503 146400
16 51
5 13
32 34
27 13283
11 300
57 4694
16 29
7 304
81 7461
4 4
3 3
13 13
13 588
4 11
1 5
80 3220
64 2829
2 6
329 3529
137 628
46 162
1 5
22 144
5 5
2 2
232 6029
1 2
2 5
21 4708
2 2
41 134066
17 3056
11 588
79 3198
9 2074
1 949
7 11
665 24303
5 5
4 89
7 12
98 12937
6 6
2 2
301 2819
15 323
2 2
5 13
17 1537
3 26
1 2
2 2
15 323
3 54
1 12
4 6
2 2
6 12
12 32
14 327
15 323
4 304
2 136
11 1703
1 6
4 10
2 5
1 58
1718 32586
64 2251
1964 76573
8 2074
3 9
676 24319
17 93
29 1610
123 2552
16 1857
6 14
17 93
11 2074
173 3179
9 31
3 3
6 29
27 10849
4 72
1 5
30 1360
1 3
6 304
4 13
253 2041
2 2
1 80
3 3
1 855
3 3
3 18
2 150
486 4711
38 150
3 14
7 595
22 4672
4 288
73 7461
45 2878
690 11913
87 3452
1 58
9 10
4 938
1 3
3 4
729 36897
69 9689
7 25
123 2552
3 3
14 36
62 4783
4 297
27 13283
550 9876
4 5
293 2819
4 6
232 6029
15 323
27 13291
16 29
3 3
165 691
107 202650
3 3
14 588
11 31
3 297
320 1760
2 3
3 6
4 304
16 323
1 12
64 2829
11 80
6 11
3 6
2 5
3 288
3 6
8 581
6 7
2 6
9 868
7 25
53 167
148 20727
2 3
31 2246
17 1449
2 2
18 1769
3 304
1 2
5 8
99 4507
4 588
4 6
5471 58670
11 2074
3 288
3 13
3 5
6 588
4 5
1 34
15 885
8 8
4 288
13 310
1 3
28 34
10 588
9 12
399 4528
16 156
5 13
3 891
117 12670
9 31
4 10
253 2041
10 118
53 8727
1 2
3 3
1 59
4 14
15 93
5 5
12 56
668 80595
11 32
15 93
7 12
254 82936
6 949
6 24
22 93
1 2
2 2
2 2
5 7
3 1999
3 3
6 7
5 8
60 3719
5 5
2 2
665 24303
123 2552
2 288
657 17878
27 13273
57 167
13 34
92 12937
2 2
2 2
14 96
4 1999
2 3
64 2251
3 3
72 1769
3 4
13 588
5 11924
45 2878
200 14428
41 9797
3 3
3 5
1 5
4 289
59 1894
3 3
64 2829
186 13390
65 2552
6 304
2 12
6 7
5 7
5 941
3 3
6 588
5 10
3 8
6 22
263 16387
12 885
13 28
1 588
10 2074
4 297
3 3
293 2819
3 3
17 3056
117 12670
6 58
1 2
5 67
1 3
134 12671
280 9601
4 304
7 304
5 9
1 286
8 8
3 288
657 17878
44 6771
8 581
14 603
3 3
69 9689
17 323
12 56
6 22
77 5092
16 1857
2 2
3 3
2 5
1 64
3 3
3821 102074
5 1999
48 6837
4 10
6 304
51 3488
1 5
15 93
1059 11062
11 323
291 9907
6 24
2 2
3 17
53 167
18 144
17 26
45 1039
12 290
48 1306
2 3
1 2
1902 834464
4 4
4 304
7 301
3 18
27 10849
19 2829
19 1768
1 5
4 297
1750 834464
3 3
134 12670
11 588
188 6201
22 93
24 2080
5 12
799 54349
317 19404
6 7
2 2
6 7
1755 20874
9 868
174 17654
4 4
6 68
41 9797
2 8
8 580
29 1360
40 3415
30 73
62 8872
1 5
3 288
1 6
141 12671
5 9
2 2
5 58
2 12
82 55393
27 473
97 6795
1 588
11 588
7 596
9 31
2 5
27 473
4 354
2 288
23 4880
697 39050
3 3
7 304
2 2
3 3
29 1360
200 12669
35 95
99 4507
2 2
279 9907
27 473
2 2
35 95
2 2
22 144
3 13
31 696
57 127012
2 21
2 3
11 32
2 2
261 9601
2 588
1 2
6 17
1 855
53 8727
4 4
3 13
9 31
1 5
2 9
3 6
3 72
3 3
13 588
5 5
3 3
1 5
27 473
11 32
299 2819
107 217447
97 6795
9 868
3 26
56 7461
8 64
5471 58670
59 1894
1 64
154 260
1556 20704
9 2257
2 2
11 598
6 10
19 19
3 5
19 608
3 3
3 3
13 224
218 18424
3 3
3 89
8 581
3 3
4 11
5 11
12 1180
4 297
169 20727
17 1449
4 4
6 15
3 3
456 2930
16 1769
13 13
4 289
13 34
10 2662
4 304
5 5
33 1610
2 3
9 12
4 89
159 261
15 3442
2 5
16 323
3 3
5 8
22 144
16 26
3 13
6 7
53 3488
62 1547
1 9
5 10
4 297
88 6771
6 7
2 2
5 8
3 288
45 2878
59 2244
279 9907
3 304
273 1282
34 9789
27 493
4 4
3 3
3 5
3 18
2 20
4 296
2 3
2 2
27 13273
4 4
1 4
22 93
2 2
2 5
3 6
3 5
121 3534
3 885
9 31
35 95
14 323
3 26
16 29
3 3
3 3
24 32
1 9
46 162
5 12
4 304
123 323
3 301
1 2
3 3
45 1039
3 6
99 4507
1 588
10 2662
6 7
1 287
2 2
27 10849
2 2
2 2
9 2257
11 7952
118 5113
8 16
1585 241040
1718 32586
3 3
3 3
9 8179
2 2
69 9689
29 5456
4 304
3 3
3 18
46 162
8 581
188 6201
573 4497
2 2
6 304
49 5904
4 289
3 290
244 17429
2 3
5 13
3 18
4 1007
2 3
64 2251
19 39
2 2
5 12
13 588
1137 10474
1 64
7 25
122 10996
9 387
685 3529
31 633
1 6
269 7898
16 1537
8 24
1 2
90 3220
200 17853
28 473
5 60
2 2
49 5904
433 1853
64 2829
4 304
5 9
24 2762
2 5
7 26
22 1168
4 55
3 12
3 6
2 1709
13 2686
6 7
6 304
5 67
8 7952
15 93
12 32
4 588
3 288
59 2244
3 288
6 588
1 2
4 6
30 73
299 2819
87 3452
4 11
8 8
2 2
3 3
4 33
3 3
4 8
503 146400
293 2819
2 14
12 2584
12 31
23 4708
1130 48212
8 360
6 14
11 31
30 9797
124 3452
11 323
15 36
7 595
12 31
2 24
2 2
5 10
10 22
17 59
5 5
5 8
121 3534
84 135679
17 1769
6 304
84 135679
5 2074
17 93
3 3
24 4708
1106 37169
11 12
4 289
14 36
7 7898
17 1449
64 2251
2 2
2 5
11 31
79 79
85 8861
4 14
2 3
22 144
4 4
23 170
3 3
1 2
7 596
3 18
3 3
2 2
9 31
4 588
173 3179
17 17
81 6752
2 2
4 72
3 3
38 150
17 1449
6 14
3 3
9 868
9 1537
3 3
4 52
2 2
3 3
7 596
14 22
4 11
8 8
16 156
3 3
3 4
28 1520
1 3
59 1894
6 6
6 588
11 1703
282 18503
121 3534
3 3
3 7045
516 11180
4 6
16 1857
6 15
92 12937
3 3
4 1999
3 288
6 304
31 95
13 310
2 2
22 1168
2 2
139 4410
11 329
10 32
11 1537
3 3
4 89
1 5
3 18
21 1769
27 13273
1 5
88 6771
6 11
6 304
3 3
29 1610
6 588
7 12
7 596
2 2
2 2
9 9
9 310
3 3
2 2
7 10
1 91
22 93
16 29
3 3
29 925
5 10
1 11
4 588
24 2080
3 9
1 5
7 33
171 13613
16 316
62 8872
24 1766
8 581
9 29
9 10
362 35971
141 14429
16 1857
3 3
576 4497
11 32
6 6
4 304
3 304
1 2
3 54
1 269
87 3452
3 72
10 23
16 156
2 5
58 4783
4 4
3 3
3 3
4 588
1 588
87 3452
4 2074
5 8
291 9907
13 588
3 3
3 3
2 2
13 310
155 261
1718 32586
1 64
184 5312
1 6
5037 407596
11 12
9 8179
5 5
3 3
4 10
1 3
1964 76573
28 1520
3 72
50 4785
5 6
5475 58680
3 12
3 18
3 9
3 3
3 3
9 13
27 10869
45 2878
3 3
32 97
1 855
5 10
6 597
3 1999
3 3
3 301
3 3
41 323
11 588
63 6752
16 26
630 156917
44 6771
10 32
87 3452
8 868
27 10849
16 29
46 162
3 3
15 323
2 2
1 64
171 13613
27 473
566 5519
9 31
3 9
16 1537
1 2
4 55
3 18
3 6
33 71
7 33
6 6
12 310
4 52
27 473
7 596
4 6
27 339
41 1839
79 3198
2 2
686 3529
6 58
6 304
7 8
2 3
8 313
4 18
3 3
3 3
3 3
2509 32119
2 8
7 7898
2 67
3 3
53 7456
4 10
5 1999
92 10517
62 4784
2 2
4 354
7 70
142 378
343 3325
11 31
3 3
189 13613
64 2829
81 7461
3 3
5475 58680
27 10849
229 18090
1683 65398
1 12
32 1608
6 40
10 2662
3 6
45 2878
15 73
2 588
16 23
38 150
7 2142
15 36
2 288
17 1449
53 7456
46 162
2 2
11 80
7 12
3 3
169 6029
2 3
22 334
4 326
5 297
64 2251
2 3
13 310
1 10
42 63
2 2
3 13
64 2251
4 4
82 55393
5 297
4 289
2 2
2 2
25 5168
4 20
5 10
39 1293
5 13
1 2
452 12232
44 6771
1 5
5 10
19 39
200 17853
16 2362
3 3
5 290
2 2
16 29
11 31
5 590
8 360
1 6
16 323
11 329
2 21
2 1709
3 3
33 1610
24 2762
22 4672
30 1610
3 3
5 8
11 1703
1 5
799 54349
3 290
16 323
10 32
15 154
16 51
13 310
1 39
1 76
121 3534
200 14428
70 13262
3 3
6 3994
5 8
3 3
2 9
3 288
1 855
297 1029
9 44
3 3
4 297
5 12
1 71
24 32978
5 9
4 354
10 13
12 31
44 6771
117 12670
3 304
3 3
5 6
15 941
16 323
174 17654
25 1293
5 11
2 2
1 9
512 9876
5 10
8 297
64 2251
2 2
15 36
5 26
3 6
9 55
82 6312
18 1293
6 15
1 71
4 297
1 9
1 12
3 12
7 301
2 2
20 145
3 1999
3 3
3 3
6 2029
2 588
3 3
9 89
2 2
5 7
3 3
4 2074
6 22
24 2762
17 179
21 71
9 55
4 297
3 3
2 4
3 3
17 1449
2 7
35 95
11 32
6 7
3 6
6 10
99 4506
62 4784
11 31
540 629188
14 903
16 23
5 13
3 3
5 9
30 1360
3 3
4 11
9 12
4 89
45 1039
9 360
9 31
27 473
3 3
3 9
3 3
7 33
1771 836202
3 8
3 6
28 925
26 2231
1 5
1 6
5 2074
61 3452
66 6795
4 52
3 3
67 2254
3 288
486 4711
6 304
5 596
154 260
22 2552
7 304
6 14
15 93
3 3
3 3
1137 10474
25 673
9 31
2 3
5 114
1150 39833
4 7
447 1853
7 304
1 13
3 3
16 156
22 1176
10 23
8 11
685 3529
10 34
3 3
1 5
6 10
4 52
6 22
34 34
2 2
6 304
9 588
1 3
15 310
65 323
2 3
7 301
18 144
525 33017
11 354
64 2251
251 2036
3 301
156 20727
6 1769
3 3
5 354
2 3
1771 836202
2 21
64 4783
21 134
4 4
9 31
14 22
315 1853
34 183
3 3
3 3
6 588
6 6
4 289
2 588
347 3675
6 22
3 3
2 3
1 855
46 162
4 6
1 269
4 289
27 13283
28 66
1 588
1 855
1750 834464
8 297
57 167
4 89
2 2
17 4017
64 2829
16 1857
3 3
6 19
47 8727
19 144
3 14
3 10
9 1528
5 10
21 1769
27 13281
10 32
30 6143
1 5
757 54344
16 323
2 2
178 747
8 12
4 89
4 60548
3 3
3 3
200 12669
2 9
6 7
171 13613
3 288
64 2829
67 2254
177 633
3 3
53 8727
6 20
3 3
41 9797
4 20
60 3719
31 2878
2 2
1 9
729 36897
207 12669
5475 58680
5 8
4 1999
28 3075
17 17
7 15
2 2
3 3
25 673
495 5156
2 5
27 13271
3 6
6 6
280 9601
15 36
10 32
12 290
9 8179
2 2
5 10
23 28
3 3
10 31
29 1604
23 2552
1 2
1 27
3 13
6 15
48 398
10 588
27 13293
16 35
3 3
16 29
269 7898
62 4784
2 3
16 323
4 4
9 31
15 36
3 3
99 4507
86 249
2 288
5 304
11 329
3 3
28 1602
33 1610
27 473
66 4962
7 56
46 162
9 31
5 289
4 10
8 868
1750 834464
3 3
41 9797
8 297
15 89
3 7
154 260
3 3
2 6
3 15
64 2251
3 288
1 10
3 297
4 288
16 90
5 11
139 378
9 89
2 2
48 3428
27 13271
6 588
9 8179
8 44
1 949
2 2
8 14
3 5
53 3488
79 3198
2 588
15 89
2 3
67 122024
5475 58680
14 327
19 1768
3 1999
220 56855
1 4
206 19393
81 6752
11 329
25 3500
156 20727
1137 10474
4 11
2 2
3 6
57 4694
19 31
4 89
1 64
5 8
6 29
14 22
3 3
6 9
3 3
5 5
2 2
5 941
4 10
516 11180
3 3
6 304
1 76
66 6795
26 2762
4 304
47 8727
1 3
516 25702
5 6
49 5904
84 135679
11 588
4 22
5 6
4 296
3 3
24 1768
18 1769
4 27
15 603
16 51
3 3
142 378
6 588
15 90
3 3
10 22
3 3
1 21
2 2
27 473
35 95
3 26
3 9
6 304
2 2
22 2552
3 3
1 287
5 11
3 3
3 3
9 22
92 12937
8 24
26 478
3 3
3 304
7 25
3 3
2 588
4 297
10 14066
27 13273
3 3
28 925
16 23
3 35
27 493
2 2
24 2080
6 28
799 54349
4 297
35 95
299 2819
160 262
9 52
64 2251
3 3
3 6
59 1894
2 588
2 2
2 213
76 18323
4 10
4 6
5 8
329 3529
2 5
11 112
2 588
10 32
3 3
289 1853
2 2
4 2065
3 12
15 36
2 2
516 25702
54 2237
1750 834464
2 2
3 1999
2 2
6 14
6 17
4 89
3 3
4 89
27 13293
4 4
9 31
29 1610
1137 10474
4 289
1 3
2 2
9 868
6 588
2 2
8 8
2 5
3 3
269 15534
27 1610
1750 834464
36 195
31 2878
17 1449
3 3
3 3
3 6
92 12937
3 5
2 4
3 3
48 6837
3 35
2 588
10 31
3 3
6 7
70 6837
1064 6134
17 1449
5 12
3 3
16 310
183 13382
19 636
2 24
2 2
2 64
9 10
12 32
27 473
12 12
82 6312
1 2
5471 58670
299 2819
92 12937
2 5
2 2
7 9
7 301
12 56
59 2244
7 12
10 23
96 14218
5 10
3 3
23 4708
56 7461
4 289
253 2041
6 24
2 5
1 5
3 290
4 14
4 326
4 288
3 3
3 3
686 3529
6 6
2 5
1 2
3 18
16 29
6 2030
2 2
1 64
6 10
5 9
25 1769
13 588
31 8634
4 8
6 941
3 3
11 32
5 10
3 79
2 2
4 89
27 13273
4 4
12 290
45 1039
3 5
8 313
13 10376
45 2878
6 10
1 588
16 23
4 14
7 7
291 9907
2 287
1 5
10 29
1 9
96 14218
4 7
1 3
253 2041
4 6
4 7
4 296
13 588
4 4
51 3488
1 24
345 19960
12 310
6 7
6 14
96 2852
3 13
15 93
6 588
6 35
27 473
5 67
6 19
208 13613
27 493
5 13
2 2
3 3
2 2
1703 20146
42 105
546 4546
16 1857
594 162180
7 595
26 2762
5 10
6 588
7 12
2 2
1 588
7 8
503 146400
4 7
8 581
2 2
1 22
6 6
7 301
66 6795
4 11
2 3
41 9797
5 354
19 39
2 301
12 290
326 2819
6 588
4 7
8 8
263 1760
5 15
5 8
35 95
1 2
1 5
117 12670
1 949
8 297
6 3994
4 20
3 3
22 144
3 3
19 608
685 3529
8 13
26 673
15 323
5 354
2 2
6 304
2 275
27 493
2 2
16 29
18 40
9 33
8 1528
93 120475
11 329
2 2
2 2
2 588
15 90
15 93
27 493
206 19393
137 628
16 323
3 3
26 2762
7 54
7 581
4 12
59 2244
5 1742
9 11
3 1999
5 2077
8 10
3 3
16 1857
1 949
6 588
3 19
1902 834464
16 323
2 2
657 17878
23 93
1 6
232 4006
86 249
1 12
59 2244
4 288
15 1172
6 588
8 10
17 1449
6 21
3 326
11 12
8 8
57 2755
13 469
12 31
35 95
229 18090
1750 834464
4 220
5 8
2 2
3 3
3 5
3 301
1 3
2 2
3 3
486 4711
3 3
97 6795
15 93
14 310
24 38
1 2
503 146400
8 581
573 4497
220 20569
5 10
3 3
4 4
3 3
8 8
8 581
4 11
2 20
3 3
1 5
6 15
2 5
7 7
4 588
11 32
7 54
1315 51956
69 9689
6 22
6 588
343 3325
5 354
232 6029
4 7
46 162
9 8177
21 71
12 12
1 64
27 13261
3 3
10 277
1 9
7 33
7 596
6 22
3 3
1 855
4 22
134 12671
18 2526
2 2
3 3
11 1703
6 10
2 3
280 9601
4 2065
6 21
54 2237
206 19393
15 941
144 12573
3 9
3 17
3 3
2 2
3 288
1 1656
2 2
40 3415
29 1839
4 89
2 3
4 4
85 8861
29 1604
159 633
5 10
10 26
14 323
1 64
1 12
4 297
29 1604
15 1039
8 2074
6 588
8 13
2 9
22 144
1 5
139 378
3 6
2 2
16 29
9 8177
3 304
9 13
15 941
2 3
1 885
28 473
8 581
1902 834464
19 26
15 323
4 297
2 2
4 326
540 629188
1 64
10 28
4 7
2 2
27 473
1 6
8 24
2 885
5 8
3 3
15 36
4 89
12 44
11 1703
757 54344
16 82
31 5613
4 11
799 54349
8 33
7 7
218 18424
26 1769
2 5
2 588
2 5
3 3
22 93
4 304
2 2
8 581
6 6
2 3
3 26
15 90
2 3
87 3452
3 3
9 52
13 310
122 10996
195 1029
3 3
11 13
266 16395
4 588
7 304
3 3
3 13
4 6
199 122329
1 588
144 3451
13 588
45 2878
57 2720
7 11
59 2244
11 22
3 7
2 2
576 4497
205 17115
4 52
6 41
4 949
34 35
28 3075
6 10
207 12669
4 297
7 304
11 31
476 51182
19 608
5 354
4 949
27 493
1 15
3 3
5 10
107 217447
5 588
131 12670
1 9
236 16395
3 3
24 1768
1137 10474
11 21
1 588
142 378
8 297
13 588
2 13
9 31
9 31
218 18424
3 3
53 8727
1 64
4 6
232 6029
2 588
7 304
18 144
11 354
2 5
3 65
2 588
6 58
2 9
9 588
2 2
646 47853
4 289
93 3534
6 14
96 14218
2 61
3 3
3 15
3 3
48 3428
3 3
11 2074
9 9
10 46
8 54
6 588
99 4507
35 95
3 3
13 34
2 588
2 2
59 2244
3 5
37 1839
280 9601
48 6837
18 144
4 304
6 588
3 9
59 2244
4 12
2 2
6 14
269 7898
5 12
9 31
36 183
2 2
499 36841
24 4708
8 581
3 294
1 6
119 3462
5 290
9 2080
30 6143
57 2720
3 288
2 2
7 12
4 22
405 7185
8 581
1 2
8 581
87 6864
2 34
54 2237
2 3
4 289
4 11
28 925
6 8
12 883
2 9
27 10869
8 11
25 1769
5 10
2 2
7 581
2 2
87 12937
142 378
2 4
1 22
14 91
5 13
1 269
8 2074
29 1839
123 323
53 8727
7 301
12 31
53 8727
6 2074
3 3
3 3
1 287
77 13323
2 2
15 90
28 66
3 8
4 296
7 17
329 3529
5 13
3 5
2 2
5 5
3 4
12 2576
67 122024
4 6
4 6
8 15
2 588
11 835
2 3
92 12937
4 289
293 2819
1 2
427 29413
64 2251
27 473
17 17
1 2
8 11
3 304
8 8
7 56
21 4708
81 6752
4 52
3 288
19 4304
4 5
5471 58670
4 297
3 3
4172 21141
345 19960
14 36
4 4
512 9876
20 334
87 3452
124 2552
10 2662
14 3147
63 4784
24 2080
5 11
3 15
85 8861
10 300
27 10849
3 3
45 1039
11 31
67 2254
14 323
66 6795
2 588
3 3
1 588
1 2
3 288
3 288
10 588
15 1039
27 10849
156 20727
21 4708
936 11913
2 2
14 1769
3 288
12 32
13 588
1 2
3 3
11255 334047
1 4
79 79
16 51
5475 58680
407 29413
2 588
3 3
3 18
3 3
761 54349
16 2362
59 4785
156 20727
4 304
8 297
6 24
4 6
1 5
3 13
16 23
4 10
12 941
16 26
4 297
3 3
1 5
2 21
11 32
3 3
16 3730
9 868
4 4
5 10
4 55
3 7
5 10
96 14218
1 855
3 13
2 287
3 3
2 21
3 6
495 5156
3 3
289 1106
3 3
3 4
3 3
2 2
1 6
3 6
208 13613
4 297
26 2762
2 2
3 3
4 7
2 2
6 3994
22 93
499 36841
24 2080
1902 834464
5 297
4 289
594 162180
2 588
6 9
4941 405878
4 14
44 6771
5 294
8 9
516 25702
4 22
11255 334047
15 597
5 290
1 80
3 13
1 588
2 34
8 10
87 3452
499 36841
35 95
6 71
301 2819
5 7
40 40
70 9689
291 9907
347 3675
2 2
5 14
9 8179
3 5
29 1839
3 304
1 3
4 5
8 112
4 14
6 29
5 6
200 14428
139 643
2 2
5 10
2 3
1 2
5 8
33 1610
6 10
2 2
16 26
40 3415
3 66
144 3451
1 949
24 941
5 12
3 5
7 311
9 360
4 20
3 36
232 4006
11255 334047
34 413
486 4711
15 89
1 3
340 3054
17 39
2 2
18 58
16 51
14 134
15 1172
4 8
4 6
29 1610
200 17853
48 249
96 14218
3 3
29 1839
1414 20874
11 329
3 3
62 1547
1042 37169
156 20727
17 93
4 4
10 1537
3 3
165 691
62 4784
188 6201
3 1999
1902 834464
169 6029
7 56
2 2
347 3675
1 5
18 18
165 9339
37 9789
9 3500
2 2
5 67
9 2257
11 32
4 289
9 588
44 3669
31 9797
1 6
18 1460
757 54344
16 23
29 1610
34 413
2 2
46 162
22 93
46 162
4 89
2 588
12 31
4 89
10 118
137 628
13 28
3 3
697 39050
40 3415
1117 11062
2 2
5 5
40 3415
8 112
29 1360
10 10
229 18090
4 10
13 34
123 2552
4 10
4 20
3 3
3 5
516 11180
6 6
1 5
685 3529
6 28
29 1360
2 2
25 3074
13 310
16 29
30 1839
3 6
15 1537
2 2
5471 58670
2 2
3 3
1755 20874
4 72
5 65
30 73
6 35
1 13
41 9797
3 5
8 15
57 2720
3 8
10 12
3 3
12 31
6 588
66 205998
1 2
10 73
5 9
6 14
44 6771
8 868
6 14
3 8
87 6864
32 1610
16 1537
33 634
40 1975
29 1610
3 3
15 323
64 4783
8 16
218 18424
3 35
525 33017
6 3994
13 34
3 18
48 82
29 1839
2 2
1 5
3 15
1750 834464
244 82936
280 9601
27 10849
2 2
4 18
6 588
32 633
10 12
4 7
3 3
16 59
45 2878
206 19393
5 12
8 13
3 1999
3 3
263 16387
10 2662
17 1449
17 59
2 5
11 588
8 9
7 12
69 9689
2 2
129 1221
1 64
141 14429
10 45
134 12671
6 14
34 73
54 2237
4 304
16 16
6 588
21 1769
1 286
1 9
3 33
3 3
1231 44569
3 175
13 28
47 4778
207 12669
2 2
2 5
2 2
4 297
362 35971
7 33
79 3198
29 1610
25 1293
3 13
15 1537
2 5
1758 29134
1 588
5 114
13 310
16 1857
9 31
2 2
3 18
4 2074
58 4783
2 5
6 7
40 3415
139 643
4172 21141
100 2852
1 5
44 6771
4 288
9 310
141 12671
2 5
2 2
5 294
1103 39833
36 183
3 6
618 162180
2 2
2 3
16 310
6 301
2 2
1059 11062
42 105
8 313
2 2
4 297
15 323
516 11180
4 6
15 323
15 89
15 93
11 31
3 3
29 1360
45 2878
2 885
134 12671
2 21
15 941
22 144
3 288
427 29413
15 36
12 32
3 5
3 3
6 588
3 3
16 1537
17 1449
6 7
495 5156
5 7
1 3
66 6795
2 3
5 8
16 93522
7 595
4 7
2 288
7 12
6 303
33 1610
14 22
2 3
16 323
4 5
2 2
25 3500
24 1768
5 5
13 588
11 80
3 5
4 20
53 7456
5 290
27 473
1 6
15 93
3 3
2 2
51 3488
2 9
2 2
5 13
25 941
5 12
3 5
22 144
3 3
3 3
15 89
64 2251
2 34
58 4783
6 22
3 3
2 6
189 13613
329 3529
11 1703
3 3
6 297
291 9907
2 21
4 4
2 2
3 3
7 311
15 597
15 1537
2 2
40 3415
3 288
3 5
6 6
3 288
2 2
9 300
1 588
11 105
11 21
6 597
2 2
8 1528
5 6
3 3
4 52
2 12
33 35
16 323
1 59
19 608
18 144
3 15
2 3
3 3
177 633
3 8
8 13
1 5
207 12669
1059 11062
8 581
3 288
3 297
293 2819
3 3
14 1769
4 14
5 5
140 10995
16 1857
683 17878
3 3
3 3
16 16
2 5
6 71
9 588
293 2819
10 23
2 286
3 13
16 323
8 56
30 1610
2 3
2 2
2 3
1 3
3 5
1750 834464
4 12
3 6
3 3
10 588
26 2762
11 31
2 12
244 17429
123 2552
6 24
304 2819
13 588
123 2552
10 1805
2 2
15 885
3 288
33 35
6 303
16 2829
1 5
27 13281
117 12670
45 4458
5 294
2 5
4 296
757 54344
6 304
69 1285
1 6
13 34
171 13613
3 3
685 3529
40 3415
3 2872
27 10849
58 4783
9 29
96 2852
3 288
6 304
5 7
653 4103
79 3198
1 588
4 20
1 288
9 31
685 3529
6 301
9 2074
316 2819
3 54
7 309
26 2762
1 6
13 28
9 9
5 12
6 304
2 588
4 4
1 10
6 6
1 6
6 3994
27 13263
15 1172
6 3994
320 1760
64 2251
7 12
3 18
6 7
12 2081
3 3
92 10517
22 1168
7 10
19 636
10 588
22 144
3 288
188 6201
2 5
28 3075
33 4830
48 3428
5 7
14 36
5 5
87 3452
7 301
2 2
4 89
3 6
4 72
3 3
3 3
9 29
11255 334047
218 18424
3 290
1 3
273 1282
3 6
6 303
64 2251
3 3
60 3719
29 1360
5 9
2 288
30 14797
9 12
13 588
16 327
3 5
3 5
96 14218
3 13
4 8
1 3
15 93
1 269
1042 37169
2 2
4 72
278 9857
2 2
1983 707452
269 7898
1 5
5 11924
11 32
27 13271
5 304
1 949
17 1449
3 13
82 6312
10 32
499 36841
6 14
27 10869
1 2
2 301
12 2584
12 31
108 14806
28 925
10 300
29 1839
8 581
1 2
336 3000
7 304
4 7
30 6143
5 12
1 58
9 31
34 73
3 3
13 588
27 10869
8 13
5 67
15 1537
1 303
7 7
13 310
2 2
8 10
4 354
2 2
196 12669
1 2
5 10
3 35
3 5
9 310
4 2065
15 19
4 297
3 3
141 12671
648 4711
3 3
16 29
1064 6134
15 323
1718 32586
436 1515
29 1360
27 473
8 8
3 1999
5 885
53 7456
3 3
123 2552
4 297
1 949
11255 334047
64 2251
77 8875
8 595
2 2
137 628
1 3
2 2
82 6312
2 6
5 297
156 20727
144 3451
3 3
1 5
1 269
8 581
4 10
1 5
1902 834464
3 288
31 3075
20 1764
67 122024
9 52
5 12
8 8
15 316
8 11
16 327
49 4672
9 29
11 323
1150 39833
7 11
329 3529
82 6312
8 1528
17 17
3 3
4 6
1 2
8 15
30 73
2 2
4 285
35 13718
7 16
16 156
51 3488
1 76
30 6143
2 8
2 5
12 290
14 1039
17 26
41 9797
2 2
4 297
440 33894
45 1039
4 10
2 2
4 89
8 581
2 2
96 14218
144 3451
23 941
10 1805
9 31
6 22
11 32
2 303
4 4
4 4
48 1306
29 1360
3 3
1 2
99 4507
3 6
647 21743
1 6
12 31
3 5
11 588
212 20569
5 5
2 2
388 24931
54 2237
12 1767
3 304
305 29611
28 1293
24 53
15 323
8 37
11 588
244 82936
503 146400
16 323
15 1537
1229 44569
1 64
27 13273
2 2
25 1769
2 3
12 314
13 588
304 3325
3 297
2 287
1 2
4 304
1 10
8 8
27 13261
12 32
12 33
2 2
2 2
1 588
1 2
7 304
200 14428
4 1999
3 3
3 72
2 2
1 5
16 23
30 6143
3 18
17 93
12 32
7 12
1 2
4 4
4 289
45 1039
10 46
3 3
25 2230
2 2
10 2662
2 5
3 288
2 2
2 13
3 18
503 146400
92 12937
4 1095
2 5
19 39
6 14
5 13
10 40
34 9789
1 14
2 2
6 6
8 580
187 14805
2 287
122 10996
2 2
3 3
1 6
28 34
57 2720
4 11
3 3
1 949
232 6029
6 301
1 286
15 1537
1103 39833
4 289
42 105
1 286
2 2
7 304
2 288
5 13
1 5
2 3
2 3
3 3
1 2
12 32
59 2244
11 1537
67 2254
64 2829
123 2552
174 17654
5 297
1 12
1117 11062
7 301
3 288
5 10
2 4
6 588
16 82
64 2251
36 922
3 3
1 2
3 3
5 8
1 76
57 204
6 588
92 10517
3 3
4 7
57 204
66 205998
6 10
13 34
276 9898
8 10
3 3
232 4006
9 31
62 4784
2 24
4 6
2 2
35 13689
8 13
1 3
4 289
25 3659
16 26
11 31
15 36
22 1168
6 9
19 31
3 3
7 11
391 28792
45 1039
2 287
4 6
2 2
3 23
16 82
1 2
16 23
200 14428
12 31
4 297
5 2077
142 378
2 5
3 18
757 362011
20 29
77 3196
16 93522
2 2
5 13
11 32
5 13
4 289
1 59
3 180
3 3
27 13281
10 80
5 10
1 5
92 10517
119 3464
3 3
16 93522
29 1610
4 89
16 29
2 8
573 4497
41 134066
2 2
31 473
8 12
134 12670
3 5
10 23
30 73
4 12
273 1282
46 162
4 10
4 40
6 7
2 2
2 3
5 15
99 14218
3 3
5 1999
516 11180
1 588
2 5
33 35
37 9789
3 72
1 2
3 3
3 3
8 297
1 76
1 22
4 11
24 941
16 323
16 323
17 1449
7 588
799 54349
1 3
3 3
3 5
1 5
17 1769
2 8
4 6
5 17
1 2
3 3
4 4
14 949
3 5
17 1449
2 5
1 588
11 329
211 19393
123 2552
3 4
66 4962
9 31
4 10
2 287
16 1537
7 8
92 10517
1 296
15 93
3 3
3 13
5 6
27 473
13 52
5 10
6 22
126 323
28 925
17 1449
232 4006
11 31
301 2819
299 2819
5 10
27 13291
1229 44569
2 2
59 2244
8 12
3 3
67 2254
2 2
3 3
8 13
261 9601
2 588
6 597
7 304
2 2
9 31
1 2
3 1999
2 2
11 2074
3 3
5 5
2 2
19 31
15 36
45 2878
9 22
9 33
11 32
1 59
1 15
54 2237
3 3
16 327
6 11
5 161
1 5
4 6
2 2
3 18
156 20727
13 1293
12 44
15 323
3 18
1 9
12 290
77 21519
3 3
414 17237
6 949
4 354
96 2852
772 11913
1 5
30 73
3 3
254 82936
4 11
12 32
3 35
1 588
16 29
67 122024
156 20727
2 24
4 13
10 45
1 22
4 297
3 72
59 2244
9 11
1718 32586
3 27
97 6795
2 275
62 1547
3 3
107 202650
15 316
53 8727
2 2
64 2251
7 11
8 581
452 59183
27 13261
573 4497
5 8
1750 834464
4 304
3 3
1 15
29 1839
42 2720
686 3529
1 6
12 290
4 4
3 288
3 288
3 9
9 52
5 6
16 29
5 10
4 289
3 178
2 2
13 13
2 2
594 162180
646 47853
3 5
2 2
7 7
29 1610
3 3
1 949
21 1769
291 9907
8 322
189 13613
84 135679
3 3
3 3
9 29
117 12670
3 288
1937 43060
4 304
399 5863
6 40
4 6
64 2251
1 588
196 16328
6 21
3 3
2 2
19 608
3 3
1 269
26 1769
2 5
4 5
5 5
10 45
6 24
3 3
165 691
73 7461
13 1537
2 2
1042 37169
1750 834464
22 144
3 66
1 6
48 82
13 310
9 13
56 167
3 13
200 17853
2 588
3 3
15 79
29 1360
13 34
1 64
8 595
7 309
28 3075
2 588
2 2
13 34
59 2244
6 14
4 4
46 162
9 3500
5 11
2 2
1 15
3 3
9 31
1 288
5 10
6 22
31 6143
5 949
4 1171
2 21
3 13
3 3
55 2237
3 288
2 2
14 588
5 10
16 323
2 2
2 9
646 47853
44 6771
12 27
16 1537
24 2762
8 15
67 127012
10 28
2 12
12 31
4 10
5 6
3 4
69 1285
3 6
6 71
4 89
3 18
546 4546
3 3
35 95
1 949
59 2244
3 3
96 14218
15 323
3 3
1 4
6 22
200 14428
3 18
10 2074
47 4778
11 323
280 9601
27 34
9 360
7 297
799 54349
9 31
5 17
1 12
124 3452
3 3
2 2
12 2584
15 36
3 3
27 10849
3 3
232 6029
66 6795
3 288
6 22
3 13
7 54
5 67
5 13
13 588
8 15
11 32
6 6
2 2
15 93
1771 836202
273 1282
45 1039
58 3452
15 89
9 10
3 304
6 304
5 6
3 3
2 2
649 4711
3 5
1 4
96 14218
11 13
3 26
4 14
87 6864
1 5
2 2
3611 329305
2 2
1 39
45 1039
32 97
25 1769
5 10
16 82
2 34
1 4
63 4784
6 304
2 2
9 386
