2 2
2 2
3 22
2 3
2 14
2 3
726 76578
7 31
7 32
2 3
80 3451
3 304
6 82
8 312
4 2065
5 10
2 3
13 91
2 8
2 2
6 327
9 327
13 3075
76 3675
2 3
4 4
9 2526
7 588
1 48
2 3
9 23
6 868
1 64
111 5340
6 297
4 6
9 31
11 28
1 2
3 3
6 13
1 5
41 6795
3 22
1 3
16 1360
24 12937
4 289
3 14
3 3
5 2074
15 33311
1 12
35 14813
2 2
12 29
10 835
5 10
23 9797
111 3529
2 304
6 300
2 15
5 15
2 2
6 249
1 6
6 868
41 6795
3 89
3 15
1244 106497
3 3
2 3
1 588
3 289
4 52
16 398
1 6
3 7
3 10
6 360
13 4962
6 82
12 3488
5 5
54 1567
5 15
2 2
3 30
6 23
4 52
106 5340
44 2251
7 32
1 3
4 52
6 10
6 303
8 941
15 4708
3 289
7 11
10 93
9 12
4 5
2 4
2 3
2 2
4 19
2 3
96 2819
2 2
3 3
4 55
112 260
11 93
200 4711
179 5158
3 588
2 2
1 15
7 868
1 269
2 3
4 11
2 877
2 3
3 15
12 29
356 11062
2 3
3 304
2 588
19 9789
1 297
2 9
85 9911
3 12
3 2078
34 3452
2 3
12 2878
5 15
1 2
2 3
2 2
5 10
3 89
2 6
6 13
4 315
2 588
264 11913
2 4
2 3
7 8
23 13689
5 11
2 3
3 588
1 5
10 329
4 8
4 11
5 41
83 14434
5 10
5 2077
3 5
32 8727
2 9
5 6
197 146400
32 3220
2 2
4 26
34 3452
2 2
5 1742
2 2074
4 20
10 36
4 7
1 7
50 14435
2 2
30 3416
18 378
21 6773
11 1857
3 3
17 35
6 31
15 26
3 15
1 6
4 596
8 34
7 105
3 7
21 6143
7 1558
105 1029
2 288
7 31
1 3
10 12
57 8861
6 885
2 304
5 12
18 378
20 134066
11 478
5 15
20 334
33 2829
5 10
3 15
3 18
2 3
3 597
4 28
7 82
1 5
3 297
1 35
36 205998
17 35
6 6
296 39050
4 21
4 14
2 2
41 6795
2 22
72 2819
102 18428
1 588
6 885
3 6
26 8879
96 56859
1 949
93 17120
4 596
60 3484
146 36841
11 93
4 161
9 30
25 12580
3 3
73 2819
1 7
2 3
277 8430
5 300
2 2
27 730
91 12676
6 327
10 59
10 56
4 941
29 3087
3 89
6 312
6 2584
6 277
7 54
1 286
1 3
26 183
2 3
2 2
34 3452
2 3
5 581
15 144
11 473
6 300
1 2
3 1768
535 80942
3 3
1 5
11 10849
2 8
10 320
2 8
2 2
105 6029
10 35
2 8
204 17878
2 3
2 3
2 10
2 8
9 6841
10 9789
10 1293
3 7
111 29625
83 14434
2 2
4 588
2 27
7 32
10 329
6 2000
1 287
18 2243
7 31
8 581
2 3
7 31
4 596
18 2243
3 304
1 9
315 42975
1 2
1 312
296 39050
74 2819
2 2
33 162
60 691
29 7461
277 25702
283 834464
6 31
5 10
2 24
12 29
203 3529
3 10
12 29
6 290
2 2
8 3056
38 6795
2 3
27 2244
3 15
1 588
3 220
26 167
1 10
3 300
2 8
18 1839
3 3
2 3
41 4507
5 31
5 13
160 4528
2 3
4 19
4 9
9 8179
1 6
10 93
12 2878
4 4
2 288
17 228
1 2
9 31
19 2762
8 581
2 58
3 288
2 40
83 19393
2 1999
2 3
83 14434
3 10
1 588
11 473
1 6
1 855
60 1760
45 3179
2 3
4 11
1 2
1009 62970
2 2
89 3534
6 581
3 22
1 3
1 1996
3 175
57 10998
1 6
4 4
10 12
11 1857
42 82
1 588
2 15
4 52
2 3
2 2
30 1547
11 13293
3 3
3 33
283 834464
6 11
2 588
5 12
1 5
2 7
60 691
3 8
1 5
2 5
9 13
18 378
11 1857
3 3
3 288
4 5
4 304
1 8
7 1769
1 76
6 1537
8 2074
2 2
2 2
49 12580
1 14
8 5613
6 14
3 6
2 2
6 31
209 6134
2 3
3 18
27 2244
27 2244
17 39
5 68
5 10
4 288
1 5
3 5
11 4672
10 12
362 54365
57 8861
2 2
2 15
18 1839
56 6029
138 28806
4 6
4 6
11 2552
6 29
3 89
1 287
1 5
5 41
11 493
3 290
17 3074
6 581
2 275
30 12677
2 58
6 29
7 10
2 6
5 3994
3507 334095
6 7
16 97
118 262
3 3
3 5
2 61
1 303
5 1769
11 3416
10 941
2 6
106 122758
2 859
85 9911
3 29
1 5
3 3
2 2
36 205998
2 5
2 2
3 3
3 588
5 7
6 301
19 929
3 9
2 6
23 6433
7 7
1 312
120 19967
11 13273
4 289
6 6773
1 20
4 588
93 17120
10 329
1 288
3 20
6 6
157 1853
3 72
2 3
2 2
2 2
4 17
1 3
97 1282
1 6
2 6
4 1999
9 32
18 18
2 2
3 15
2 3
4 288
3 18
2 2
1304 58680
6 80
14 4672
2 2
3 3
21 2878
12 29
59 6312
3 3
14 89
5 10
2 2
5 39
108 20580
59 3452
1 9
3 35
3 3
11 3669
2 3
1 588
8 581
5 6
3 1999
5 10
2 588
3 4
7 32
1 2
2 3
2 2
1 3
8 134
3 91
3 3
71 17654
5 68
2 3
283 834464
3 4
31 6773
12 29
1 2
3 5
7 32
4 12
8 8
11 473
18 1839
30 12677
4 289
1301 58670
17 6143
42 82
3 35
9 51
6 4651
6 14
7 31
23 95
1 2
6 885
2 2
42 1299
96 15474
2 3
4 4
5 15
5 6
4 4
2 2
1 883
2 52
2 3
2 5
4 5
2 8
2 303
3 15
1 6
49 12580
3 6
18 1769
1 6
5 11
95 19393
3 11
4 2065
2 2
2 3
16 1360
1 2
4 588
277 11180
18 127012
13 91
6 34
174 146400
9 51
5 15
4 289
7 300
24 4698
12 29
6 304
23 7461
9 13
7 588
4 11
44 2251
2 3
1 5
32 3220
33 2829
2 3
111 3529
63 630
6 13
34 162
1 5
15 144
15 39
4 5
1 2
105 6029
1 2
2 5
2 3
6 4708
3 178
2 2
11 473
1 6
3 9
20 134066
8 3056
5 588
31 3198
38 2251
5 2074
1 949
5 11
275 24303
5 5
3 89
277 11180
7 12
29 12937
72 2819
44 2251
277 25702
6 327
5 15
7 1537
9 327
2 26
1 2
6 29
334 834464
8 327
3 10
3 54
4 6
1 287
11 13283
3 12
12 327
8 8
6 327
2 304
6 1703
1 6
2 2
2 5
1 58
482 32586
8 2074
283 24319
10 93
21 1610
1 76
5 7
68 2552
11 1857
4 14
10 93
5 2074
45 3179
2 3
3 29
11 13273
3 72
14 1360
6 32
1 3
2 304
3 15
2 3
1 80
2 3
1 855
3 3
138 4711
7 31
28 150
1 16
8 34
5 595
11 13273
113 261
14 4672
29 7461
9 327
21 2878
116 11913
34 3452
1 58
7 10
1 3
2 2
2 4
330 36897
22 9690
2 2
7 25
68 2552
22 4787
1 297
158 9876
2 2
4 5
64 2819
2 3
105 6029
6 327
12 29
2 3
60 691
41 202650
6 588
1 297
60 1760
2 3
4 8
3 289
2 304
9 327
33 2829
6 80
5 11
2 6
1 5
2 136
2 2
2 3
17 35
1 6
5 581
5 7
2 6
6 868
123 17853
1 5
2 3
3 30
3 9
18 167
44 20727
19 2246
2 2
16 1769
3 304
7 70
3 588
10 90
5 31
3 6
1301 58670
3 2074
2 288
2 15
2 3
1 5
1 588
4 5
1 34
8 885
2 3
4 288
6 312
1 3
16 34
2 588
2 12
160 4528
6 156
5 8
2 15
1 891
30 12677
2 2
10 118
32 8727
1 2
1 59
2 2
3 14
4 5
10 56
290 80631
44 2251
15 1449
7 12
90 82936
2 3
3 949
11 93
2 2
4 8
2 2
2 3
3 7
20 1176
2 1999
1 71
5 8
3 3
45 3719
4 5
41 2254
2 2
6 24
17 39
275 24303
11 493
68 2552
1 288
26 167
24 12937
2 2
2 2
3 3
8 96
3 1999
2 3
3 3
25 1769
2 4
11 473
7 588
30 2237
4 11924
2 2
21 2878
83 14434
11 13271
23 9797
3 5
1 5
27 1894
3 1171
3 3
11 13293
33 2829
2 3
109 13394
33 2552
3 304
1 14
5 6
4 941
3 3
1 588
2 8
3 22
3 18
121 16391
6 885
2 3
1 588
6 13
1 12
6 2074
1 297
64 2819
7 31
3 18
8 8
3 3
8 3056
30 12677
3 10
15 1449
44 2251
3 58
1 2
3 3
4 67
1 3
39 12678
123 9605
2 304
6 304
4 9
1 286
2 288
6 6773
5 581
9 603
3 30
22 9690
12 327
6 24
10 56
2 22
2 3
30 5092
11 1857
27 730
2 2
3 3
2 5
1 64
2 3
1782 102085
4 1999
9 6841
2 304
12 3488
2 3
5 10
356 11062
4 327
85 9911
4 8
3 17
2 3
2 2
18 167
9 144
21 1039
2 2
6 290
23 1306
1 2
2 3
3 304
6 301
15 1449
2 2
10 2829
44 2251
4 1768
1 5
1 297
3 3
39 12677
5 588
70 6201
2 3
11 93
2 2
8 2080
5 12
362 54365
122 19415
3 7
2 2
3 3
1 5
2 2
5 7
501 20874
71 17654
2 6
5 68
23 9797
2 8
5 31
283 834464
6 580
11 473
165 2036
16 1360
4 7
11 3416
2 3
2 24
19 73
17 8876
2 288
1 6
50 12678
1 76
4 9
166 2041
2 2
4 7
1 58
1 14
15 1449
59 55393
38 6795
1 588
5 588
3 289
4 596
2 5
3 354
2 288
296 39050
7 31
3 3
11 28
6 304
234 162180
3 10
11 10849
5 6
16 1360
91 12676
11 473
41 2254
69 9911
6 31
3 18
11 13261
2 2
4 6
2 2
15 144
3 15
2 12
9 327
2 21
2 3
1 2
107 9605
1 588
1 2
5 17
1 855
2 2
32 8727
4 4
2 15
7 31
2 9
2 72
10 90
9 588
5 5
1 5
74 2819
3 3
41 217447
38 6795
2 30
25 7461
3 18
7 64
1301 58670
27 1894
1 64
454 20704
9 2257
2 2
9 598
3 9
7 32
5 10
11 493
19 19
2 5
16 608
10 36
3 8
4 256
102 18428
3 89
4 11
4 11
3 18
9 1180
3 8
1 297
51 20727
4 4
5 15
3 3
85 2930
16 1769
11 473
6 2662
4 304
2 3
2 3
5 5
12 1610
5 12
3 89
8 34
2 5
20 1168
15 144
5 24
15 26
10 93
3 15
5 7
16 3488
2 2
30 1547
1 9
1 297
21 6773
41 4507
3 7
6 31
3 8
2 288
21 2878
69 9911
3 304
97 1282
19 9789
3 3
2 5
1 20
3 296
15 1449
2 3
283 834464
11 93
2 2
1 5
3 3
4 19
1 5
1 6
3 5
89 3534
3 885
5 327
2 30
1 4
283 834464
2 3
12 29
3 3
6 31
1 9
1 5
34 162
1 10
3 12
6 31
3 304
53 323
1 301
1 2
3 3
21 1039
1 588
6 2662
4 4
6 29
8 34
9 2257
11 7952
123 17853
37 5113
1 18
636 241054
482 32586
2 2
9 8179
22 9690
4 304
34 162
2 3
8 581
2 3
70 6201
116 4497
3 304
6 32
25 5904
2 3
3 290
8 34
81 17436
2 3
5 15
2 3
3 12
10 588
21 673
377 10474
1 64
3 30
51 10999
9 387
1 5
203 3529
2 2
1 6
117 7902
6 1537
1 2
34 3220
1 2
5 60
2 2
23 95
25 5904
23 95
157 1853
33 2829
4 304
5 9
9 2762
7 31
1 5
3 30
4 55
1 6
2 1709
16 34
3 7
3 304
4 67
8 7952
1 5
23 95
3 588
2 288
2 3
1 588
1 2
4 6
9 31
19 73
74 2819
3 3
113 261
10 36
34 3452
4 13
9 3442
1 2
4 33
2 3
4 8
174 146400
64 2819
2 14
2 3
6 2584
1 3
12 4708
6 360
3 3
3 14
18 9797
59 3452
4 327
3 289
8 581
7 868
5 595
2 2
4 7
6 22
13 59
8 8
5 5
3 8
89 3534
23 135679
2 12
16 16
16 1769
2 304
1 3
23 135679
7 31
2 2074
5 14
10 93
2 3
3 3
15 4708
366 37169
6 12
7 7898
2 6
2 2
79 79
57 8861
3 14
2 3
15 144
4 4
12 170
3 3
3 18
1 2
4 596
3 3
2 2
3 588
9 3147
45 3179
17 17
15 6752
2 3
3 72
28 150
2 3
4 14
3 36
2 3
5 1537
4 52
2 2
2 3
4 596
8 22
4 11
6 156
2 4
5 31
20 1520
1 3
27 1894
6 6
1 588
6 1703
2 3
134 18507
89 3534
3 7045
4 6
11 1857
5 19
24 12937
2 1999
2 288
2 304
5 312
25 4410
10 329
10 93
6 1537
3 89
10 36
18 1769
21 6773
5 11
4 304
1 25
10 90
11 13261
21 1610
4 588
4 12
4 596
2 3
3 4
1 2
9 9
1 312
3 3
5 10
11 93
12 29
1 6
15 929
1 11
3 588
8 2080
3 938
5 31
4 33
50 13618
4 289
2 2
7 10
10 320
17 8876
18 1766
5 581
1 4
7 10
132 35971
5 10
23 95
50 14435
11 1857
103 4497
8 10376
4 304
13 5168
7 31
3 304
1 2
3 54
8 2686
1 269
34 3452
2 72
2 3
9 23
6 156
2 5
22 4787
2 3
3 588
1 588
11 473
34 3452
1 2074
4 4
2 2
85 9911
44 2251
7 588
1 12
6 312
482 32586
1 64
4 289
2 2
1 6
1893 407634
10 12
9 8179
3 5
17 95
1 3
2 2
23 1520
2 72
11 4789
2 6
1304 58680
1 14
1 2
11 493
3 3
23 95
9 327
7 13
21 2878
16 97
1 855
5 10
6 32
6 597
2 1999
3 3
1 301
5 10
3 3
2 2
18 323
5 588
15 6752
6 32
15 26
231 156917
6 6773
34 3452
8 868
12 29
23 95
34 162
234 162180
57 2858
6 327
1 64
5 10
50 13618
2 2
167 5519
6 1537
1441 329338
4 55
301 836202
3 6
19 71
4 33
6 312
4 52
4 596
3 6
17 339
17 1839
7 32
31 3198
1 2
205 3529
4 289
3 58
2 304
11 473
2 3
4 315
4 18
2 6
3 3
3 3
2 8
7 7898
7 31
2 67
24 7456
4 1999
46 10517
19 4788
6 32
3 354
10 93
18 378
122 3325
69 13618
33 2829
23 7461
11 4880
1304 58680
11 10849
119 18094
5 8
2 2
12 1608
2 40
6 2662
2 3
21 2878
12 73
2 588
6 23
28 150
4 2142
1 288
24 7456
9 31
33 162
6 80
4 12
56 6029
2 3
22 334
3 326
4 297
166 2041
2 24
2 3
6 312
28 63
3 15
4 4
59 55393
2 2
4 297
2 3
2 2
2 2
5 31
12 5168
4 4
2 2
17 1293
3 13
3 8
1 2
155 12234
5 31
6 11
6 6773
1 5
2 2
2 3
27 2244
9 2362
3 290
1 3
204 17878
2 2
12 29
4 590
6 360
1 6
30 2237
10 329
2 21
2 1709
12 1610
9 2762
14 4672
9 1610
6 1703
1 5
2 3
362 54365
3 290
6 154
9 51
2 3
6 312
1 39
2 3
89 3534
83 14434
20 13262
11 10849
1 3
2 3
6 3994
8 8
3 3
2 9
1 855
105 1029
3 44
2 2
1 297
2 15
15 32978
3 9
3 354
4 13
6 6773
30 12677
334 834464
3 304
3 6
10 941
71 17654
10 1293
4 11
1 9
122 9876
1 3
5 10
6 297
2 2
1 30
5 21
2 6
8 55
5 10
59 6312
2 3
2 2
1 1293
5 19
1 297
11 10849
1 9
1 5
4 4
1 5
6 301
2 3
726 76578
12 145
2 1999
1 5
16 40
11 13273
5 2029
2 588
2 3
4 89
2 2
11 473
1 2074
4 17
3 22
9 2762
17 179
15 71
8 55
1 297
2 4
1 7
15 1449
3 10
3 3
3 7
1 3
1 6
5 10
41 4506
19 4788
181 629188
12 903
6 23
5 15
3 3
4 9
17 1360
30 2237
4 11
3 12
5 10
3 18
3 89
15 39
21 1039
6 360
3 3
2 288
4 33
2 8
1 6
1796 405916
14 929
11 2231
1 5
7 31
2 2074
19 3452
41 6795
4 52
3 3
2 288
138 4711
3 304
3 596
5 10
11 2552
6 304
6 14
377 10474
2 2
1 3
5 114
452 39833
3 7
159 1853
6 304
1 13
3 9
6 156
9 23
7 31
203 3529
1 5
4 10
4 52
2 22
2 2
3 304
4 588
1 3
31 323
6 24
2 3
1 3
6 301
9 144
216 33033
4 354
1 301
58 20727
3 1768
3 3
3 354
609 65403
2 3
1 5
2 21
25 4787
13 134
4 4
6 22
99 1853
16 183
2 3
1 588
6 6
2 588
76 3675
3 22
2 3
4 17
2 3
3 3
1 855
3 18
33 162
11 10869
3 6
1 269
2 24
17 66
1 588
1 855
3 20
4 297
26 167
57 2858
3 89
33 2829
11 1857
26 8727
11 13293
2 3
5 8
11 144
2 14
2 2
2 10
5 1528
1 5
18 1769
17 6143
1 5
314 54360
73 747
3 14
2 3
3 18
3 89
2 60548
277 11180
87 12676
2 9
5 7
50 13618
2 3
2 3
33 2829
73 633
3 5
32 8727
2 3
4 20
23 9797
45 3719
12 2878
2 3
330 36897
15 1449
92 12676
334 834464
1304 58680
283 834464
3 1999
13 3075
11 17
6 15
2 3
3 3
4 17
21 673
179 5158
1 5
3 6
5 6
123 9605
6 290
9 8179
15 28
8 1604
3 20
11 2552
1 2
1 27
3 15
6 15
16 398
2 588
8 35
3 3
12 29
117 7902
19 4788
2 3
2 3
2 3
3 3
4 4
37 249
2 288
3 304
10 329
8 1602
12 1610
18 4962
5 56
3 3
33 162
1 289
8 868
23 9797
5 10
41 4507
2 3
6 297
3 20
14 89
1 7
11 28
3 3
204 17878
2 6
2 2
1 6
2 288
6 32
1 297
301 836202
4 288
9 31
15 90
4 11
25 378
4 89
2 2
15 3431
1 588
9 8179
2 44
1 949
1 287
3 5
15 39
1 12
16 3488
31 3198
2 588
14 89
2 3
4 7
11 13283
29 122024
1304 58680
277 25702
12 327
4 1768
1 1999
96 56855
2 2
83 19393
15 6752
10 329
1 5
12 3500
7 32
3 5
58 20727
377 10474
4 11
6 31
44 2251
27 2244
5 7
2 3
2 3
24 4698
17 31
1 5
3 89
1 64
3 29
8 22
2 2
3 9
4 5
4 941
3 304
41 6795
11 2762
4 304
26 8727
1 3
17 33
3 6
25 5904
5 5
23 135679
5 588
2 2
3 22
5 6
2 3
3 296
6 1768
16 1769
4 27
12 603
9 51
3 3
18 378
1 588
6 22
2 3
1 21
9 312
2 3
2 2
11 493
2 26
3 304
9 327
11 2552
21 673
1 287
7 31
4 11
3 3
5 22
24 12937
3 10
13 478
3 304
3 30
2 3
1 91
5 5
1 3
1 588
1 297
6 14066
2 3
38 2251
1 6
14 929
6 23
1 35
2 2
2 2
4 4
8 2080
362 54365
1 297
74 2819
8 52
1 6
10 36
27 1894
2 588
10 93
3 18
31 18323
4 6
6 13
111 3529
4 112
2 588
3 3
15 1449
72 1853
4 2065
6 32
5 10
11 10849
2 2
2 1999
3 14
5 17
3 89
3 3
1 5
3 89
21 1610
377 10474
2 2
15 1449
1 588
2 2
2 3
2 3
18 1839
1 5
117 15542
7 32
19 1610
3 8
19 195
12 2878
3 18
11 13281
1 5
24 12937
2 2
2 5
2 4
3 3
9 6841
1 69
1 35
2 2
1 588
2 2
3 7
26 6841
209 6134
5 12
7 32
108 13386
14 636
1 64
7 10
4 8
5 10
8 12
59 6312
1 2
3 10
1301 58670
74 2819
24 12937
2 5
2 2
5 9
6 301
10 56
6 12
9 23
28 14218
1 24
5 10
12 4708
25 7461
9 31
2 5
7 31
3 290
1 14
3 326
2 3
4 24
2 3
3 3
2 2
205 3529
3 6
2 5
1 2
12 29
6 2030
2 2
1 64
4 10
3 9
7 1769
7 588
12 8634
15 90
17 39
2 3
4 941
7 868
23 95
1 3
10 36
1 2
3 89
3 4
6 290
21 1039
4 315
21 2878
3 18
25 922
1 588
6 23
3 14
3 7
85 9911
2 288
1 5
1 9
28 14218
1 7
1 3
4 6
3 7
3 3
2 3
3 296
7 588
41 2254
3 10
12 3488
11 13281
7 31
8 8
112 260
120 19967
6 312
5 7
6 14
3 15
1 588
3 35
4 67
94 13618
1 15
3 10
2 2
469 20146
18 105
3 10
211 4546
11 1857
5 595
11 2762
6 32
19 35
1 588
4 12
1 588
4 8
9 31
174 146400
2 7
10 36
2 2
1 22
6 6
6 301
41 6795
4 11
1 12
23 9797
3 354
2 2
1 301
6 290
75 2819
1 588
3 7
47 1760
3 15
3 8
1 2
30 12677
1 949
4 289
5 297
11 13273
112 260
6 3994
1 12
15 144
3 3
16 608
203 3529
6 327
3 354
2 2
2 304
2 275
3 3
2 2
12 29
2 33
4 1528
40 120475
10 329
2 2
2 2
8 8
1 588
83 19393
11 473
63 630
11 2762
5 54
7 31
7 581
2 12
5 1742
1 76
4 11
2 1999
5 71
5 2077
38 2251
6 10
3 3
11 1857
1 949
1 588
7 33
3 19
10 93
3 3
23 95
2 3
11 93
58 4006
37 249
2 288
3 288
15 1172
1 588
6 10
4 21
2 2
3 326
6 12
26 2755
119 18094
1 5
3 9
2 2
1 301
1 3
138 4711
5 10
3 3
38 6795
4 4
9 312
1 6
16 38
1 2
174 146400
2 6
116 4497
111 20580
4 4
29 335
41 4507
11 473
2 3
9 312
5 581
4 11
23 95
1 20
2 3
5 19
2 3
2 5
7 7
3 588
6 54
444 51956
22 9690
2 22
1 588
122 3325
4 354
105 6029
2 7
34 162
5 10
9 8177
15 71
8 12
18 700
1 64
7 31
6 277
1 9
7 31
4 33
4 596
3 3
3 22
6 32
1 855
3 22
39 12678
9 2526
2 2
433 21743
6 1703
4 10
123 9605
4 2065
4 21
2 15
3 3
83 19393
10 941
49 12580
3 3
22 634
166 2041
2 288
1 1656
2 2
11 3416
18 1839
3 89
2 3
2 3
2 3
57 8861
8 1604
59 633
3 30
9 327
1 64
2 3
1 297
8 1604
8 1039
4 2074
1 588
1 9
12 144
25 378
1 6
12 29
9 8177
41 4507
3 304
10 941
277 25702
2 3
2 3
1 885
3 8
2 2
5 581
19 26
8 327
1 297
3 326
283 834464
181 629188
1 64
6 28
2 3
2 7
1 2
2 885
4 8
3 89
3 10
5 44
6 1703
314 54360
6 82
8 5613
2 2
4 11
1 4
362 54365
1 5
1 33
7 32
102 18428
20 1769
1 588
1 5
11 93
4 304
5 581
6 6
2 30
10 90
2 3
34 3452
2 3
8 52
6 312
51 10999
47 1029
2 2
10 13
5 31
122 16399
4 588
11 493
6 304
2 15
2 24
57 2858
116 122329
1 588
3 3
80 3451
10 588
21 2878
22 2720
5 11
7 32
4 8
5 22
3 7
3 9
3 8
103 4497
91 17120
38 2251
4 52
5 41
4 949
13 3075
92 12676
1 297
6 304
3 3
226 51210
16 608
114 261
3 354
2 3
4 949
2 6
1 15
41 217447
10 36
1 588
41 12677
1 9
118 16399
3 3
6 1768
377 10474
9 23
1 588
18 378
6 297
15 1449
10 588
1 15
15 5456
6 32
102 18428
3 11
32 8727
1 64
1 5
593 48215
3 6
105 6029
1 588
6 304
2 3
9 144
4 354
1 5
3 65
1 588
6 31
27 2244
2 58
2 9
4 588
2 2
288 47853
72 3534
6 14
28 14218
2 3
15 3431
3 3
3 2074
9 9
7 46
7 54
1 588
10 4304
6 29
1 588
2 2
2 5
22 1839
123 9605
9 6841
9 144
2 304
3 3
1 588
3 12
2 2
4 14
2 150
14 29
117 7902
3 12
18 183
146 36841
15 4708
1 294
61 3482
3 290
3 20
5 2080
17 6143
5 8
22 2720
2 288
2 2
7 12
3 22
97 7185
1 2
5 581
42 6868
2 34
2 2
2 3
4 11
14 929
3 8
6 883
2 9
7 1769
5 10
2 2
7 581
2 2
23 12937
3 10
18 378
5 31
2 4
1 22
9 91
5 15
1 269
4 2074
10 4591
53 323
2 2
32 8727
6 301
32 8727
4 2074
2 17
7 31
3 3
1 287
2 3
2 3
30 13323
2 213
2 2
17 66
2 6
2 8
1 296
10 93
111 3529
5 15
3 5
2 2
4 5
8 581
2 4
7 2576
29 122024
4 6
3 6
3 15
1 588
10 835
23 95
1 3
24 12937
64 2819
1 2
178 29421
3 3
12 17
1 2
7 11
3 304
5 56
6 4708
283 834464
15 6752
4 52
9 327
2 288
2 5
1301 58670
1 297
1660 21149
1166 32127
120 19967
4 4
122 9876
4 289
20 334
34 3452
2 288
65 2552
6 2662
19 4788
2 3
8 2080
2 3
2 2
4 11
27 2244
57 8861
6 300
9 327
3 3
21 1039
6 29
23 13718
9 327
41 6795
1 588
3 3
1 588
3 289
2 288
2 288
6 14
2 3
2 588
8 1039
2 288
58 20727
6 4708
264 11913
10 36
5 1769
2 288
2 6
7 588
1 2
3901 334095
79 79
9 51
1304 58680
170 29421
1 588
3 3
3 3
3 9
2 3
317 54365
7 13
9 2362
18 4789
58 20727
3 3
4 304
7 297
4 6
4 4
1 5
3 15
6 23
10 93
6 941
15 26
1 297
2 21
3 3
4 55
3 7
5 10
28 14218
1 855
2 15
2 287
2 21
179 5158
11 10869
1 2
3 3
2 3
27 2244
3 8
88 1106
3 3
2 4
1 6
6 31
6 31
2 3
94 13618
1 297
11 2762
4 24
1 12
5 24
2 3
1 7
6 3994
11 93
146 36841
8 2080
2 3
2 3
6 32
4 297
2 588
3 9
3 5
1 14
4 6
6 6773
4 294
2 9
3 22
3901 334095
6 597
3 9
2 2
3 290
3 15
1 80
2 15
1 588
2 34
6 10
6 31
34 3452
146 36841
11 473
72 2819
33 40
20 9690
85 9911
76 3675
9 8179
18 1839
3 304
4 5
2 112
2 14
2 2
3 29
7 32
4 6
83 14434
67 647
15 1449
15 1449
2 3
3 20
3 9
2 3
1 2
12 1610
4 10
2 2
15 26
10 93
30 2237
2 3
11 3416
3 66
80 3451
1 2
10 36
1 71
7 32
1 949
6 941
3 12
3 5
2 2
4 312
6 360
7 32
3 10
58 4006
3901 334095
2 2
22 413
138 4711
14 89
1 3
96 3054
2 3
5 5
9 51
9 134
11 1172
4 6
21 1610
22 249
7 32
28 14218
18 1839
412 20874
10 329
3 3
30 1547
3 3
266 37169
58 20727
6 29
10 93
5 386
5 1537
2 3
60 691
19 4788
8 34
2 3
70 6201
1 1999
56 6029
5 56
1 2
76 3675
1 5
18 18
726 76578
64 9343
19 9789
7 3500
2 2
4 67
27 2244
9 2257
3 588
11 3669
1 6
18 9797
17 1460
2 3
314 54360
3 3
2 3
6 23
21 1610
38 2251
22 413
5 24
11 473
33 162
11 93
2 3
33 162
3 89
2 588
3 89
10 118
63 630
4 32
3 3
296 39050
13 3416
11 13271
337 11062
3 3
4 5
13 3416
2 112
16 1360
20 1168
3 289
119 18094
3 10
68 2552
2 3
2 5
6 6
2 2
1 5
41 2254
203 3529
11 13271
4 28
16 1360
2 2
17 3074
6 312
12 29
19 1839
3 6
7 1537
9 327
1301 58670
2 2
501 20874
2 3
3 72
4 65
19 73
3 35
1 13
23 9797
2 5
6 15
22 2720
2 8
8 12
3 3
3 289
10 93
4 588
36 205998
4 8
1 2
3 8
2 12
8 73
5 9
4 14
6 6773
8 868
2 3
2 3
2 3
3 14
3 8
42 6868
10 1610
6 1537
123 17853
4 7
21 1975
21 1610
1 2
6 327
25 4787
1 18
102 18428
334 834464
1 35
216 33033
41 2254
6 3994
42 82
18 1839
2 3
4 289
1 5
7 32
81 82936
2 3
123 9605
2 18
1 588
17 639
8 12
3 7
10 93
9 59
11 13261
21 2878
83 19393
5 12
3 9
2 1999
121 16391
6 2662
10 59
2 5
10 4017
5 588
8 581
4 4
2 9
6 12
22 9690
27 1221
1 64
2 3
50 14435
9 45
3 3
39 12678
4 14
20 73
30 2237
30 2237
3 304
6 7
1 12
1 588
18 1769
1 286
1 9
3 33
462 44569
11 10849
11 4782
92 12676
2 2
2 5
1 297
132 35971
4 33
31 3198
21 1610
10 1293
2 15
2 3
7 1537
9 327
2 5
477 29134
1 588
5 114
27 2244
6 312
11 1857
2 2
4 288
27 2244
1 2074
22 4787
2 5
3 7
13 3416
67 647
1660 21149
58 2858
1 5
277 11180
6 6773
2 3
1 312
11 10849
2 3
50 12678
1 5
7 32
2 2
4 294
381 39833
18 183
2 6
20 1168
3 18
2 2
253 162180
3 3
4 301
356 11062
18 105
4 315
2 2
1 297
8 327
3 89
4 6
11 327
14 89
16 1360
21 2878
2 885
39 12678
2 21
10 941
15 144
2 288
178 29421
1 5
4 588
5 28
3 15
3 10
6 1537
3 7
179 5158
1 3
2 2
41 6795
1 3
9 93522
5 595
1 7
1 288
7 12
5 6
11 13271
12 1610
6 22
2 2
4 5
12 3500
6 13
10 36
6 1768
7 588
6 80
1 5
24 7456
3 290
3 3
12 3488
2 9
5 15
8 941
3 12
2 5
15 144
3 3
3 3
3 3
14 89
2 34
22 4787
3 22
1 3
2 6
69 13618
111 3529
6 1703
5 297
85 9911
2 21
7 31
2 2
4 312
6 597
7 1537
7 31
11 28
166 2041
1 76
13 3416
1 14
2 5
3 4
5 300
1 588
5 105
2 2
9 23
3 597
2 2
4 1528
5 6
3 3
4 52
1 14
1 59
16 608
9 144
2 3
2 3
73 633
3 8
1 5
4 7
92 12676
356 11062
2 288
1 297
64 2819
11 473
3 3
11 10849
5 1769
3 14
5 5
65 10998
18 127012
11 1857
230 17878
11 473
2 5
3 588
64 2819
9 23
2 286
115 262
2 2
3 15
10 36
9 327
6 56
9 1610
2 3
2 2
8 581
2 3
2 5
4 4
2 12
1 6
6 13
2 588
11 2762
1 14
81 17436
8 581
68 2552
96 2819
7 588
1 4
68 2552
3 1805
8 885
2 288
5 303
9 2829
27 2244
2 3
30 12677
5 10
11 13291
18 4458
4 294
1 5
3 296
314 54360
2 304
1 6
12 58
301 836202
50 13618
203 3529
13 3416
2 2872
22 4787
2 2
2 288
2 304
181 4103
31 3198
1 588
3 3
5 10
5 10
2 3
1 288
203 3529
4 301
5 2074
83 2819
3 54
6 309
11 2762
1 6
9 9
5 12
9 327
2 304
1 588
5 21
11 10869
6 6
5 3994
11 1172
5 3994
60 1760
6 12
5 7
2 2
4 2081
46 10517
9 312
2 2
6 32
7 10
14 636
2 588
1 2
12 144
3 288
70 6201
1 5
13 3075
12 4830
15 3431
34 3452
6 301
2 2
1 10
3 89
2 3
123 17853
1 6
3 72
8 581
2 3
2 3
3 3
3901 334095
2 2
102 18428
3 290
1 3
2 3
97 1282
1 6
5 303
3 3
2 3
45 3719
16 1360
4 9
2 288
3 3
15 14797
5 12
3 18
7 588
14 327
2 5
3 5
28 14218
2 15
1 3
1 269
266 37169
2 2
3 72
124 9857
371 707452
117 7902
4 11924
3 289
10 36
3 1007
8 469
3 304
4 24
1 949
2 2
3 15
59 6312
146 36841
4 14
1 2
1 301
2 3
6 2584
35 14813
14 929
6 300
18 1839
5 581
1 2
99 3000
3 8
6 304
6 29
1 7
17 6143
1 5
3 12
1 58
20 73
10 588
3 15
3 67
7 1537
2 2
1 4
1 303
2 2
6 312
6 10
4 295
2 3
3 354
3 18
8 34
80 12676
2 2
1 35
3 5
1 312
4 2065
5 10
1 3
10 19
3 297
50 12678
199 4711
3 3
12 29
11 13291
3 15
209 6134
44 2251
6 327
482 32586
135 1515
22 127012
16 1360
41 4507
2 1999
3 885
24 7456
68 2552
1 297
1 949
16 16
3901 334095
11 10869
2 2
3 289
38 2251
26 8879
7 595
2 2
63 630
2 3
10 36
1 3
59 6312
2 6
4 297
58 20727
8 8
80 3451
1 5
1 269
3 10
2 288
14 3075
17 1764
29 122024
8 52
2 15
8 320
7 11
14 327
11 4672
4 327
452 39833
15 1449
6 11
111 3529
59 6312
2 3
4 1528
12 17
4 6
1 2
3 15
19 73
2 2
5 10
2 285
5 16
6 156
12 3488
22 34
17 6143
2 79
2 3
2 8
11 13281
2 5
1 12
6 290
9 327
8 1039
40 1299
23 9797
1 2
1 297
188 33902
21 1039
11 473
2 2
1 2
11 10849
3 180
3 89
5 6
5 581
28 14218
80 3451
7 941
3 1805
3 22
9 327
2 303
4 4
23 1306
16 1360
11 13271
1 2
1 6
2 3
2 6
5 588
108 20580
9 327
189 24939
3 8
3 1767
3 304
11 473
111 29625
11 1293
10 53
6 327
1 39
5 588
2 3
81 82936
174 146400
7 1537
421 44569
1 64
2 2
7 17
10 93
7 1769
44 2251
2 3
9 318
7 588
99 3325
1 297
2 287
6 31
2 2
1 2
4 304
1 10
10 3730
2 2
2 2
1 588
1 2
6 304
1 4
83 14434
2 1999
2 3
1 72
1 2
1 2
1 5
3 3
6 23
2 2
17 6143
10 93
6 12
1 2
21 1039
3 20
9 46
3 3
11 2230
6 2662
1 5
2 288
2 2
20 1168
1 15
174 146400
24 12937
2 5
3 14
5 15
4 40
19 9789
11 13291
11 27
11 10869
6 580
64 14812
2 3
51 10999
2 2
1 6
16 34
22 2720
2 3
4 11
1 949
2 2
105 6029
6 301
1 286
7 1537
3 289
23 95
381 39833
18 105
1 286
6 304
2 3
5 15
1 5
2 3
2 2
2 3
1 2
6 1537
11 13263
2 3
33 2829
68 2552
71 17654
5 71
4 297
337 11062
6 301
2 288
2 4
4 588
6 82
3 3
1 2
3 3
30 204
1 588
46 10517
3 3
2 7
30 204
36 205998
5 10
2 2
68 9902
6 10
58 4006
6 7
234 162180
19 4788
4 6
2 2
1 3
2 2
2 2
5 3659
15 26
3 9
17 31
3 3
5 11
138 28806
21 1039
4 6
3 23
6 82
234 162180
6 23
83 14434
7 31
8 8
1 297
5 2077
18 378
3 8
2 6
2 5
2 3
2 3
15 39
314 362071
234 162180
31 3196
9 93522
5 15
2 2
7 868
5 15
2 2
2 2
1 59
6 80
46 10517
9 93522
3 3
8 34
21 1610
3 89
12 29
2 8
116 4497
20 134066
2 2
11 473
3 12
39 12677
3 5
9 23
19 73
3 12
97 1282
33 162
3 40
3 7
2 3
15 1449
2 287
5 15
29 14218
4 1999
3 289
1 588
2 5
19 9789
1 72
5 297
1 22
4 11
6 941
2 2
9 327
15 1449
3 588
362 54365
1 3
16 1769
2 8
334 834464
4 6
3 18
1 2
7 949
2 2
2 5
1 588
10 329
90 19393
68 2552
2 6
3 4
18 4962
3 1095
30 2237
3 3
8 34
6 1537
4 8
46 10517
1 296
10 93
3 15
1 6
6 52
6 32
3 22
6 32
2 3
55 323
14 929
1 5
58 4006
72 2819
74 2819
421 44569
2 2
3 14
2 2
107 9605
1 588
7 31
3 597
6 304
1 2
1 2
2 3
2 1999
2 2
3 2074
2 3
3 3
17 31
21 2878
5 22
2 33
1 59
1 15
1 6
14 327
5 161
1 5
7 32
3 6
2 2
58 20727
9 1293
2 3
3 18
5 44
6 327
1 9
9 30
6 290
2 2
31 21519
40 1299
3 3
161 17245
3 949
3 354
1 5
148 11913
1 5
19 73
3 5
3 3
90 82936
4 11
1 35
2 2
1 588
12 29
2 3
29 122024
58 20727
11 473
1 15
9 45
1 22
1 297
1 287
2 72
2 3
8 34
4 11
10 36
2 2
482 32586
1 27
38 6795
2 275
30 1547
3 3
41 202650
8 320
32 8727
5 11
5 581
17 39
155 59187
116 4497
4 304
1 15
17 35
18 1839
11 2720
205 3529
1 6
6 29
6 290
5 10
3 288
2 288
283 834464
8 52
4 6
12 29
283 834464
9 13
5 10
38 2251
18 639
2 2
288 47853
3 5
2 2
3 7
21 1610
2 3
1 949
6 32
18 1769
112 260
85 9911
5 323
2 2
69 13618
23 135679
41 2254
30 12677
2 288
538 43060
4 304
135 5863
2 40
4 6
49 2251
6 34
1 588
84 16332
1 11
16 608
3 3
1 269
20 1769
2 5
2 5
4 5
7 45
60 691
29 7461
7 13
12 1537
2 2
266 37169
15 144
3 66
42 82
6 312
5 15
25 167
3 15
2 588
2 3
9 79
16 1360
1 64
7 595
6 309
283 834464
3 20
13 3075
2 6
2 3
1 588
15 1449
30 2244
4 14
4 4
33 162
7 3500
4 11
1 15
2 3
1 288
5 10
2 22
21 6143
5 949
7 31
2 2
2 21
2 15
30 2237
3 288
2 2
6 588
2 2
2 9
288 47853
6 6773
6 1537
9 2762
5 15
28 127012
6 31
6 28
1 14
3 9
3 6
3 4
2 4
5 10
5 71
3 89
277 11180
2 2
3 8
2 3
334 834464
211 4546
1 949
28 14218
115 262
1 3
3 22
1 76
83 14434
6 2074
11 4782
4 327
7 32
123 9605
15 34
6 32
6 360
5 8
7 32
2 2
6 297
362 54365
59 3452
2 2
2 3
11 13273
6 2584
3 3
2 2
3 18
8 8
105 6029
41 6795
2 288
3 22
3 15
6 54
3 67
5 15
7 588
3 15
6 6
2 2
3 10
97 1282
21 1039
17 3452
14 89
7 10
2 3
3 304
4 304
2 3
2 6
3 3
200 4711
3 3
28 14218
23 95
10 13
3 26
3 18
1 14
42 6868
1 5
7 31
1 2
2 3
1 39
21 1039
3 5
16 97
7 1769
11 13283
6 82
2 34
5 10
5 10
2 2
19 4788
2 304
334 834464
