3 22
2 11
2 14
45 834464
21 335
45 3451
3 304
6 93
4 82
6 312
2 2065
2 10
2 9
1 3
20 2251
6 327
6 91
1 8
5 327
2 20
7 3075
10 3675
2 3
3 4
2 3
5 2526
2 588
1 48
5 23
1 64
60 5340
4 297
3 289
3 6
11 28
1 2
3 3
1 5
20 6795
3 22
1 3
8 1360
12 12937
2 2
1 14
4 2074
4 33311
12 14813
2 2
1 29
7 835
2 10
8 9797
42 3529
1 304
3 10
2 4
3 300
2 15
6 13261
2 15
1 3
2 2
4 249
1 6
20 6795
2 89
3 31
258 106497
1 3
6 4591
6 32
1 588
3 52
7 93
11 398
1 3
1 3
3 7
3 5
4 360
3 5
5 4962
200 21743
4 82
4 3488
14 1567
2 15
2 17
2 2
3 14
2 3
2 23
3 52
3 52
1 71
3 10
3 941
4 4708
4 11
7 12
45 834464
2 5
2 4
1 19
6 8
20 2819
2 178
3 3
3 55
6 93
55 4711
5 31
69 5158
1 71
2 588
6 327
6 32
1 2
1 15
2 2
1 269
1 24
2 18
1 11
1 877
1 3
2 3
3 15
1 29
138 11062
8 1449
1 3
2 2
1 3
3 304
1 588
13 9789
2 3
1 297
2 9
27 9911
2 12
5 24
1 2078
2 12
2 2
20 3452
7 2878
2 15
1 2
4 10
3 289
1 89
6 3730
2 6
2 2
2 3
2 2
3 315
1 588
64 11913
2 18
2 4
7 8
3 11
57 834464
2 10
2 588
3 10
1 3
7 329
1 11
4 41
38 14434
3 2077
5 13
1 3
1 5
17 8727
8 1449
2 2
4 2244
6 13293
2 9
77 146400
26 2251
17 3220
4 26
20 3452
5 1742
2 2074
4 20
70 17878
1 7
12 14435
13 3416
2 3
7 378
10 6773
7 1857
11 26
3 15
6 10849
1 6
57 834464
3 596
2 4
7 105
3 7
11 6143
3 1558
35 1029
1 3
7 12
28 8861
3 885
2 304
2 12
4 31
17 95
3 5
12 39
7 378
10 134066
4 478
2 15
2 2
18 334
15 2829
2 10
1 15
1 597
2 28
4 82
4 2244
17 95
1 5
1 297
1 35
18 205998
6 6
82 39050
2 21
3 14
20 6795
2 22
21 2819
57 18428
45 834464
1 588
3 885
2 6
13 8879
28 56859
1 949
36 17120
2 20
1 3
3 596
29 36841
6 93
4 161
2 2
8 12580
22 2819
5 31
1 7
8 1449
109 8430
3 300
2 2
23 730
45 12676
5 327
5 59
9 56
4 941
12 3087
2 89
1 3
3 10
2 3
3 312
2 2
4 32
3 2584
4 277
7 54
1 286
1 3
16 183
2 3
2 17
13 39
20 3452
3 581
10 144
3 300
1 2
6 32
2 1768
1 4
6 312
231 80942
2 3
4 8
20 2251
2 8
5 320
1 8
8 30
2 2
25 6029
5 35
1 8
3 8
2 3
2 10
1 8
4 6841
6 9789
3 1293
3 7
35 29625
23 2254
6 13261
38 14434
1 2
2 588
2 27
4 5
2 180
7 329
6 2000
1 287
6 2243
2 3
3 596
6 2243
2 2
1 304
1 9
2 2
48 42975
1 2
1 5
1 312
82 39050
23 2819
1 2
11 162
7 34
25 4507
23 691
11 7461
1 3
13 39
8 2237
8 29
3 10
40 3529
1 29
3 290
2 2
4 3056
16 6795
2 15
1 588
8 167
2 300
12 95
1 8
6 13273
6 473
1 3
3 13
64 4528
3 9
5 8179
1 6
1 2
11 2878
2 288
2 288
16 228
1 2
21 922
17 95
9 2762
2 58
1 40
24 19393
2 1999
2 3
38 14434
2 3
1 588
1 3
101 162180
8 2237
1 855
18 1760
17 3179
4 11
235 62970
55 3534
1 14
6 10849
2 22
1 3
1 1996
28 10998
6 32
1 6
7 12
7 1857
31 82
1 588
5 31
56 836202
2 15
3 52
11 1547
2 3
3 33
45 834464
1 588
3 12
2 9
1 5
2 7
23 691
3 8
2 5
7 378
7 1857
2 3
5 31
4 5
4 304
1 8
3 1769
2 89
3 1537
4 2074
13 40
20 12580
1 14
3 289
3 5613
5 14
2 6
1 3
45 6134
1 3
41 261
101 162180
6 13271
2 68
1 5
148 25702
4 4672
8 30
7 12
199 54365
28 8861
2 2
2 15
2 3
10 1839
12 6029
55 28806
3 6
5 31
3 6
8 2552
1 10
2 89
4 8
1 5
4 41
2 290
6 3074
2 275
5 13
10 12677
6 327
2 58
2 3
2 2
4 10
4 3994
1132 334095
1 5
5 7
9 97
1 5
5 581
62 262
3 3
2 3
6 327
1 6
1 6
1 303
3 1769
1 5
2 2
2 3416
2 2
5 941
2 6
61 122758
4 2244
2 859
27 9911
1 29
1 5
2 2
18 205998
2 5
2 2
2 3
2 588
5 7
5 301
11 929
8 1449
1 3
5 32
3 3
2 6
12 673
12 6433
1 312
24 19967
6 93
3 10
3 289
2 6773
1 20
2 588
36 17120
7 329
1 288
45 834464
6 6
29 1853
3 72
11 27
2 17
1 3
36 1282
1 6
1 6
4 1999
14 18
2 2
1 2
1 3
267 58680
1 80
2 8
7 4672
10 2878
1 29
33 6312
9 89
2 10
2 2
4 39
35 20580
28 3452
101 162180
3 35
4 2244
3 3
7 3669
5 31
1 588
5 581
7 93
12 39
5 6
3 1999
23 3484
5 13
2 2
2 588
2 2
1 2
8 1449
1 3
45 834464
2 134
3 91
1 3
2 4
24 17654
2 68
15 6773
1 29
2 12
2 3
10 1839
10 12677
267 58670
10 6143
31 82
8 2237
2 35
4 51
3 289
3 4651
5 14
1 3
1 3
1 3
4 31
3 885
10 35
25 1299
60 15474
3 4
148 11180
2 3
2 15
2 7
4 6
1 883
2 52
2 3
1 5
4 32
4 5
1 8
2 303
1 2
1 6
20 12580
26 2251
2 6
8 1769
1 6
3 11
36 19393
3 11
2 2065
1 2
70 17878
6 327
1 5
101 162180
3 1360
2 588
78 17853
3 1171
6 91
5 34
55 146400
4 51
2 15
5 31
5 300
8 4698
6 10849
1 29
4 304
12 7461
2 13
2 588
4 11
1 5
17 3220
15 2829
42 3529
32 630
13 162
1 5
10 144
2 5
2 18
1 2
25 6029
1 2
2 5
3 4708
2 2
2 9
10 134066
4 3056
5 588
16 3198
4 2074
1 949
3 289
3 11
73 24303
4 5
2 3
2 89
5 12
13 12937
2 2
3 31
3 288
21 2819
5 327
2 15
3 1537
1 26
1 2
3 327
2 54
2 6
2 12
7 327
1 3
5 327
1 304
5 1703
1 6
8 36
2 5
1 58
155 32586
4 2074
1 29
80 24319
6 93
12 1610
3 31
31 2552
7 1857
3 14
6 93
2 2074
2 10
17 3179
8 1449
2 3
1 29
3 72
5 1360
1 6
1 3
1 3
2 304
1 3
3 15
1 80
1 3
1 855
2 3
22 4711
11 150
2 3
21 1299
1 16
2 595
7 4672
7 93
11 7461
10 2878
18 11913
20 3452
1 58
4 10
1 3
2 4
80 36897
2 9690
1 2
40 260
7 93
3 25
31 2552
2 2
2 2
8 4787
401 32127
2 10
1 5
1 297
1 3
2 213
46 9876
4 5
9 2819
25 6029
5 327
1 29
2 3
1 4
23 691
18 202650
2 588
1 297
18 1760
2 3
1 304
3 3
20 2251
5 327
6 13273
6 3147
15 2829
2 80
2 3
5 11
2 6
1 5
148 11180
1 6
3 581
2 3
5 7
1 6
3 868
57 834464
3 30
8 167
2 2
19 20727
6 2246
1 2
8 36
12 1769
3 304
2 588
2 2
2 6
267 58670
2 2074
2 288
2 15
2 3
1 5
1 588
1 6
2 30
4 5
1 34
1 6
6 885
3 288
3 312
1 3
7 34
9 34
1 588
2 12
2 3
64 4528
5 156
2 15
1 891
10 12677
4 6
4 118
17 8727
1 2
2 18
7 34
2 2
1 59
3 14
4 5
9 56
163 80631
1 2
2 2
5 12
32 82936
6 473
2 949
6 93
1 2
2 2
148 25702
2 10
1 7
2 1999
4 8
16 3719
2 5
1 76
1 2
73 24303
31 2858
31 2552
1 288
3 10
8 167
12 12937
2 2
1 29
1 2
4 96
3 1999
2 3
2 3
13 1769
2 4
2 588
4 11924
8 1449
5 31
10 2878
6 93
38 14434
8 9797
2 2
1 5
1 5
17 1894
3 3
5 31
15 2829
74 13394
17 2552
2 304
1 14
12 39
4 941
3 3
1 588
3 10
1 8
3 22
81 16391
3 885
5 31
1 588
2 18
5 31
1 3
5 2074
1 297
1 9
9 2819
3 3
4 3056
2 3
1 4
2 3
10 12677
3 58
1 2
1 3
2 67
1 3
10 12678
1 3
60 9605
1 304
4 304
3 9
1 286
2 288
2 6773
3 581
3 603
3 289
2 9690
9 327
9 56
2 22
12 5092
7 1857
2 2
3 3
1 5
2 5
1 64
1 3
624 102085
2 10
2 3
4 1999
4 6841
2 304
4 3488
1 3
138 11062
5 36
4 327
25 4507
27 9911
3 17
6 473
1 7
8 167
3 144
9 1039
3 290
13 1306
2 2
1 2
2 304
5 301
2 10
6 2829
2 3
5 581
3 1768
26 2251
1 5
1 297
6 473
3 3
10 12677
5 588
2 18
2 2
27 6201
6 93
5 2080
3 12
199 54365
24 19415
6 10869
3 3
2 2
3 7
2 2
2 36
8 36
5 7
157 20874
24 17654
2 68
8 9797
2 8
2 580
10 1360
1 3
2 3416
17 95
9 73
11 8876
2 288
1 6
1 3
12 12678
8 1449
3 9
2 2
1 58
1 14
3 288
33 55393
6 32
16 6795
1 588
2 3
5 588
3 31
3 596
2 5
2 354
2 3
2 288
82 39050
3 868
3 3
4 304
3 5
10 1360
45 12676
2 4
33 9911
2 2
2 2
1 2
6 13281
10 144
2 3
1 15
4 32
1 21
2 3
1 2
48 9605
1 588
17 95
1 2
2 17
1 855
17 8727
3 4
2 15
5 31
2 2
2 9
1 72
3 588
4 5
1 5
23 2819
2 24
18 217447
1 10
16 6795
2 30
8 7461
5 64
267 58670
17 1894
1 64
2 3
2 3
152 20704
8 36
8 2257
8 598
4 10
15 19
2 5
8 608
2 24
5 8
4 256
20 2251
57 18428
2 89
4 7
1 11
4 11
5 1180
2 18
1 297
23 20727
1 4
5 15
3 3
19 2930
8 1769
6 473
6 2662
4 304
2 3
4 5
7 1610
2 12
3 868
2 89
3 220
5 31
8 1449
2 5
1 3
2 2
4 31
10 144
11 26
1 15
5 7
5 3488
3 31
11 1547
1 9
1 297
10 6773
3 7
2 3
3 8
1 288
10 2878
15 700
33 9911
3 304
36 1282
11 9789
3 3
2 5
1 20
2 2
2 296
2 3
6 93
2 2
1 5
7 35
1 6
1 5
1 29
55 3534
2 885
3 289
1 327
2 3
2 288
2 30
1 3
1 29
3 3
2 3
1 9
13 162
2 12
1 304
1 6
19 323
6 10849
1 301
1 2
3 3
9 1039
6 327
6 13271
1 588
6 2662
2 3
8 2257
9 7952
7 34
23 5113
1 18
4 19
230 241054
155 32586
5 8179
2 9690
2 18
4 304
2 15
13 162
5 31
27 6201
25 4497
2 304
12 5904
1 4
6 493
2 290
18 17436
2 3
2 15
2 3
2 12
6 588
131 10474
1 64
3 30
18 10999
7 387
40 3529
1 6
55 7902
3 1537
1 2
21 3220
2 15
6 473
2 60
2 2
12 5904
2 24
29 1853
15 2829
2 304
3 289
5 9
1 2762
2 288
1 5
3 30
3 55
6 3442
1 6
2 1709
3 7
2 304
2 67
7 7952
2 2
2 588
2 288
1 588
1 2
5 31
3 6
1 5
9 73
23 2819
1 2
20 3452
4 13
1 5
3 31
4 33
1 3
1 8
55 146400
9 2819
1 14
3 2584
5 32
3 4708
634 405917
3 8
4 360
6 13263
2 14
5 303
7 9797
28 3452
4 327
2 595
2 4
1 2
3 22
2 2
6 59
2 2
4 5
3 8
55 3534
11 135679
12 1769
2 304
11 135679
1 3
1 2074
6 93
2 3
4 4708
100 37169
4 12
6 7898
2 150
4 19
2 2
1 7
23 2254
79 79
28 8861
3 14
3 8
2 3
10 144
3 4
4 170
1 2
3 596
1 3
2 3
2 2
2 588
3 15
17 3179
3 868
1 3
13 17
5 6752
3 72
11 150
3 14
3 10
8 2237
3 1537
2 2
3 52
2 2
1 3
6 10849
3 596
5 22
1 11
5 156
1 3
107 2035
2 4
12 1520
1 3
3 10
17 1894
6 6
1 588
5 1703
2 2
5 581
86 18507
55 3534
1 2
6 327
2 7045
2 3
3 6
2 24
7 1857
5 19
1 3
12 12937
2 4
2 1999
2 288
1 3
5 32
2 3
2 304
1 312
45 834464
7 4410
7 329
4 1537
2 89
8 1769
10 6773
5 11
5 13
2 304
5 13
6 10869
12 1610
2 588
2 12
3 596
3 289
1 2
7 9
1 312
2 3
2 20
4 10
6 93
1 29
5 31
23 730
8 929
1 11
2 588
5 2080
4 386
1 33
7 13618
2 2
5 320
1 10
11 8876
5 1766
3 581
1 3
4 10
30 35971
3 288
12 14435
7 1857
20 4497
5 36
4 304
3 304
1 2
8 1449
2 54
1 269
20 3452
1 72
5 23
5 156
1 3
2 5
4 32
2 581
7 4787
1 3
2 588
6 10849
1 588
20 3452
4 32
1 2074
27 9911
2 588
1 312
155 32586
1 64
1 6
696 407634
2 17
7 12
5 8179
1 5
2 3
1 3
13 1520
1 3
1 72
6 4789
6 327
1 6
267 58680
1 14
3 6
2 3
1 6
107 2040
5 13
10 2878
9 97
1 855
1 3
8 36
3 3
3 15
1 3
3 597
6 13283
2 1999
3 3
1 301
2 9
2 9
1 3
10 323
5 588
2 6752
11 26
93 156917
2 6773
2 20
2 4
1 6
17 13689
20 3452
6 868
6 327
1 29
13 162
2 581
45 834464
5 327
2 2
1 64
7 13618
44 5519
1 6
3 1537
3 175
3 8
3 55
3 31
3 6
16 71
1 33
2 312
3 52
3 596
1 6
9 339
7 1839
16 3198
1 2
42 3529
3 58
2 304
2 9
2 3
2 3
3 315
3 18
3 3
2 3
2 8
6 7898
2 67
7 34
8 7456
2 3
3 295
4 1999
26 10517
6 4788
2 3
13 90
2 354
7 378
35 3325
17 13618
15 2829
12 7461
267 58680
73 18094
6 1608
1 40
6 2662
10 2878
5 581
3 73
2 588
2 23
11 150
1 12
4 2142
1 288
2 2
8 7456
11 162
2 80
2 12
12 6029
57 834464
2 3
3 868
18 334
2 326
2 297
10 1168
2 3
3 312
17 63
1 7
2 18
1 15
3 289
1 4
33 55393
2 297
46 262
2 2
2 2
6 5168
1 3
9 1293
2 13
1 2
66 12234
2 6773
1 5
8 2362
6 13281
2 290
6 473
1 12
1 2
13 39
1 29
2 590
4 360
1 6
6 13281
7 329
1 21
2 1709
7 1610
1 2762
7 4672
3 1610
5 1703
1 5
199 54365
2 290
5 154
4 51
3 312
1 39
55 3534
38 14434
6 13262
3 10
1 3
4 3994
3 3
2 9
1 3
1 855
35 1029
1 44
45 834464
1 297
2 15
4 32978
3 9
2 354
2 13
2 3
2 6773
6 4880
1 3
10 12677
3 304
6 493
2 6
5 941
24 17654
3 1293
4 11
1 9
4 8
29 9876
2 10
4 297
1 2
1 30
2 6
8 55
25 4507
33 6312
1 1293
3 19
6 327
1 297
1 9
5 301
8 145
2 1999
1 3
5 2029
2 2
8 2237
1 588
1 3
2 89
2 2
274 65403
1 2074
3 22
5 2686
1 2762
4 32
2 24
13 179
8 71
8 55
1 297
2 4
1 7
6 90
3 7
3 289
1 6
2 10
26 4506
6 4788
17 95
6 473
58 629188
7 903
2 2
2 23
2 15
2 3
1 9
7 1360
4 11
2 12
17 95
2 89
2 2
9 1039
5 360
2 18
3 3
2 33
1 8
1 6
7 929
4 2231
1 5
1 2074
9 3452
1 3
20 6795
3 52
3 3
2 288
22 4711
5 31
2 304
3 596
2 2
5 2552
4 304
2 14
131 10474
4 13
1 3
5 114
149 39833
1 7
3 7
37 1853
4 304
1 13
5 156
5 23
40 3529
1 287
2 10
3 52
2 4
2 22
2 2
2 304
3 588
1 3
16 323
1 3
5 301
2 14
3 144
53 33033
3 354
1 301
22 20727
2 1768
3 3
3 354
2 3
1 3
1 21
2 3
8 4787
7 134
3 4
5 22
3 1007
36 1853
5 183
1 3
1 588
9 5456
6 6
1 588
5 31
10 3675
3 22
1 3
1 3
2 3
3 289
1 855
11 162
2 6
1 269
2 20
6 127012
9 66
1 588
1 855
4 297
23 2254
8 167
2 89
1 29
15 2829
7 1857
17 8727
2 4
7 144
4 312
2 14
2 10
2 1528
8 1769
10 6143
1 5
168 54360
35 747
3 14
2 2
6 493
2 89
2 60548
4 32
8 1449
40 12676
2 18
2 9
5 7
7 13618
5 581
15 2829
35 633
3 8
17 8727
4 20
8 9797
16 3719
7 2878
7 34
80 36897
39 12676
267 58680
3 1999
7 3075
8 17
23 2254
4 15
1 3
2 3
15 673
69 5158
1 5
7 70
2 6
5 6
60 9605
3 290
5 8179
2 12
8 28
2 2
1 3
5 1604
8 2552
1 2
1 27
1 15
5 15
11 398
1 588
2 3
5 35
1 3
1 29
55 7902
6 4788
1 3
3 4
15 249
1 288
2 304
7 329
1 3
4 1602
7 1610
7 4962
5 56
11 162
21 1299
1 289
6 868
1 5
8 9797
4 297
6 32
2 3
12 89
1 12
4 32
1 7
7 93
2 2
3 3
3 289
1 6
2 288
1 297
2 288
14 90
4 11
7 378
2 89
56 836202
2 2
9 3431
2 18
1 588
5 8179
1 29
2 44
1 949
11 34
3 5
4 8
5 3488
16 3198
1 588
9 89
2 3
1 29
6 13271
1 3
9 122024
1 6
267 58680
7 327
3 1768
1 1999
28 56855
1 3
24 19393
5 6752
7 329
7 3500
22 20727
131 10474
1 11
3 10
2 2
8 4698
8 31
2 2
55 5340
2 89
2 288
1 64
1 3
1 29
5 22
2 9
2 5
4 941
2 4
2 304
20 6795
3 31
1 3
2 2762
2 304
17 8727
1 3
1 3
2 6
12 5904
11 135679
5 588
2 22
4 6
2 296
3 1768
12 1769
4 27
2 18
6 603
4 51
1 5
2 2
7 378
1 588
3 22
1 3
1 21
2 2
2 4
1 5
2 2
1 12
1 26
2 304
5 2552
2 2
1 287
4 11
2 22
12 12937
31 2858
6 13261
6 478
8 8
3 304
3 30
1 2
3 289
1 3
1 588
1 297
6 14066
7 929
2 23
1 35
2 2
5 2080
199 54365
1 297
2 3
23 2819
8 127012
7 52
107 2040
1 6
17 1894
1 588
2 3
1 3
16 18323
2 6
42 3529
45 834464
3 112
1 588
2 3
27 1853
17 95
2 2065
2 2
5 31
1 4
4 2244
11 28
1 2
1 1999
2 14
6 32
2 17
2 89
3 3
2 24
2 89
12 1610
131 10474
2 2
1 588
2 2
1 5
1 5
55 15542
11 1610
40 260
5 195
7 2878
1 3
12 12937
3 3
2 5
2 4
3 3
2 10
4 6841
1 35
2 2
1 588
3 7
6 6841
45 6134
3 12
73 13386
9 636
1 7
1 64
4 10
1 12
33 6312
3 289
1 2
2 288
267 58670
23 2819
12 12937
2 5
2 2
2 28
2 9
5 301
9 56
6 12
5 23
2 18
1 3
13 14218
1 3
2 10
26 2251
3 4708
8 7461
1 3
2 10
2 5
17 95
2 290
1 5
1 14
2 326
1 3
3 3
2 2
42 3529
1 6
1 5
1 2
1 3
1 29
1 2
6 2030
1 2
1 64
4 10
3 9
3 1769
2 588
8 2237
2 18
7 8634
2 2
4 941
1 3
1 2
3 89
3 4
3 290
9 1039
3 315
10 2878
1 588
2 23
3 14
1 2
3 868
1 7
27 9911
3 31
2 2
1 5
2 2
1 9
2 3
2 18
13 14218
4 2244
1 7
1 3
3 6
3 7
2 296
2 588
148 11180
2 10
5 31
4 3488
24 19967
2 312
5 7
3 14
1 15
3 8
1 588
3 35
2 67
2 2
29 13618
1 15
2 3
2 9
3 10
2 2
151 20146
13 105
89 4546
2 3
8 1857
2 595
2 2762
2 3
1 2
2 3
1 588
2 12
1 588
3 8
1 3
4 32
55 146400
2 7
2 2
1 22
6 6
5 301
2 2
20 6795
4 11
8 9797
3 354
1 3
1 301
3 290
14 2819
1 588
3 31
1 11
3 7
15 1760
3 15
3 8
2 3
6 13273
1 2
10 12677
1 949
3 297
4 3994
10 144
2 3
8 608
40 3529
6 327
3 354
1 2
2 304
2 275
2 18
2 2
1 29
1 33
8 36
2 1528
1 6
8 120475
7 329
2 2
2 2
1 588
24 19393
32 630
2 2762
2 2
4 54
6 581
1 12
5 1742
2 11
2 1999
3 2077
1 3
3 10
7 1857
1 949
1 588
1 3
3 19
7 5168
6 93
6 327
15 4006
15 249
6 93
2 288
7 1172
1 588
3 10
4 21
2 18
2 2
1 326
4 12
8 2755
73 18094
2 2
2 4
148 25702
1 301
1 3
1 6
22 4711
3 3
16 6795
2 2
5 312
13 38
1 2
55 146400
46 262
25 4497
44 20580
3 4
1 3
1 76
5 31
15 673
3 581
1 11
1 20
5 19
2 5
1 5
5 7
2 588
4 54
134 51956
2 9690
2 22
1 588
35 3325
4 354
25 6029
2 7
2 2
13 162
1 3
6 33
5 8177
8 71
1 12
1 64
2 2
1 3
4 277
1 9
1 33
3 596
3 22
1 855
2 22
3 5
1 3
10 12678
2 10
5 2526
2 2
1 6
5 1703
4 10
60 9605
2 2065
4 21
3 8
2 2
24 19393
26 2251
5 941
57 834464
1 3
20 12580
3 3
2 288
1 1656
1 2
2 3416
10 1839
2 89
2 3
4 8
28 8861
5 1604
1 5
23 633
3 30
5 327
3 15
1 64
40 260
1 297
5 1604
5 1039
3 2074
1 588
1 9
9 144
7 378
1 6
2 3
2 3
1 29
5 8177
3 304
5 941
6 93
2 17
2 3
6 4304
1 885
3 581
1 3
16 26
3 327
1 297
2 326
58 629188
1 64
4 28
2 12
2 2
2 7
1 5
1 885
4 8
4 8
2 89
2 44
4 5
5 1703
168 54360
4 82
3 5613
1 11
199 54365
1 33
8 36
1 12
57 18428
5 1769
1 588
6 4017
1 5
6 93
4 304
3 581
6 6
2 30
6 90
2 3
1 3
20 3452
7 52
3 312
18 10999
8 1029
7 13
82 16399
2 588
4 304
2 15
67 122329
1 588
45 3451
6 588
10 2878
12 2720
3 11
2 22
2 7
20 4497
38 17120
3 52
4 41
3 949
4 32
5 36
1 5
7 3075
39 12676
1 297
4 304
141 51210
8 608
3 354
3 949
1 3
2 3
1 15
18 217447
1 588
13 12677
1 9
77 16399
2 3
3 1768
131 10474
4 5
5 23
148 11180
1 588
7 378
4 297
6 588
1 15
56 836202
1 25
3 10
23 2254
5 32
57 18428
25 4507
17 8727
1 64
2 20
5 581
2 6
25 6029
1 588
4 304
3 144
3 354
1 5
1 2
3 65
1 588
6 13273
1 3
2 58
2 9
3 588
2 2
105 47853
7 35
45 3534
3 14
13 14218
2 3
9 3431
2 3
2 2074
7 9
4 46
7 54
1 588
5 32
2 4
8 1449
17 95
1 588
2 2
2 5
14 1839
60 9605
4 6841
4 312
3 144
1 304
1 588
8 1449
2 12
2 2
3 14
55 7902
2 12
7 183
1 2
29 36841
4 4708
7 34
1 294
28 3482
2 290
2 2080
10 6143
12 2720
1 3
2 288
1 2
6 93
5 32
5 12
2 22
18 7185
1 2
3 581
1 3
16 6868
2 34
2 3
1 11
7 929
2 8
3 883
2 9
1 3
1 12
3 1769
2 10
1 2
6 581
2 2
11 12937
6 493
2 18
7 378
2 4
1 22
1 3
4 91
2 15
1 269
3 2074
19 323
17 8727
6 473
11 639
5 301
2 288
17 8727
4 2074
5 31
2 2
1 287
2 18
1 3
12 13323
1 2
9 66
1 8
1 296
1 5
1 3
2 2
42 3529
2 15
1 5
1 29
2 2
2 5
2 4
4 2576
9 122024
3 6
2 6
2 3
3 15
1 588
7 835
1 3
12 12937
9 2819
1 2
102 29421
6 13293
6 10849
8 17
1 2
5 11
3 304
5 56
3 4708
5 6752
45 834464
3 52
2 3
3 938
2 288
1 5
267 58670
1 297
1 3
596 21149
24 19967
3 4
5 31
4 31
29 9876
18 334
1 3
2 3
20 3452
37 2552
6 2662
6 4788
314 76578
5 2080
4 11
28 8861
3 300
2 2
2 20
3 3
9 1039
8 36
5 327
1 3
2 9
6 473
20 6795
1 588
3 3
1 588
1 288
1 288
1 588
5 1039
22 20727
3 4708
64 11913
1 2
3 1769
1 3
3 10
2 288
5 13
7 34
2 588
1 2
1199 334095
79 79
2 34
4 51
5 31
267 58680
92 29421
19 634
1 588
3 3
2 11
6 8
3 3
170 54365
8 2362
7 4789
22 20727
5 581
3 304
4 297
2 6
1 5
1 15
2 23
4 941
11 26
1 297
1 21
2 2
5 13
3 55
3 5
3 7
2 10
13 14218
6 473
1 855
2 15
2 287
1 21
69 5158
3 3
1 12
41 1106
3 3
2 4
3 289
1 6
1 3
29 13618
1 297
1 5
2 2762
6 473
1 3
1 7
6 327
4 3994
3 8
6 93
29 36841
5 2080
1 6
2 297
1 588
2 9
1 14
2 6773
2 294
2 9
2 22
1199 334095
4 597
5 31
4 32
1 76
2 290
1 80
2 15
1 588
2 34
3 10
20 3452
7 35
29 36841
21 2819
24 40
1 9690
27 9911
10 3675
5 8179
10 1839
3 304
4 5
1 112
2 14
1 29
4 2244
3 6
38 14434
2 9
29 647
2 3
1 2
2 2
14 16
7 1610
4 10
1 2
11 26
2 3416
3 66
45 3451
1 949
3 941
2 12
3 5
2 312
5 360
5 31
6 473
15 4006
1199 334095
13 413
22 4711
2 2
9 89
1 3
43 3054
3 3
4 51
4 134
2 1172
3 6
12 1610
1 2
6 249
13 14218
2 3
3 10
10 1839
5 581
2 2
152 20874
2 3
7 329
3 3
11 1547
22 37169
22 20727
6 93
3 1537
5 17
23 691
6 4788
10 1168
1 5
27 6201
1 1999
1 6
12 6029
5 56
1 2
10 3675
1 5
14 18
1 3
25 9343
6 34
13 9789
3 10
4 3500
2 2
2 67
8 2257
1 588
7 3669
2 287
57 834464
1 3
8 9797
1 3
8 1460
168 54360
2 23
12 1610
13 413
11 162
6 93
1 3
1 3
11 162
2 89
1 588
2 89
4 118
2 2
32 630
4 32
2 3
82 39050
7 3416
105 11062
4 8
2 5
7 3416
1 112
10 1360
73 18094
1 10
31 2552
31 2858
1 5
6 6
78 17853
1 5
5 32
2 3
40 3529
2 28
3 29
2 2
10 1360
2 2
6 3074
3 312
1 29
10 1839
3 6
2 1537
267 58670
2 2
2 10
1 3
157 20874
4 4
3 72
2 2
2 65
9 73
3 35
1 13
8 8
8 9797
2 5
3 15
12 2720
1 8
5 12
2 4
2 3
13 39
2 588
18 205998
1 2
3 73
6 473
2 61
5 9
3 14
2 6773
6 868
2 14
2 8
5 24
16 6868
5 1610
6 8
3 1537
12 1975
1 79
12 1610
6 327
8 4787
1 18
57 18428
1 35
53 33033
4 3994
31 82
1 3
4 32
10 1839
6 473
1 5
4 2244
28 82936
60 9605
107 2040
2 18
1 588
11 639
45 834464
5 12
3 7
4 59
10 2878
24 19393
3 12
2 1999
81 16391
6 2662
2 3
5 59
2 5
2 18
5 588
2 2
2 9
6 12
2 9690
6 10869
11 1221
1 64
12 14435
20 2251
5 45
10 12678
3 14
16 73
1 3
1 3
8 2237
2 304
1 6
1 588
8 1769
1 286
1 2
1 9
3 33
2 18
138 44569
3 8
1 3
6 4782
39 12676
2 3
1 2
2 5
6 8
1 297
30 35971
1 33
16 3198
12 1610
3 1293
1 15
8 8
4 1537
2 5
152 29134
1 588
5 114
3 312
7 1857
2 2
1 2074
7 4787
2 5
1 76
26 2251
3 7
7 3416
29 647
596 21149
37 2858
5 32
1 5
3 288
2 6773
3 3
1 312
7 327
1 2
12 12678
1 5
2 2
2 294
85 39833
7 183
1 6
113 162180
6 13271
4 301
138 11062
13 105
3 315
6 493
6 13283
1 297
3 327
3 6
3 289
7 327
9 89
1 3
10 1360
10 2878
5 71
1 885
10 12678
1 21
5 941
10 144
2 24
1 288
102 29421
1 5
2 588
3 1537
3 7
69 5158
1 3
3 10
2 30
20 6795
1 3
1 3
6 93522
2 595
2 3
1 7
1 288
5 12
1 6
1 3
7 1610
5 22
1 7
10 1839
2 2
4 5
5 31
7 3500
3 1768
2 588
2 80
1 5
8 7456
2 290
2 3
3 3
4 3488
2 9
2 15
3 941
2 12
2 5
3 289
10 144
2 3
2 2
1 5
2 3
1 76
12 89
2 10
2 34
1 3
7 4787
3 22
1 3
2 3
2 6
17 13618
42 3529
5 1703
2 297
27 9911
1 21
1 2
2 312
5 32
4 597
4 1537
1 287
7 3416
2 5
2 15
26 2251
3 10
2 300
1 588
3 105
3 5
4 13
2 4
5 23
1 597
2 2
2 1528
1 6
3 3
3 52
1 14
1 59
8 608
3 144
2 3
1 3
1 12
4 8
35 633
2 8
1 5
39 12676
138 11062
2 288
1 297
9 2819
3 3
10 1839
3 1769
1 6
3 14
4 5
32 10998
7 1857
82 17878
2 5
1 588
9 2819
1 6
5 23
1 286
5 32
2 10
1 15
6 327
5 56
1 3
3 1610
2 3
2 2
2 3
2 2
2 5
3 289
1 12
1 6
10 1168
1 588
2 2762
1 14
18 17436
107 2040
31 2552
2 10
20 2819
2 588
31 2552
2 1805
6 885
2 288
2 3
3 303
6 2829
2 136
10 12677
6 13273
7 4458
2 294
1 5
2 296
168 54360
2 304
1 6
1 3
7 13618
40 3529
7 3416
78 17853
4 32
2 2872
2 2
3 10
7 4787
6 8
1 288
2 304
48 4103
16 3198
1 588
1 288
40 3529
4 301
4 2074
25 2819
5 31
2 54
2 309
2 2762
1 6
7 9
3 12
2 304
1 588
3 868
6 6
4 3994
506 329339
2 1172
2 3
4 3994
18 1760
6 7
3 31
2 12
4 7
2 2081
26 10517
6 10
11 28
9 636
6 127012
1 588
9 144
2 288
27 6201
5 32
1 5
7 3075
7 4830
9 3431
20 3452
5 301
1 2
7 34
2 89
1 6
3 72
3 3
1199 334095
5 32
45 261
57 18428
2 290
1 3
6 10869
1 5
24 1282
1 6
10 1449
3 303
3 3
6 29
2 2
3 10
16 3719
10 1360
3 9
2 288
2 24
10 14797
2 12
2 588
8 327
2 5
1 5
13 14218
2 15
3 3
1 3
1 269
22 37169
2 2
3 72
30 9857
1 12
67 707452
55 7902
4 11924
2 3
3 304
6 13293
1 949
1 15
1 91
33 6312
3 31
29 36841
3 14
1 2
1 301
3 2584
23 2254
12 14813
7 929
26 2251
3 300
10 1839
3 581
3 10
1 2
57 834464
4 32
3 3
45 3000
4 304
1 7
10 6143
2 12
1 58
16 73
2 4
5 588
3 15
2 67
4 1537
1 303
3 312
3 10
2 354
36 12676
1 35
3 5
1 312
2 2065
6 19
1 297
12 12678
54 4711
3 3
1 29
12 39
1 2
1 3
45 6134
6 327
155 32586
22 1515
10 1360
10 1176
2 1999
2 2
2 885
8 7456
31 2552
1 297
1 949
1199 334095
13 8879
4 595
2 2
2 2
32 630
2 10
1 3
33 6312
1 6
2 297
22 20727
1 6
45 3451
3 7
1 5
1 269
7 35
1 29
1 288
8 3075
8 1764
5 31
9 122024
7 52
2 15
1 3
3 320
4 11
8 327
4 4672
6 32
4 327
2 3
149 39833
5 11
42 3529
33 6312
8 36
2 1528
8 17
3 6
1 2
3 15
9 73
2 2
2 3
2 285
26 2251
3 16
5 156
4 3488
10 6143
2 8
2 5
3 290
5 1039
8 9797
1 4
1 2
70 17878
3 8
1 297
111 33902
3 21
9 1039
2 2
2 89
3 581
13 14218
45 3451
2 941
2 1805
3 22
78 17853
2 303
3 4
13 1306
10 1360
1 2
1 6
5 588
35 20580
6 10849
105 24939
2 2
1 1767
3 10
3 304
1 3
35 29625
4 1293
8 53
6 327
1 39
5 588
28 82936
2 3
55 146400
4 1537
2 20
3 15
99 44569
6 32
1 64
8 1449
3 1769
1 3
6 318
2 588
25 3325
1 297
1 287
6 473
1 2
3 304
1 10
3 6
267 48215
1 2
1 2
1 588
1 2
4 304
38 14434
2 1999
6 90
1 3
1 72
1 2
2 3
2 3
1 5
2 9
2 23
10 6143
3 289
2 2
6 93
6 12
1 2
9 1039
1 24
5 46
3 3
4 2230
2 2
2 2
6 2662
6 93
1 5
2 2
2 288
2 2
1 15
2 2
4 5
55 146400
12 12937
2 5
2 14
2 15
3 40
11 9789
4 2244
6 327
2 580
19 14812
1 6
18 10999
2 2
5 581
1 6
9 34
12 2720
1 11
1 3
2 2
1 949
314 76578
1 287
25 6029
1 5
5 301
1 286
4 1537
85 39833
1 5
13 105
1 286
4 304
6 473
2 15
1 5
2 3
2 3
1 5
1 2
4 1537
1 3
15 2829
31 2552
24 17654
2 297
105 11062
5 301
2 288
2 4
3 10
2 588
4 82
3 3
1 69
2 2
1 2
3 3
12 204
1 588
26 10517
2 3
2 7
6 90
12 204
18 205998
4 10
2 9
5 6
32 9902
3 10
15 4006
6 4788
5 31
3 6
2 2
1 3
5 3659
2 24
11 26
8 36
101 162180
2 9
8 31
3 3
3 11
55 28806
9 1039
3 6
2 23
4 82
4 2244
2 23
38 14434
5 31
148 11180
1 297
3 2077
7 378
2 5
168 362071
5 31
16 3196
6 93522
2 15
2 15
2 2
1 59
1 3
2 2
1 80
26 10517
6 93522
12 1610
2 89
1 29
1 3
2 8
25 4497
10 134066
2 2
7 473
2 12
10 12677
1 5
5 23
1 3
9 73
2 12
24 1282
11 162
3 40
3 7
5 31
2 3
2 2
5 36
5 15
13 14218
4 1999
3 31
2 3
2 2
2 2
8 36
1 3
1 588
2 5
13 9789
6 10849
1 72
3 297
4 8
1 22
2 3
6 13291
4 11
3 941
5 31
2 3
6 327
10 1449
2 588
199 54365
1 3
12 1769
2 8
3 1095
3 6
3 6
1 2
4 949
2 3
2 5
1 588
7 329
31 19393
17 13718
31 2552
3 4
7 4962
2 9
3 1537
3 8
3 10
26 10517
1 296
6 93
1 15
1 6
4 52
3 22
11 28
20 323
7 929
15 4006
21 2819
23 2819
1 3
99 44569
1 2
3 14
2 3
2 2
48 9605
1 588
1 287
1 597
4 304
1 2
13 33
4 6
1 2
2 1999
1 2
2 2074
3 3
20 2251
8 31
10 2878
2 22
1 33
3 11
1 59
1 15
8 327
2 161
1 5
6 10849
3 8
6 13291
2 6
1 2
22 20727
5 1293
2 44
5 327
1 9
3 290
16 21519
2 2
4 2244
3 31
3 3
7 13
71 17245
2 949
2 3
1 3
1 3
17 95
2 354
15 11913
1 5
9 73
3 3
32 82936
4 11
14 16
1 2
1 35
1 588
1 29
9 122024
22 20727
1 15
4 2244
5 45
1 22
1 3
1 297
1 72
2 11
2 2
155 32586
1 27
2 3
16 6795
2 275
11 1547
1 3
2 24
2 3
18 202650
3 320
17 8727
3 11
3 581
66 59187
6 493
25 4497
4 304
5 31
1 15
4 31
10 1839
7 2720
42 3529
2 2
1 6
6 473
3 290
3 288
1 288
7 52
3 6
1 29
6 10869
2 13
2 2
1 3
105 47853
3 5
4 8
2 2
1 7
12 1610
1 949
3 3
8 1769
27 9911
2 323
6 473
17 13618
11 135679
4 32
10 12677
1 288
167 43060
2 304
32 5863
1 40
3 6
28 2251
1 3
6 8
1 588
52 16332
1 3
2 3
1 3
41 261
8 608
3 3
6 13291
1 269
5 1769
1 5
1 5
4 5
4 45
2 7
1 2
23 691
11 7461
5 1537
6 473
25 4507
2 2
22 37169
2 10
10 144
3 66
2 3
31 82
3 312
2 15
7 167
1 15
2 588
1 3
6 79
10 1360
1 64
4 595
2 309
2 2
1 3
2 3
2 10
7 3075
5 31
1 588
9 2244
3 14
3 4
11 162
4 3500
4 11
5 31
1 15
6 13273
17 95
1 288
2 10
2 22
11 6143
3 10
3 949
10 1168
1 21
2 15
40 260
7 93
2 3
3 21
10 2237
3 288
1 2
2 3
2 588
6 13271
2 2
3 6
1 2
2 9
105 47853
2 6773
2 2
3 8
2 2
3 1537
1 2762
3 15
8 127012
17 95
4 28
1 14
2 6
2 4
2 10
7 469
2 3
4 10
1 76
7 34
3 288
5 71
2 89
5 31
2 3
89 4546
26 2251
1 949
25 4507
13 14218
1 3
3 22
38 14434
5 2074
6 4782
4 327
5 71
60 9605
7 34
5 360
1 3
3 10
2 58
3 297
199 54365
27 3452
1 7
1 2
3 2584
3 3
5 10376
3 289
25 6029
20 6795
2 288
2 24
3 22
1 15
4 54
2 67
2 15
6 32
2 588
3 15
6 6
2 2
1 3
2 3
24 1282
148 25702
4 8
9 1039
6 3452
9 89
4 10
3 304
2 304
1 6
2 3
55 4711
3 10
13 14218
20 2251
2 3
7 13
1 26
2 2
1 14
16 6868
1 5
1 2
1 39
9 1039
9 97
4 1769
314 76578
2 3
5 32
4 82
6 13283
2 34
4 31
2 2
1 2
6 4788
2 304
