3 3
2 22
5 382
6 31
2 14
78 3452
3 304
6 82
8 312
4 2065
5 10
2 3
13 91
2 8
6 327
3 12
14 3075
78 3676
2 2
2 3
4 4
9 2526
7 588
1 48
9 23
3 289
1 64
109 5340
5 297
4 6
2 2
11 28
1 2
3 3
1 5
40 6795
2 22
1 3
3 9
15 1361
24 12938
3 14
5 2074
28 2245
15 33311
2 3
34 14815
2 2
12 30
10 835
5 10
23 9797
11 493
10 36
107 3529
2 286
2 2
3 304
6 300
2 15
2 2
5 15
6 31
1 287
2 2
6 249
1 6
40 6795
3 89
1238 106703
3 3
3 5
2 588
4 52
11 517
16 398
3 7
6 360
13 4962
6 82
13 3490
2 2
51 1567
5 15
7 31
8 23
4 52
8 581
6 29
4 52
3 3
6 10
8 940
15 4708
10 3730
7 11
8 12
4 5
2 4
15 1449
4 19
93 2820
3 3
4 55
3 5
11 93
202 4712
178 5161
3 588
2 2
1 15
1 269
4 11
2 877
45 2252
2 3
3 15
12 30
357 11067
2 3
3 304
2 3
3 588
19 9789
1 297
2 9
87 9913
3 12
9 327
3 2078
35 3455
12 2879
5 15
1 2
1 5
2 2
5 10
3 89
2 6
4 315
3 588
265 11915
11 13295
2 4
7 8
5 11
3 588
10 329
4 11
2 3
5 10
5 41
83 14435
5 2077
5 10
2 5
32 8725
338 834420
3 289
2 9
3 175
200 146367
33 3221
4 26
35 3455
5 1742
2 2074
4 20
3 3
1 7
23 95
46 14436
2 3
30 3416
20 379
21 6774
10 1858
4 4
13 27
3 15
1 6
15 1449
3 596
7 105
3 7
21 6142
1 5
7 1560
105 1029
1 3
9 12
3 3
6 13
54 8861
5 885
2 304
5 12
20 379
20 133989
11 478
5 15
20 334
33 2829
5 10
3 15
8 8
4 597
4 28
7 82
1 5
3 297
2 3
1 35
36 205587
3 5
8 465
6 6
298 39052
4 21
4 14
3 9
40 6795
2 22
73 2820
103 18430
1 588
7 31
5 885
3 6
17 35
25 8880
96 56925
1 949
96 17122
3 596
147 36846
11 93
4 161
2 2
24 12581
2 3
2 3
74 2820
1 7
279 8433
5 300
2 2
2 2
27 730
2 2
91 12677
6 327
10 59
10 56
4 940
28 2245
6 13
3 5
2 3
29 3090
3 89
6 312
4 17
6 2584
5 10
2 2
4 24
2 150
6 277
7 54
1 286
1 3
2 3
25 183
2 3
2 3
338 834420
35 3455
5 581
15 144
6 300
1 2
3 1768
525 83276
2 3
2 3
2 9
9 320
2 8
2 2
104 6032
10 35
2 8
3 3
2 3
2 10
2 8
9 6842
10 9789
8 1294
8 581
3 7
110 29629
52 2858
83 14435
2 2
4 588
8 581
2 27
114 261
10 329
6 2000
1 287
18 2244
2 2
3 596
6 32
18 2244
3 304
2 10
317 42980
1 2
1 312
298 39052
75 2820
2 2
31 162
8 581
6 32
59 691
29 7459
5 6
9 30
13 29
210 3529
12 30
6 290
2 2
11 3056
41 6795
3 15
1 588
25 167
3 300
2 8
2 3
2 2
5 13
159 4528
4 9
9 8179
1 6
9 327
12 2879
2 288
8 34
11 28
2 3
17 228
1 2
2 3
19 2764
2 58
2 40
77 19395
2 1999
28 2245
15 1449
83 14435
2 588
2 2
1 855
2 3
63 1761
44 3180
4 11
16 16
1003 62955
91 3533
3 22
1 3
3 277
4 7
1 1996
57 10999
1 6
3 289
9 12
10 1858
42 82
2 588
2 15
4 52
1 3
32 1547
2 2
3 24
2 3
3 33
2 588
5 12
1 5
2 7
59 691
3 8
2 5
20 379
10 1858
5 10
3 3
4 5
4 304
1 8
6 1769
9 327
6 1537
3 18
8 2074
49 12581
1 14
11 10873
8 5612
6 14
3 6
3 17
9 327
209 6134
2 3
5 68
4 289
287 834420
2 5
11 4672
59 3484
9 12
39 2252
369 54374
54 8861
2 2
2 15
17 1839
56 6032
3 289
136 28811
4 6
18 700
4 6
11 28
10 2553
2 2
3 89
23 95
1 5
5 41
3 12
3 290
21 3074
2 275
29 12678
2 58
7 10
4 289
5 3994
3508 334323
6 7
16 97
2 2
118 261
3 3
2 3
6 11
1 71
1 303
4 1769
1 14
2 3
11 3416
7 31
10 940
8 8
2 6
91 122783
2 859
2 2
87 9913
2 30
1 5
2 2
36 205587
2 5
2 2
3 3
3 588
11 10897
11 13295
5 7
5 301
19 929
10 95
1 5
2 6
23 6432
1 312
118 19969
4 289
2 3
4 289
6 6774
1 20
4 588
1 25
96 17122
10 329
1 288
6 6
156 1853
3 72
3 3
4 17
1 3
96 1282
1 6
2 6
4 1999
18 18
2 2
4 7
2 2
1300 58680
6 82
14 4672
21 2879
12 30
59 6320
2 3
14 89
5 10
2 2
5 39
108 20583
56 3453
3 35
7 32
3 3
11 3672
1 3
2 588
3 3
2 2
8 581
5 6
3 1999
2 588
11 13297
6 32
1 2
2 2
1 3
8 134
1 3
3 91
2 3
3 8
72 17653
5 68
31 6774
12 30
4 12
15 39
1 12
17 1839
29 12678
1297 58670
17 6142
42 82
2 3
9 31
11 10873
3 35
9 51
6 4651
6 14
28 2245
3 18
5 885
2 3
40 1299
98 15476
4 4
5 15
5 6
1 883
2 52
2 3
2 5
4 5
2 8
2 303
11 493
1 6
49 12581
2 3
3 6
19 1769
1 6
5 11
88 19395
3 11
4 2065
7 868
3 18
2 3
45 2252
2 2
2 3
16 1361
2 3
4 588
2 6
13 91
4 295
6 34
270 25790
177 146367
9 51
5 15
233 162100
6 300
24 4699
12 30
5 304
20 7459
2 3
9 13
7 588
4 11
11 13297
1 5
33 3221
2 2
33 2829
2 3
107 3529
63 633
3 3
31 162
1 5
15 144
2 3
4 5
2 3
1 2
5 8
104 6032
1 2
2 5
6 4708
3 1094
2 2
20 133989
11 3056
7 588
4 24
32 3199
5 2074
1 949
5 11
278 24305
5 5
2 3
3 89
23 95
1 12
7 12
27 12938
7 32
73 2820
5 31
6 327
2 3
5 15
8 1537
1 27
2 2
1 2
2 3
7 327
3 54
4 6
3 12
3 18
10 327
6 327
3 304
6 1703
1 6
2 5
1 58
484 32599
8 2074
9 30
286 24321
10 95
22 1610
66 2553
10 1858
4 14
10 95
8 8
5 2074
44 3180
2 30
3 72
14 1361
1 5
7 32
1 3
6 868
2 304
3 15
2 6
3 12
1 72
7 31
2 3
1 855
2 3
7 32
138 4712
24 150
1 16
5 595
14 4672
2 3
29 7459
21 2879
116 11915
35 3455
1 58
7 10
2 3
1 3
2 4
336 36902
2 2
22 9690
3 18
7 25
66 2553
22 4788
2 2
1 297
5 10
160 9881
3 8
3 5
4 5
64 2820
6 32
104 6032
2 3
6 327
12 30
2 3
59 691
40 202214
6 588
1 297
63 1761
2 3
1 2
3 304
9 327
10 36
33 2829
9 95
6 82
5 13
2 6
1 5
2 3
1 6
5 581
5 7
2 6
6 868
3 8
3 30
21 167
44 20727
19 2247
3 24
2 2
2 2
16 1769
3 304
2 6
3 588
5 10
3 6
1297 58670
3 2074
2 288
2 15
1 5
2 588
11 493
4 5
1 34
8 885
4 288
6 312
1 3
1 12
17 34
3 588
2 12
2 2
45 2252
10 4304
159 4528
6 156
1 4
2 15
1 891
5 10
29 12678
9 327
10 118
32 8725
1 2
3 3
137 552
1 59
2 14
4 5
10 56
296 80667
8 327
1 91
7 12
85 82930
4 949
11 93
2 2
3 289
2 2
2 3
3 7
15 39
2 2
2 1999
5 8
46 3722
4 5
16 16
2 2
278 24305
6 31
66 2553
1 288
25 167
24 12938
2 2
2 2
8 96
3 1999
2 3
15 5456
11 13297
2 2
3 3
28 1769
2 4
7 588
2 3
4 11924
21 2879
83 14435
23 9797
2 5
1 5
28 1895
3 3
33 2829
110 13395
33 2553
3 12
2 2
5 294
2 2
2 304
1 14
3 9
4 940
15 1449
2 3
3 3
2 588
7 31
6 29
2 8
2 22
122 16392
5 885
5 71
1 588
6 24
2 3
5 2074
1 297
11 10873
64 2820
31 2238
3 3
11 3056
5 10
29 12678
2 3
3 58
1 2
4 67
1 3
37 12679
2 3
124 9607
3 304
5 304
4 9
1 286
5 5
2 288
6 6774
5 581
9 603
22 9690
2 3
11 327
10 56
41 4510
2 22
32 5094
10 1858
338 834420
23 95
2 2
4 8
3 3
2 5
1 64
2 3
1765 101925
4 1999
9 6842
2 304
6 32
13 3490
11 493
2 288
1 12
357 11067
4 327
87 9913
2 3
3 19
4 6
21 167
9 144
22 1040
6 290
22 1307
8 581
2 3
1 2
2 3
3 304
233 162100
5 301
10 2829
3 12
3 1768
1 5
1 297
2 2
3 3
37 12678
7 588
69 6205
5 8
2 2
11 93
2 3
8 2080
5 12
8 8
369 54374
122 19420
3 7
4 289
2 2
5 7
503 20883
72 17653
5 68
23 9797
2 9
6 580
2 3
15 1361
11 3416
11 493
2 3
19 73
17 8877
2 288
1 6
46 12679
4 9
3 1006
2 2
1 58
1 14
7 31
1 4
7 31
59 55393
41 6795
1 588
5 10
7 588
1 71
6 32
3 596
2 5
3 354
2 288
3 3
298 39052
3 3
5 304
2 2
15 1361
2 2
91 12677
2 3
72 9913
2 2
2 2
2 2
2 3
15 144
3 15
23 13730
9 327
2 21
2 3
1 2
105 9607
2 6
6 32
1 588
1 2
5 17
1 855
2 2
2 3
32 8725
4 4
2 15
7 31
6 31
2 9
2 72
9 588
5 5
22 126980
1 5
75 2820
287 834420
40 217011
41 6795
2 30
26 7459
7 64
1297 58670
28 1895
1 64
455 20711
9 2257
8 598
5 10
19 19
2 5
2 3
15 608
3 5
4 256
103 18430
3 89
2 3
4 11
4 11
1159 31976
9 1180
1 297
48 20727
4 4
1 10
5 17
3 3
88 2932
16 1769
5 10
8 581
1 5
6 2662
4 304
5 5
12 1610
5 12
2 2
3 89
2 3
9 92
2 5
2 3
15 144
13 27
3 15
5 7
18 3490
32 1547
7 32
8 34
1 10
7 868
3 18
1 297
21 6774
3 7
3 8
3 12
2 288
6 24
21 2879
6 31
4 19
72 9913
3 304
96 1282
19 9789
3 3
2 5
1 20
3 296
2 3
11 93
2 2
1 5
2 3
11 10873
3 36
1 6
2 5
91 3533
3 885
4 327
2 30
12 30
2 3
3 3
6 7
1 9
287 834420
1 24
8 8
31 162
3 12
2 3
3 18
2 2
3 304
58 323
1 301
1 2
16 40
3 3
22 1040
1 588
6 2662
270 25790
9 2257
10 7952
2 12
17 33
37 5114
1 18
634 241047
484 32599
9 8179
22 9690
11 493
4 304
2 24
31 162
287 834420
69 6205
121 4499
3 304
25 5904
2 3
3 290
79 17438
2 3
5 15
2 3
3 12
10 588
374 10479
1 64
2 3
3 30
52 11000
9 387
2 3
3 3
210 3529
15 1449
15 1449
1 6
3 9
118 7904
6 1537
1 2
2 3
35 3221
1 287
5 60
2 2
25 5904
11 493
156 1853
2 3
33 2829
3 304
5 9
9 2764
1 5
3 30
287 834420
3 3
4 55
1 6
2 1709
3 7
2 304
4 67
7 7952
8 2686
3 588
2 2
2 288
2 588
1 2
4 6
5 31
11 493
19 73
3 18
75 2820
2 2
35 3455
3 24
4 13
3 24
4 33
2 3
4 8
177 146367
64 2820
3 3
2 14
6 2584
39 2252
12 4708
2 61
6 360
3 14
18 9797
56 3453
4 327
427 21747
5 595
2 2
2 2
6 22
13 59
5 5
3 8
1 4
91 3533
22 135527
16 1769
2 304
22 135527
2 2074
10 95
3 3
15 4708
363 37171
6 12
2 2
2 3
7 7898
2 2
79 79
19 673
54 8861
2 14
2 3
15 144
3 4
4 4
10 95
12 174
6 24
1 287
2 3
1 2
3 596
3 3
2 2
3 588
44 3180
6 6
17 17
15 6753
3 72
24 150
1 3
4 14
5 1537
4 52
2 2
2 3
2 3
3 596
2 3
2 3
8 22
4 11
6 156
2 3
2 4
20 1520
1 3
9 95
28 1895
3 289
6 6
2 588
3 3
6 1703
135 18509
91 3533
23 95
3 7041
5 10
4 6
15 1449
10 1858
5 19
24 12938
2 1999
2 288
2 304
28 2245
3 289
2 3
4 312
3 18
27 4425
10 329
6 1537
3 89
5 31
2 3
19 1769
11 13319
11 13321
21 6774
5 24
5 13
4 304
22 1610
4 588
11 493
4 12
3 596
2 17
2 3
2 2
2 3
4 17
1 2
9 9
1 312
3 3
5 10
11 93
12 30
2 2
15 929
7 32
2 2
1 11
3 588
8 2080
4 33
50 13620
9 320
10 36
17 8877
18 1766
5 581
7 10
132 35989
2 3
46 14436
10 1858
107 4499
2 2
11 10897
4 304
3 304
1 2
3 54
3 8
1 269
5 10
35 3455
2 72
8 23
10 36
6 156
11 13321
2 5
9 3442
22 4788
2 3
3 588
1 588
35 3455
1 2074
8 34
87 9913
7 588
11 10897
6 29
6 312
484 32599
1 64
1 6
1887 407821
2 2
6 31
3 4
9 12
9 8179
3 5
2 2
1 3
23 1520
2 72
11 4790
2 6
1300 58680
1 14
8 34
2 3
10 36
7 13
1 76
21 2879
16 97
1 855
1 2
3 289
20 1176
6 597
2 1999
3 3
1 301
3 3
17 323
7 588
15 6753
13 27
233 156884
6 6774
35 3455
4 289
5 31
8 868
2 2
13 5168
12 30
31 162
6 327
1 64
50 13620
167 5521
6 1537
17 39
4 55
3 6
18 71
4 33
5 312
4 52
2 6
3 596
4 7
3 6
17 339
17 1827
32 3199
1 2
212 3529
3 58
2 304
2 3
6 13
4 315
4 18
3 3
3 3
2 9
7 7898
2 67
25 7454
4 1999
45 10517
19 4789
3 3
1 12
3 354
20 379
10 36
124 3326
69 13620
33 2829
20 7459
1300 58680
120 18096
12 1608
2 40
6 2662
21 2879
11 73
2 2
2 588
8 23
24 150
1 5
4 2142
1 288
25 7454
31 162
2 3
6 82
4 12
56 6032
3 289
2 3
22 334
3 326
4 297
2 3
9 327
2 3
6 312
28 63
28 2245
3 15
7 31
4 4
59 55393
2 2
4 297
2 2
2 2
2 2
12 5168
2 24
17 1294
3 13
1 2
158 12239
6 6774
1 5
1 2
1 6
2 3
287 834420
9 2362
3 290
11 493
2 3
2 2
12 30
4 590
6 360
1 6
10 329
2 21
2 1709
6 32
12 1610
9 2764
14 4672
9 1610
5 6
6 1703
1 5
369 54374
3 290
5 10
6 154
9 51
1 76
20 1172
6 312
3 12
1 39
91 3533
83 14435
120 17906
2 2
19 13264
1 3
3 24
6 3994
3 18
2 2
3 3
2 9
1 855
1 6
105 1029
3 44
10 4017
1 297
2 3
2 15
15 32978
3 9
3 354
4 13
3 18
6 6774
29 12678
41 4510
3 304
2 6
3 6
10 940
23 95
72 17653
8 1294
4 12
1 9
123 9881
5 10
3 3
5 297
2 2
1 30
2 6
8 55
59 6320
1 1294
5 19
3 18
1 297
1 10
2 3
5 301
1 69
3 4
12 145
2 1999
5 2029
2 2
2 3
2 588
2 3
4 89
2 2
1 2
10 36
1 2074
2 22
9 2764
17 179
15 71
8 55
1 297
2 4
2 3
1 7
1 12
3 7
1 6
5 10
41 4509
19 4789
185 629071
10 903
8 23
5 15
1 5
2 2
2 3
4 9
16 1361
4 11
2 3
3 12
9 95
3 89
22 1040
6 360
2 3
3 3
4 33
2 8
1 6
14 929
11 2232
1 5
2 2074
19 3455
40 6795
4 52
3 3
3 3
1 9
206 17884
2 288
138 4712
2 304
4 596
11 2553
5 304
6 14
2 3
374 10479
1 3
5 114
25 920
458 39838
3 7
167 1853
5 304
1 13
6 156
8 23
210 3529
1 5
4 10
4 52
2 22
1 2
2 2
3 18
2 304
7 32
6 588
1 3
2 2
3 9
110 259
35 323
270 11211
3 180
1 3
5 301
9 144
216 33040
1 5
4 354
4 7
1 301
57 20727
3 1768
3 3
3 354
5 7
3 3
2 3
11 13297
7 31
1 5
270 11211
2 21
8 34
25 4788
13 134
3 4
6 22
96 1853
15 183
7 868
2 3
2 588
6 6
2 588
78 3676
2 22
2 3
2 3
3 12
1 855
31 162
5 6
3 6
1 269
17 66
1 588
2 3
1 855
4 297
25 167
6 29
3 89
45 2252
33 2829
10 1858
27 8725
2 2
11 144
2 14
17 1839
2 10
6 15
8 1528
19 1769
17 6142
1 5
321 54369
74 747
3 14
3 89
2 60548
11 10873
3 4
87 12677
2 9
5 7
50 13620
3 3
33 2829
73 633
3 24
6 581
2 3
32 8725
4 20
2 3
2 2
1 3
2 3
23 9797
233 162100
2 2
11 493
3 3
46 3722
12 2879
11 10897
2 2
336 36902
92 12677
1300 58680
3 1999
14 3075
12 18
17 35
6 15
5 5
11 13283
3 3
19 673
178 5161
1 5
2 6
3 3
5 6
124 9607
2 3
6 290
9 8179
14 28
8 1604
10 2553
1 2
1 27
3 15
6 17
3 8
16 398
3 3
3 588
8 35
3 3
12 30
118 7904
19 4789
2 3
1 6
3 4
2 3
2 3
15 39
37 249
2 288
3 304
10 329
8 1602
12 1610
18 4962
5 56
9 92
31 162
1 289
8 868
5 10
23 9797
3 3
5 297
14 89
1 7
3 3
2 6
11 493
2 288
2 2
1 297
4 288
7 31
15 90
4 11
27 379
3 18
4 89
9 327
3 24
2 2
15 3431
2 588
9 8179
2 2
2 44
1 949
3 5
18 3490
32 3199
2 588
14 89
2 3
2 2
29 121964
1300 58680
10 327
3 1768
1 1999
10 36
96 56921
2 3
727 76856
11 10897
77 19395
15 6753
104 5340
10 329
2 3
12 3500
57 20727
374 10479
9 95
4 11
2 3
24 4699
16 32
3 89
1 64
2 2
2 30
8 22
22 34
3 9
4 5
7 31
7 31
5 28
4 940
2 2
2 3
3 304
40 6795
11 2764
4 304
27 8725
1 3
4 8
3 6
25 5904
22 135527
7 588
27 730
1 5
3 22
5 6
45 2252
3 296
2 2
41 4510
5 1768
16 1769
4 27
12 603
9 51
28 2245
3 3
20 379
2 588
6 22
2 3
1 21
2 2
2 3
2 2
23 643
1 27
6 34
3 304
2 6
11 2553
1 287
4 12
11 13307
5 22
24 12938
13 478
2 3
3 304
3 30
11 493
1 5
1 3
1 588
1 297
6 14066
14 929
2 3
8 23
1 35
305 836158
2 2
8 2080
369 54374
1 297
75 2820
8 52
1 6
2 3
2 3
28 1895
2 588
32 18332
3 3
4 6
107 3529
4 112
7 70
2 588
2 3
3 3
73 1853
4 2065
1 76
45 2252
2 2
3 3
2 1999
3 14
5 17
3 89
3 3
3 89
2 2
2 2
22 1610
2 3
374 10479
2 2
2 588
2 2
11 517
1 5
118 15546
6 29
19 1610
20 195
12 2879
10 36
24 12938
2 5
2 4
3 3
5 5
9 6842
1 35
17 1839
1 588
17 39
2 2
7 32
3 7
26 6842
209 6134
5 12
2 288
2 3
3 3
109 13387
15 639
11 517
1 64
7 10
2 2
8 12
59 6320
1 2
6 32
6 11
1297 58670
75 2820
4 289
24 12938
2 5
2 2
5 9
5 301
10 56
6 12
8 23
2 3
29 14219
5 10
12 4708
2 2
26 7459
2 3
2 5
2 3
2 2
3 290
1 14
3 326
11 13295
3 3
9 92
212 3529
15 1449
3 6
2 5
1 2
12 30
6 2030
2 2
1 64
1 10
4 10
3 9
6 1769
41 4510
7 588
2 2
12 8637
4 940
1 3
2 3
1 5
1 2
3 89
3 4
6 290
22 1040
4 315
2 2
21 2879
1 588
8 23
2 14
11 4880
2 3
206 17884
3 7
87 9913
2 3
1 5
1 10
29 14219
5 10
1 7
1 3
4 6
3 7
3 296
8 581
7 13
7 588
13 3490
118 19969
5 312
5 7
1 6
6 14
3 15
2 588
3 35
4 67
94 13620
1 15
2 3
9 327
2 2
5 8
472 20152
18 105
2 2
2 2
207 4547
10 1858
5 595
11 2764
2 588
4 12
1 588
4 8
39 2252
177 146367
2 7
2 2
2 288
2 2
1 22
6 6
5 301
7 32
40 6795
3 17
4 11
23 9797
3 354
2 2
6 31
618 65653
1 301
6 290
2 2
76 2820
2 588
3 7
51 1761
3 15
3 8
1 6
1 2
3 289
29 12678
1 949
5 297
11 13309
6 3994
270 11211
15 144
3 3
15 608
210 3529
6 327
3 354
2 2
2 304
2 275
2 2
12 30
2 3
2 33
4 1528
10 4591
42 120444
10 329
9 3147
6 32
2 2
2 2
1 588
3 9
77 19395
63 633
11 2764
5 10
5 54
7 581
2 12
5 1742
4 11
2 1999
11 10873
5 2077
1 6
6 10
10 1858
1 949
2 588
3 9
2 6
3 19
6 31
3 3
137 552
2 3
2 2
2 2
7 31
11 93
58 4006
37 249
4 4
137 552
4 288
11 10873
15 1172
2 588
6 10
3 17
4 21
5 10
2 288
9 31
110 259
3 326
6 12
25 2755
4 4
29 335
120 18096
9 31
2 3
3 3
2 2
2 3
1 301
1 3
2 2
138 4712
3 3
41 6795
8 312
16 38
1 2
177 146367
121 4499
115 20583
3 4
1 76
287 834420
5 581
4 11
2 2
1 20
5 19
2 5
6 7
3 588
6 54
440 51958
22 9690
39 2252
2 22
2 588
2 2
124 3326
4 354
104 6032
2 7
31 162
9 8177
15 71
8 12
11 493
2 3
3 12
1 64
4 19
6 277
1 10
4 33
3 596
2 22
1 855
3 22
37 12679
9 2526
4 4
2 2
6 1703
4 10
124 9607
4 2065
4 21
77 19395
10 940
5 31
49 12581
2 3
3 3
2 288
1 1852
2 2
11 3416
3 178
8 8
17 1839
3 89
2 3
1 2
54 8861
8 1604
58 633
3 30
8 327
1 64
1 297
7 31
8 1604
1 5
8 1040
114 261
11 13321
4 2074
2 588
11 517
2 3
2 10
12 144
27 379
1 6
5 10
7 31
1 5
12 30
9 8177
3 304
3 4
10 940
3 18
2 3
1 885
9 31
5 581
2 2
19 26
7 327
1 297
3 326
7 31
5 31
185 629071
1 64
6 28
2 3
2 7
23 95
3 9
5 10
18 126980
52 2858
2 2
2 885
4 8
3 89
5 44
52 2858
6 1703
5 8
321 54369
6 82
8 5612
3 4
31 2238
4 11
6 31
369 54374
1 33
103 18430
20 1769
1 588
2 136
1 5
11 93
4 304
5 581
6 6
2 30
9 92
2 3
35 3455
5 10
2 6
8 52
6 312
52 11000
47 1029
3 18
10 13
15 1449
123 16400
4 588
5 304
2 15
101 122353
1 588
78 3452
10 588
21 2879
22 2723
5 11
5 22
3 7
15 1449
107 4499
93 17122
4 4
4 52
5 41
4 949
5 10
14 3075
5 71
92 12677
8 312
1 297
5 304
6 32
229 51243
15 608
2 2
3 354
4 949
1 15
40 217011
2 588
40 12678
1 9
119 16400
2 3
5 1768
374 10479
9 23
1 588
20 379
5 297
3 3
10 588
1 15
11 28
45 2252
103 18430
32 8725
1 64
42 2255
1 5
3 6
104 6032
1 588
5 304
1 5
7 868
9 144
7 13
4 354
1 5
3 65
1 588
3 3
2 58
2 9
6 588
2 2
289 47855
75 3533
2 3
6 14
29 14219
4 6
15 3431
3 3
3 2074
9 9
7 46
7 54
2 588
7 32
1 588
3 12
2 2
2 5
21 1839
28 2245
124 9607
9 6842
9 144
3 304
2 588
3 12
2 2
4 14
5 6
110 259
118 7904
3 12
16 183
147 36846
15 4708
2 2
1 294
61 3482
3 290
5 2080
2 2
17 6142
22 2723
2 288
2 2
10 36
7 12
3 22
96 7186
2 2
1 2
5 581
42 6869
2 34
338 834420
2 3
4 11
14 929
3 8
5 883
2 9
2 6
6 1769
5 10
2 2
7 581
2 2
23 12938
5 10
2 2
20 379
1 4
1 22
7 91
5 15
1 269
4 2074
3 12
17 39
23 13701
58 323
32 8725
5 301
14 29
32 8725
15 1449
4 2074
1 287
2 288
32 13325
2 2
4 289
5 31
17 66
2 8
1 296
107 3529
5 15
2 5
3 15
3 3
2 2
4 5
2 4
7 2576
29 121964
6 29
4 6
3 6
39 2252
3 15
2 3
1 588
10 835
1 3
24 12938
1 5
64 2820
1 2
183 29424
3 18
13 18
1 2
7 11
3 304
31 2238
5 56
6 4708
15 6753
2 3
4 52
2 288
2 5
1297 58670
1 297
1 12
1645 21338
118 19969
4 4
123 9881
20 334
11 13319
4 4
137 552
35 3455
63 2553
6 2662
2 3
11 493
3 8
19 4789
8 2080
4 11
2 2
54 8861
6 300
1 2
17 95
3 3
22 1040
8 327
5 10
40 6795
1 588
3 3
1 588
2 288
2 288
3 588
8 1040
57 20727
6 4708
265 11915
3 36
4 1769
2 3
2 288
7 588
8 312
1 2
3907 334323
79 79
9 51
1300 58680
173 29424
1 588
3 3
3 3
4 289
324 54374
6 7
9 2362
18 4790
57 20727
11 13285
3 304
4 4
6 297
10 36
16 639
4 6
1 5
3 15
8 23
6 940
13 27
3 12
1 297
7 32
4 4
2 21
2 3
4 55
2 2
3 7
5 10
29 14219
1 855
2 15
2 2
2 287
2 21
178 5161
1 6
3 3
1 76
88 1106
3 3
2 4
1 10
1 6
94 13620
1 297
11 2764
16 34
2 3
1 7
6 3994
11 93
147 36846
8 2080
3 3
3 9
31 2238
38 1299
4 297
5 21
2 588
3 9
9 13
1 14
6 6774
4 294
2 9
3 22
3907 334323
2 2
11 493
7 597
45 2252
3 290
1 72
2 15
1 588
2 34
9 32
6 10
35 3455
9 327
11 13297
147 36846
6 13
73 2820
34 41
20 9690
87 9913
78 3676
9 8179
17 1839
3 304
4 5
2 112
2 14
2 30
11 13319
4 6
83 14435
67 650
2 3
42 2255
28 2245
2 3
1 2
38 1299
11 13283
8 8
727 76856
9 95
12 1610
11 493
4 10
2 2
2 2
13 27
11 3416
3 66
78 3452
45 2252
2 3
5 10
2 3
1 949
6 940
3 12
3 5
4 312
2 3
3 9
6 360
58 4006
3907 334323
22 413
138 4712
14 89
1 3
97 3055
4 289
28 2245
9 51
120 17906
9 134
11 1172
1 5
4 6
22 1610
2 15
23 249
7 17
29 14219
17 1839
10 36
417 20883
10 329
3 3
32 1547
261 37171
39 2252
57 20727
10 95
2 2
5 1537
59 691
19 4789
69 6205
1 1999
5 31
10 36
56 6032
5 56
1 2
78 3676
1 5
18 18
2 3
64 9345
19 9789
7 3500
2 2
4 67
9 2257
5 588
6 581
17 35
11 3672
4 7
18 9797
3 17
2 3
17 1460
11 517
321 54369
8 23
22 1610
22 413
31 162
11 93
2 3
31 162
28 2245
3 89
2 588
3 89
10 118
63 633
4 32
2 3
1 5
298 39052
13 3416
337 11067
2 288
41 4510
4 5
13 3416
2 112
15 1361
120 18096
3 10
66 2553
6 24
18 126980
2 5
6 6
1 5
210 3529
4 28
15 1361
5 8
6 32
2 2
21 3074
6 312
12 30
18 1839
3 6
9 1537
7 31
11 517
1297 58670
2 3
2 2
503 20883
3 72
4 65
19 73
3 35
1 13
7 32
6 868
23 9797
2 5
6 15
22 2723
11 10873
2 8
7 12
2 3
3 89
4 588
36 205587
1 2
7 32
8 73
5 9
4 14
6 6774
8 868
287 834420
3 14
3 8
3 288
287 834420
42 6869
11 13295
10 36
10 1610
6 1537
6 31
20 1976
2 2
22 1610
6 327
25 4788
1 18
103 18430
4 7
15 1449
1 35
216 33040
9 327
6 3994
2 12
42 82
17 1839
4 4
2 2
1 5
77 82930
3 18
124 9607
1 4
2 18
2 588
15 639
19 35
7 12
3 7
9 59
3 36
21 2879
77 19395
5 12
2 1999
122 16392
6 2662
10 59
2 5
7 588
2 2
1 11
2 9
39 2252
6 12
22 9690
28 1222
1 64
46 14436
9 45
5 7
37 12679
4 14
3 8
2 3
19 673
19 73
2 3
2 2
31 2238
3 304
4 8
5 10
2 588
19 1769
9 31
5 10
1 286
1 10
3 33
467 44573
11 4783
92 12677
2 2
2 5
6 29
1 297
3 12
132 35989
4 33
32 3199
22 1610
8 1294
2 15
9 31
10 95
11 1537
2 5
479 29144
1 588
5 114
1 6
6 312
10 1858
2 2
120 17906
1 2074
22 4788
2 5
3 7
13 3416
67 650
1645 21338
53 2858
1 5
6 6774
1 312
11 13295
5 31
2 3
46 12679
3 9
2 2
1 5
2 2
4 294
386 39838
16 183
2 6
254 162100
110 259
3 301
357 11067
18 105
4 315
6 32
1 297
7 327
4 6
7 32
11 327
14 89
15 39
15 1361
21 2879
2 885
37 12679
2 21
10 940
15 144
2 288
183 29424
7 10
1 5
4 588
6 1537
3 7
178 5161
1 3
2 3
40 6795
1 3
9 93513
5 595
2 2
1 7
1 288
7 12
10 95
12 1610
6 22
287 834420
4 5
12 3500
5 1768
7 588
6 82
1 5
25 7454
3 290
2 3
4 24
3 3
13 3490
2 9
5 15
8 940
3 12
2 5
9 31
15 144
3 3
3 3
2 2
3 3
10 36
2 2
14 89
2 34
3 288
22 4788
2 22
1 3
11 27
2 6
69 13620
107 3529
6 1703
1 12
2 2
4 297
87 9913
2 21
2 2
4 312
7 597
2 2
11 1537
13 3416
2 5
5 300
1 588
5 101
9 23
4 597
23 95
2 2
4 1528
3 3
5 6
3 3
4 52
8 8
1 14
1 59
15 608
9 144
2 3
2 3
73 633
3 8
9 95
1 5
92 12677
6 31
357 11067
287 834420
11 13283
2 288
1 297
64 2820
3 3
4 1769
2 14
5 5
65 10999
10 1858
2 2
232 17884
2 5
5 588
2 3
64 2820
8 23
2 286
3 15
9 327
6 56
9 1610
2 3
2 2
2 3
2 5
2 12
15 1449
1 6
1 76
3 588
11 2764
1 14
7 32
79 17438
66 2553
93 2820
31 2238
7 588
1 3
66 2553
3 1805
8 885
2 288
4 303
9 2829
29 12678
5 5
11 13307
18 4458
4 294
1 5
3 296
321 54369
2 304
5 24
1 6
2 3
50 13620
338 834420
210 3529
13 3416
2 2872
22 4788
727 76856
7 32
11 493
6 31
2 288
2 304
8 34
177 4103
32 3199
1 588
1 288
210 3529
3 301
5 2074
85 2820
3 54
2 3
5 309
11 2764
1 6
1 3
9 9
5 12
2 304
1 588
4 4
6 6
5 3994
11 1172
5 3994
63 1761
2 3
6 12
5 7
11 493
4 2081
45 10517
7 10
15 639
3 588
12 144
3 288
69 6205
1 5
14 3075
12 4830
15 3431
35 3455
5 301
2 2
113 260
3 89
1 6
3 72
42 2255
3 3
3907 334323
103 18430
3 290
1 3
2 3
96 1282
1 6
4 303
3 3
31 2238
3 277
1443 330738
46 3722
15 1361
4 9
2 288
15 14797
5 12
2 3
7 588
12 327
2 5
2 5
29 14219
2 15
111 260
7 32
1 3
1 269
261 37171
2 2
3 72
2 3
124 9863
373 707440
118 7904
4 11924
41 4510
6 29
3 3
3 9
3 304
1 949
3 15
7 31
59 6320
3 220
147 36846
4 14
17 39
1 2
1 301
2 3
3 3
6 2584
34 14815
14 929
6 300
17 1839
5 581
1 2
100 3001
5 304
1 7
17 6142
3 12
1 58
19 73
10 588
3 15
3 67
11 1537
8 34
1 4
1 303
3 3
6 312
6 10
338 834420
3 354
6 32
80 12677
2 2
1 2
1 35
3 5
1 312
4 2065
2 3
10 19
3 297
46 12679
201 4712
2 2
2 3
3 3
12 30
1 2
8 581
209 6134
6 327
2 3
484 32599
136 1709
15 1361
2 1999
3 885
25 7454
66 2553
1 297
1 949
3 277
3907 334323
25 8880
6 13
7 595
2 3
2 2
63 633
1 3
59 6320
2 6
4 297
57 20727
78 3452
1 5
1 269
2 3
2 288
14 3075
18 1764
29 121964
8 52
2 15
3 8
7 320
7 11
12 327
11 4672
4 327
458 39838
7 12
107 3529
59 6320
20 1172
4 1528
13 18
2 2
4 6
1 2
3 15
19 73
2 213
2 2
2 285
5 16
6 156
13 3490
17 6142
2 9
2 5
3 3
10 95
6 290
1 12
8 1040
23 9797
1 2
23 95
1 297
191 33906
22 1040
2 2
2 3
270 25790
3 89
5 581
29 14219
78 3452
4 4
7 940
3 1805
7 31
2 22
2 303
4 4
120 17906
22 1307
2 3
15 1361
1 2
1 6
5 10
7 588
108 20583
193 24945
2 1767
3 304
110 29629
10 1294
10 53
6 327
1 39
7 588
7 33
77 82930
177 146367
8 312
8 8
2 2
1 5
11 1537
423 44573
1 64
6 1769
2 3
9 317
7 588
23 95
100 3326
1 297
2 287
2 12
1 2
3 304
1 10
3 3
9 327
2 3
2 2
2 2
1 588
1 2
5 304
83 14435
2 1999
2 3
1 72
1 2
1 5
4 4
8 23
11 13307
17 6142
4 17
10 95
6 12
3 5
1 2
2 3
22 1040
11 10873
9 46
3 3
11 2231
6 2662
2 2
1 5
2 288
2 2
1 15
1 2
177 146367
24 12938
2 3
2 3
2 5
7 31
3 14
5 15
4 40
19 9789
3 8
6 580
65 14814
52 11000
2 2
1 6
17 34
22 2723
4 11
1 287
6 32
1 949
28 2245
104 6032
11 13309
3 3
5 301
1 286
8 8
11 1537
2 2
386 39838
2 3
18 105
1 286
5 304
5 15
1 5
2 3
2 3
1 2
6 1537
33 2829
66 2553
72 17653
6 32
4 297
2 3
8 10380
337 11067
5 301
7 31
2 288
2 4
2 6
12 58
4 588
6 82
3 3
111 260
1 2
3 3
30 204
2 588
45 10517
3 3
2 7
30 204
36 205587
5 10
71 9904
2 2
6 10
1 5
58 4006
1 6
42 2255
19 4789
3 1170
4 6
2 2
133 544
1 2
1 3
3 18
4 4
4 3533
3 3
13 27
8 34
3 3
4 4
3 9
16 32
3 3
5 11
136 28811
22 1040
4 6
15 90
3 23
591 48202
6 82
8 23
83 14435
20 1172
7 31
4 7
2 3
1 5
7 32
1 297
7 31
5 2077
20 379
2 5
3 18
321 362151
42 2255
2 24
32 3197
9 93513
5 15
5 15
1 59
3 937
6 82
45 10517
15 1449
6 13
9 93513
2 2
22 1610
3 89
12 30
2 9
121 4499
2 2
20 133989
2 2
11 493
2 3
3 12
37 12678
2 5
3 24
8 23
19 73
3 12
96 1282
31 162
2 3
3 40
3 7
287 834420
6 17
31 14219
9 95
4 1999
11 10873
1 588
2 5
2 2
19 9789
1 72
3 8
2 3
5 297
1 22
1 5
4 11
6 940
9 327
2 2
15 1449
3 588
7 31
369 54374
1 3
3 3
16 1769
2 9
4 6
1 2
6 949
2 5
1 588
42 2255
10 329
84 19395
2 2
3 3
66 2553
3 4
18 4962
17 35
6 1537
3 12
4 8
3 3
1 4
45 10517
1 296
10 95
3 15
1 6
6 56
2 22
60 323
14 929
58 4006
73 2820
75 2820
1 2
423 44573
2 2
3 14
3 12
8 581
2 2
3 3
105 9607
1 588
7 31
4 597
5 304
1 2
1 2
2 1999
2 2
3 2074
3 3
15 1449
16 32
21 2879
5 22
2 33
305 836158
1 59
1 15
12 327
2 2
5 161
2 3
1 5
7 32
3 6
2 2
57 20727
9 1294
5 44
6 327
2 24
1 10
6 290
32 21529
3 8
270 25790
3 3
160 17249
4 949
2 3
3 354
149 11915
1 5
19 73
3 3
5 10
85 82930
4 11
1 35
1 588
12 30
29 121964
57 20727
1 15
2 79
23 95
9 45
1 22
1 297
2 72
4 11
23 95
484 32599
1 27
41 6795
2 275
32 1547
3 3
40 202214
3 18
7 320
32 8725
5 11
5 581
7 31
158 59197
121 4499
4 304
1 15
3 3
17 1839
11 2723
2 2
212 3529
1 6
6 290
3 288
2 288
2 3
8 52
3 12
4 6
2 2
12 30
2 2
3 12
9 13
3 289
2 2
289 47855
3 5
2 2
3 7
22 1610
1 949
19 1769
2 3
87 9913
5 323
69 13620
5 24
22 135527
11 13309
29 12678
2 288
542 43078
4 304
8 34
2 3
136 5864
2 40
4 6
48 2252
1 588
85 16333
15 608
3 3
1 269
20 1769
2 5
2 5
4 5
7 45
59 691
29 7459
12 1537
2 2
2 2
261 37171
15 144
3 66
42 82
6 312
5 15
2 6
3 12
24 167
3 15
1 2
2 588
2 3
9 79
15 1361
1 64
7 595
5 309
11 13297
14 3075
6 29
1 588
338 834420
31 2245
4 14
4 4
31 162
7 3500
4 11
270 11211
1 15
5 6
1 288
7 31
5 10
2 24
2 22
21 6142
5 949
3 18
2 21
2 15
31 2238
3 288
2 2
2 3
3 11
6 588
2 2
2 9
289 47855
6 6774
5 21
1 2
6 1537
305 836158
9 2764
5 15
28 126980
6 28
1 14
3 6
2 4
5 71
233 162100
3 89
9 327
7 32
2 3
207 4547
3 289
3 15
1 949
29 14219
1 3
2 22
83 14435
5 2074
3 8
11 4783
4 327
4 4
2 2
124 9607
16 34
2 2
6 360
233 162100
1 5
5 297
369 54374
55 3453
45 2252
2 2
206 17884
7 32
6 2584
3 3
104 6032
40 6795
2 288
2 22
3 15
6 54
3 67
5 15
7 588
3 15
6 6
6 31
2 2
6 31
96 1282
22 1040
23 95
18 3455
14 89
7 10
8 34
3 304
4 304
6 13
2 6
2 3
202 4712
29 14219
10 13
2 27
1 14
42 6869
2 3
1 5
10 95
1 2
1793 407594
1 39
22 1040
16 97
6 1769
20 1172
6 82
2 34
2 3
19 4789
2 304
270 11211
11 493
1 5
