6 22
3 14
2 61
9 31
144 3452
3 304
3 3
16 82
12 312
1 12
4 2065
5 10
94 2858
27 10873
19 91
3 18
5 8
14 327
29 3075
352 3676
2 3
4 4
3 18
3 3
19 2526
13 588
1 48
11 23
2 64
181 5340
7 297
2 2
4 6
13 28
1 2
3 3
1 5
2 2
63 6795
6 22
2 3
29 1361
89 12938
2 2
12 31
6 14
9 2074
4 12
24 33311
108 14815
2 2
15 30
11 835
5 10
40 9797
326 3529
22 1176
5 304
27 13309
10 300
5 9
3 15
11 32
5 15
3 3
2 2
28 249
15 95
4 4
1 2
3 6
63 6795
4 89
3725 106703
3 3
2 3
63 2252
6 588
4 52
49 398
10 32
4 7
8 360
8 24
55 4962
4 12
16 82
56 3490
140 1567
5 15
16 23
4 52
3 3
4 52
8 581
5 7
8 10
24 940
24 4708
8 11
11 12
12 31
5 5
3 3
2 4
6 19
301 2820
3 3
4 55
22 93
651 4712
496 5161
4 588
2 2
1 15
3 3
1 269
2 24
6 6
4 11
5 10
4 877
3 3
8 15
15 30
1064 11067
12 32
3 3
3 304
63 2252
1 76
10 588
36 9789
2 2
4 297
2 9
297 9913
8 12
2 2
27 493
3 3
9 2078
3 3
87 3455
5 8
30 2879
5 15
1 2
7 10
3 89
4 6
2 2
8 315
1 2
10 588
1 14
3 3
957 11915
2 4
3 17
7 8
2 2
7 11
4 588
11 329
4 11
6 41
201 14435
5 2077
2 5
53 8725
10 34
2 9
9 29
590 146367
86 3221
4 26
87 3455
5 1742
6 2074
6 20
1 7
142 14436
74 3416
151 379
91 6774
14 1858
15 27
8 15
4 937
1 6
19 30
27 493
6 596
7 105
4 7
3 3
31 6142
10 31
28 1560
297 1029
1 3
11 12
81 8861
11 885
6 304
9 12
3 3
6 19
1 76
3 3
151 379
40 133989
24 478
5 15
20 334
65 2829
5 10
3 15
3 18
20 29
7 597
6 28
17 82
3 5
4 297
3 35
66 205587
1749 834420
3 3
6 6
700 39052
6 21
6 14
2 2
63 6795
6 22
303 2820
220 18430
2 588
12 27
11 885
6 6
78 8880
5 10
216 56925
1 949
196 17122
6 596
510 36846
22 93
6 161
3 3
9 29
84 12581
3 3
300 2820
2 2
27 13295
13 34
2 2
2 7
57 2245
14 36
991 8433
5 300
2 2
1 6
49 730
201 12677
6 7
14 327
6 21
17 59
12 56
6 940
60 3090
4 89
13 34
15 312
12 2584
10 277
8 54
98 4510
1 286
1 3
40 183
2 3
57 2245
87 3455
8 581
22 144
10 300
8 8
2 2
6 1768
1273 83276
2 3
4 24
3 9
15 320
3 8
8 581
2 2
231 6032
19 35
3 8
2 3
2 10
3 8
49 6842
3 3
21 9789
8 13
25 1294
27 13307
3 7
304 29629
9 29
201 14435
2 2
8 588
3 27
6 71
11 329
6 2000
1 287
30 2244
3 9
6 596
30 2244
2 5
11 32
62 2252
4 304
2 10
1555 42980
2 2
2 2
9 312
700 39052
301 2820
2 2
43 162
163 691
70 7459
3 6
15 29
689 3529
15 30
2 288
12 290
1 5
2 2
18 3056
101 6795
3 15
1 588
3 18
64 167
5 300
3 8
3 3
11 13
397 4528
4 9
9 8179
1 6
9 868
3 18
31 2879
3 288
35 228
1 2
25 2764
6 58
6 40
186 19395
3 1999
2 2
201 14435
5 8
6 588
3 3
1 855
327 1761
169 3180
5 11
2814 62955
35 95
121 3533
598 162100
4 22
2 3
2 1996
130 10999
2 2
35 95
3 6
11 12
14 1858
48 82
6 588
3 15
4 52
3 3
62 1547
35 95
2 3
3 33
2 24
2 2
2 588
5 12
1 5
4 7
163 691
5 8
1 5
2 5
3 9
151 379
14 1858
3 3
5 5
3 3
4 304
1 8
24 1769
18 1537
5 8
8 2074
12 31
3 3
145 12581
4 4
3 14
4 4
31 5612
8 14
5 6
2 2
1071 6134
3 3
6 68
3 3
2 5
11 32
2 2
49 4672
11 12
812 54374
81 8861
2 2
5 15
28 1839
165 6032
397 28811
4 6
4 6
10 31
2 2
1 76
23 2553
2 2
4 89
2 5
6 41
3 290
27 3074
2 275
120 12678
6 58
9 10
2 2
6 3994
10821 334323
6 7
32 97
160 261
3 3
1 303
13 1769
40 3416
15 940
3 6
170 122783
2 859
297 9913
4 30
2 5
2 2
66 205587
2 5
11 31
598 162100
2 2
2 3
3 3
4 588
6 7
6 301
3 3
32 929
5 8
2 2
1 2
6 24
3 6
1900 834420
33 6432
3 3
9 312
346 19969
27 517
4 289
45 6774
2 20
4 588
196 17122
11 329
1 288
1 2
6 6
445 1853
4 72
511 11211
1 69
3 3
6 17
3 3
272 1282
1 6
2 6
5 1999
18 18
2 2
511 25790
15 36
4 1094
2 2
5460 58680
10 82
22 4672
44 2879
15 30
82 6320
15 89
5 10
2 2
5 39
217 20583
121 3453
6 35
3 3
44 3672
6 588
8 581
5 6
4 12
4 1999
27 493
2 588
17 1449
2 2
3 3
3 3
15 134
29 5456
1 5
7 91
9 31
2 2
173 17653
6 68
4 6
125 6774
15 30
9 12
28 1839
3 6
120 12678
5456 58670
29 6142
48 82
7 35
16 51
21 4651
8 14
11 885
67 1299
206 15476
17 1449
4 4
5 15
5 6
15 95
1 883
2 52
2 3
3 5
5 5
3 8
2 2
2 303
4 12
3 6
145 12581
511 25790
28 1839
4 6
22 1769
1 6
6 11
192 19395
3 3
7 11
12 32
13 34
4 2065
2 2
29 1361
9 29
8 588
19 91
6 34
525 146367
16 51
5 15
10 300
3 3
59 4699
15 30
6 304
80 7459
13 13
13 588
4 11
30 639
1 5
86 3221
65 2829
326 3529
140 633
43 162
1 5
11 32
511 11211
9 31
22 144
17 1449
5 5
2 2
231 6032
1 2
2 5
21 4708
2 2
511 25790
40 133989
18 3056
12 588
85 3199
9 2074
3 3
1 949
7 11
666 24305
5 5
10 32
4 89
7 12
95 12938
303 2820
14 327
2 2
5 15
17 1537
2 27
1 2
15 36
14 327
3 54
4 6
3 288
6 12
14 327
15 327
14 327
5 304
11 1703
1 6
2 2
2 5
1 58
1724 32599
8 2074
677 24321
17 95
28 1610
122 2553
14 1858
6 14
17 95
11 2074
169 3180
1749 834420
4 30
3 3
4 72
1749 834420
2 2
31 1361
27 10897
1 3
6 304
4 15
2 2
1 72
3 3
1 855
5 5
2 3
493 4712
35 150
3 16
5 7
7 595
11 32
22 4672
62 2252
70 7459
44 2879
17 1449
700 11915
87 3455
1 58
9 10
1 3
3 4
6 19
3 3
733 36902
69 9690
4 4
7 25
122 2553
62 4788
5 17
4 297
550 9881
4 289
179 830
1 5
12 31
4 5
294 2820
1 6
231 6032
14 327
3 9
15 30
3 3
163 691
101 202214
14 588
3 297
327 1761
2 3
5 304
15 327
3 6
3 3
65 2829
11 82
6 13
3 6
2 5
3 6
8 581
6 7
2 6
9 868
7 30
61 167
142 20727
32 2247
2 2
18 1769
3 304
4 588
11 31
4 6
3 3
5456 58670
11 2074
3 288
3 15
3 5
6 588
27 493
4 5
1 34
15 885
4 288
15 312
1 3
29 34
10 588
9 12
65 2255
397 4528
16 156
16 16
5 15
3 891
120 12678
2 2
10 118
53 8725
1 2
3 3
1 3
94 2858
1 59
4 14
2 2
5 5
12 56
666 80667
1 76
7 12
241 82930
6 949
1984 76856
9 31
35 95
22 93
2 2
9 868
2 2
2 2
511 11211
5 7
67 1299
3 1999
5 8
61 3722
1 76
5 5
2 2
666 24305
122 2553
2 288
3 3
3 3
4 289
64 167
89 12938
2 2
2 2
14 96
4 1999
3 3
2 3
3 3
76 1769
3 4
13 588
5 11924
3 3
1 4
44 2879
5 8
201 14435
40 9797
2 5
1 5
59 1895
3 3
15 36
65 2829
185 13395
65 2553
8 8
5 304
5 8
2 14
8 13
5 940
3 3
6 588
5 8
3 8
6 22
3 3
3 3
260 16392
11 885
1 588
9 868
2 2
9 2074
11 31
4 297
294 2820
3 3
18 3056
120 12678
6 58
1 2
5 67
1 3
136 12679
286 9607
5 304
6 304
5 9
1 286
3 288
45 6774
8 581
14 603
69 9690
16 327
12 56
6 22
81 5094
14 1858
3 18
2 2
52 2238
3 3
2 5
1 64
3 3
3800 101925
5 1999
49 6842
6 304
56 3490
27 13283
10 32
9 31
1064 11067
11 327
297 9913
4 19
27 493
18 58
61 167
18 144
48 1040
12 290
47 1307
1 2
4 304
6 301
20 2829
18 1768
1 5
27 10873
4 297
27 493
3 3
136 12678
12 588
12 32
2 2
183 6205
2 2
27 13309
2 2
22 93
3 3
24 2080
5 12
812 54374
317 19420
5 7
1 3
2 2
6 7
1761 20883
3 12
173 17653
6 68
40 9797
3 9
8 580
3 3
65 2255
28 1361
1 5
40 3416
29 73
5 10
9 29
4 289
61 8877
3 288
1 6
3 3
511 25790
142 12679
5 9
2 2
1 5
5 58
2 14
82 55393
101 6795
1 588
5 8
12 588
6 596
3 3
2 5
4 354
2 288
3 3
700 39052
3 3
6 304
2 2
2 136
28 1361
2 2
27 493
201 12677
3 3
3 3
290 9913
3 3
2 2
2 2
22 144
3 15
3 3
2 21
2 3
2 2
265 9607
2 588
511 11211
1 2
6 17
1 855
53 8725
4 4
3 15
9 31
4 289
2 9
3 72
13 588
5 5
1 5
301 2820
57 2245
101 217011
2 2
2 2
101 6795
9 382
3 30
55 7459
8 64
5456 58670
59 1895
1 64
14 36
1558 20711
9 2257
3 3
10 598
6 10
19 19
2 5
18 608
12 256
220 18430
3 89
3 3
4 11
5 11
12 1180
4 297
163 20727
4 4
6 17
3 3
462 2932
16 1769
4 220
10 2662
4 304
5 5
33 1610
9 12
27 10873
5 10
4 89
3 3
11 32
5 10
4 4
2 5
4 4
3 277
32 34
2 150
22 144
13 2686
15 27
3 15
6 7
58 3490
62 1547
8 24
1 10
4 297
91 6774
5 7
15 95
5 8
3 288
44 2879
4 12
290 9913
4 289
31 95
3 304
2 2
272 1282
33 9789
3 3
2 5
2 20
4 296
2 3
1 2
22 93
2 2
2 5
2 2
3 6
2 5
121 3533
3 885
14 36
14 327
3 30
15 30
3 3
1 9
43 162
5 12
2 2
4 304
125 323
3 301
1 2
3 3
48 1040
1 588
10 2662
11 31
3 3
3 3
9 2257
10 7952
116 5114
8 18
1561 241047
1724 32599
17 1449
9 8179
69 9690
33 35
4 304
43 162
9 31
183 6205
578 4499
6 304
48 5904
3 290
1 4
245 17438
2 3
5 15
2 3
3 3
5 12
2 2
15 36
13 588
1141 10479
1 64
7 30
124 11000
9 387
689 3529
4 12
1 6
275 7904
18 1537
1 2
97 3221
28 700
13 34
5 60
2 2
48 5904
445 1853
65 2829
4 304
5 9
24 2764
2 5
7 30
27 517
3 3
4 55
2 2
3 6
2 1709
5 7
5 304
5 67
7 7952
4 588
3 288
6 588
1 2
9 29
4 6
3 3
29 73
35 95
301 2820
9 31
87 3455
4 13
4 12
35 95
4 33
3 3
4 8
525 146367
294 2820
65 2255
2 14
12 2584
8 24
23 4708
8 360
6 14
30 9797
121 3453
11 327
7 595
2 2
2 2
10 22
17 59
5 5
5 8
121 3533
81 135527
16 1769
6 304
81 135527
5 2074
17 95
3 3
24 4708
1128 37171
3 3
11 12
151 259
7 7898
2 2
79 79
81 8861
4 14
2 3
22 144
3 4
23 174
6 6
1 2
6 596
27 10873
4 12
3 3
2 2
4 588
3 3
169 3180
5 8
11 32
17 17
84 6753
184 838
4 72
35 150
6 14
3 3
9 31
9 1537
4 52
2 2
3 3
6 596
14 22
4 11
16 156
3 4
28 1520
1 3
27 493
59 1895
6 6
6 588
5 10
11 1703
4 289
280 18509
121 3533
3 7041
4 6
9 31
14 1858
6 19
89 12938
15 36
4 1999
3 288
3 3
6 304
12 312
2 2
149 4425
11 329
12 1537
11 32
4 89
3 3
16 16
3 5
22 1769
9 31
3 3
2 213
91 6774
13 28
3 3
6 13
6 304
62 2252
28 1610
8 588
17 1449
7 12
6 596
3 3
2 2
9 9
9 312
3 3
3 3
12 32
3 3
7 10
22 93
15 30
29 929
1 11
4 588
5 8
24 2080
5 10
98 4510
7 33
52 2238
171 13620
27 13321
3 3
3 3
3 3
6 6
15 320
61 8877
151 259
23 1766
8 581
9 10
356 35989
2 287
2 2
142 14436
14 1858
4 4
1 5
583 4499
3 3
4 304
3 304
2 2
1 2
2 3
5 17
3 54
4 1170
1 269
87 3455
3 72
11 31
10 23
16 156
2 5
17 1449
58 4788
3 3
4 588
17 1449
1 588
87 3455
2 2
4 2074
3 3
297 9913
13 588
2 2
12 312
1900 834420
2 2
1724 32599
1 64
1 6
5131 407821
27 493
11 12
9 8179
5 5
1 2
6 24
3 9
1 3
28 1520
3 72
49 4790
5 6
5460 58680
3 14
2 2
2 3
1770 836158
9 13
15 92
44 2879
3 3
32 97
1 855
6 21
8 581
3 3
2 3
6 597
3 1999
1 5
3 3
3 301
3 3
3 3
13 28
40 323
12 588
66 6753
15 27
658 156884
45 6774
3 3
3 6
87 3455
12 31
33 35
8 868
5 5
15 30
43 162
14 327
1 64
171 13620
564 5521
18 1537
2 2
3 3
12 31
4 55
2 2
3 6
33 71
7 33
8 8
11 312
4 52
27 493
5 10
24 673
6 596
4 6
27 339
37 1827
85 3199
2 2
662 17884
2 2
4 289
690 3529
6 58
6 304
12 32
2 3
6 24
8 315
4 18
3 3
3 3
3 9
7 7898
2 67
52 7454
5 1999
91 10517
64 4789
3 3
13 13
4 354
151 379
345 3326
189 13620
65 2829
80 7459
5460 58680
19 30
231 18096
8 581
32 1608
3 6
6 40
10 2662
3 3
44 2879
16 73
8 581
4 24
2 588
16 23
27 13297
35 150
15 95
7 8
27 10897
7 2142
2 288
52 7454
14 312
43 162
11 82
7 12
165 6032
9 31
4 12
156 260
2 3
22 334
4 326
5 297
2 2
27 10873
2 3
15 312
42 63
4 12
3 15
4 4
82 55393
5 297
1 6
2 2
2 2
25 5168
3 3
39 1294
5 13
1 2
452 12239
3 3
45 6774
1 5
16 2362
62 2252
35 13701
5 290
2 2
15 30
5 590
8 360
1 6
27 10873
11 329
2 21
2 1709
33 1610
24 2764
22 4672
30 1610
11 1703
1 5
812 54374
3 290
15 154
16 51
8 581
3 3
15 312
9 868
35 95
4 12
1 39
3 3
3 3
121 3533
201 14435
66 13264
3 3
8 13
3 288
6 3994
3 3
2 9
62 2252
1 855
297 1029
9 44
15 327
4 297
5 15
24 32978
5 9
4 354
10 13
98 4510
2 2
45 6774
120 12678
3 304
3 3
5 6
15 940
173 17653
25 1294
5 12
1 9
510 9881
5 10
2 2
7 297
2 2
5 30
3 6
9 55
6 6
82 6320
18 1294
27 517
6 19
5 10
4 297
1 10
1710 65653
3 18
6 301
12 32
57 2245
20 145
3 1999
2 2
62 2252
6 24
2 2
6 2029
2 588
3 3
2 24
10 89
2 2
36 920
4 2074
6 22
3 3
24 2764
17 179
3 3
21 71
9 55
4 297
2 4
2 7
9 31
199 17906
5 7
3 288
3 6
6 10
98 4509
64 4789
1 12
564 629071
14 903
16 23
5 15
3 3
2 3
5 9
29 1361
4 11
3 3
9 12
5 10
121 3484
4 89
1900 834420
5 8
48 1040
9 360
3 18
3 3
1 12
7 33
3 8
28 1839
3 6
28 929
26 2232
1 5
15 95
5 2074
4 24
64 3455
63 6795
4 52
3 3
3 288
493 4712
5 304
6 596
22 2553
6 304
27 493
6 14
598 162100
1141 10479
2 2
17 1449
2 3
5 114
1150 39838
4 7
443 1853
6 304
1 13
16 156
10 23
689 3529
2 2
3 3
2 2
6 10
4 52
6 22
2 2
5 304
10 588
1 3
68 323
1 10
2 3
6 301
18 144
526 33040
11 354
57 2245
1749 834420
3 301
3 3
14 36
148 20727
6 1768
3 3
5 354
8 8
2 3
9 31
11 32
4 4
15 327
2 21
66 4788
21 134
3 4
14 22
312 1853
33 183
3 3
57 2245
6 588
6 6
2 588
352 3676
27 13297
6 22
3 3
3 3
2 3
1 855
43 162
4 6
1 269
2 2
3 3
4 289
27 66
1 588
1 855
152 260
7 297
64 167
4 89
184 838
65 2829
14 1858
3 18
3 18
47 8725
662 17884
3 3
19 144
3 3
3 14
2 10
27 493
10 1528
22 1769
29 6142
1 5
765 54369
3 3
176 747
8 14
4 89
2 3
4 60548
3 18
201 12677
2 9
6 7
171 13620
3 24
65 2829
178 633
53 8725
6 20
11 32
40 9797
61 3722
30 2879
3 3
1 6
733 36902
208 12677
27 13297
5460 58680
4 1999
29 3075
18 18
3 9
7 15
9 31
3 3
5 10
23 673
496 5161
2 5
4 12
2 6
6 6
286 9607
12 290
9 8179
19 28
5 10
29 1604
23 2553
2 2
1 2
1 27
3 15
6 17
49 398
10 588
16 35
3 3
15 30
275 7904
64 4789
2 3
3 3
5 294
3 4
1900 834420
10 32
11 31
1749 834420
86 249
2 288
1 71
5 304
11 329
28 1602
33 1610
66 4962
7 56
43 162
5 289
1984 76856
8 868
3 3
40 9797
7 297
15 89
12 31
3 7
3 3
3 3
2 6
3 288
3 297
644 21747
16 312
4 288
27 10873
16 90
5 11
149 379
10 89
2 2
47 3431
3 3
6 588
9 8179
8 44
1 949
3 5
3 3
58 3490
85 3199
2 588
15 89
2 3
3 18
4 289
64 121964
3 18
5460 58680
14 327
18 1768
3 1999
216 56921
1 5
186 19395
84 6753
11 329
27 3500
148 20727
1141 10479
4 11
2 2
27 493
3 9
27 13283
59 4699
18 32
3 3
23 4880
4 89
1 64
2 2
4 30
5 8
14 22
6 9
5 5
5 940
6 71
6 304
63 6795
26 2764
4 304
47 8725
1749 834420
1 3
5 6
48 5904
81 135527
12 588
27 13307
4 22
5 6
4 296
1 3
1 5
23 1768
18 1769
4 289
4 27
2 2
4 4
15 603
16 51
13 465
151 379
6 588
5 10
10 22
3 3
1 21
2 2
9 31
2 27
3 3
6 304
22 2553
1 287
598 162100
5 12
2 2
15 327
9 22
89 12938
26 478
3 304
27 13309
7 30
65 2255
3 3
2 588
4 297
10 14066
3 3
28 929
12 32
16 23
3 35
35 95
2 3
2 2
1 5
2 2
24 2080
812 54374
4 297
301 2820
9 52
3 6
59 1895
2 588
15 95
12 32
83 18332
4 6
326 3529
3 3
11 112
2 588
3 89
3 3
288 1853
4 2065
16 90
2 2
3 1999
6 14
6 17
4 89
3 3
4 89
28 1610
1141 10479
2 2
6 588
2 2
8 8
2 5
275 15546
8 13
1900 834420
26 1610
8 8
37 195
30 2879
15 327
89 12938
3 5
2 4
3 3
49 6842
3 35
2 588
10 32
5 7
72 6842
1071 6134
27 517
5 12
182 13387
20 639
4 24
199 17906
2 64
9 10
2 2
12 12
82 6320
1 2
11 31
5456 58670
301 2820
3 3
89 12938
2 5
2 2
3 3
7 9
3 180
1 5
6 301
12 56
7 12
10 23
2 286
1 10
100 14219
5 10
23 4708
55 7459
3 5
9 29
2 5
3 290
4 14
4 326
34 643
3 6
1 5
35 95
3 3
690 3529
6 6
2 5
1 2
15 30
6 2030
2 2
1900 834420
1 64
6 10
5 9
24 1769
13 588
35 95
30 8637
65 2255
6 940
3 3
2 2
4 89
4 4
12 290
48 1040
8 315
44 2879
3 3
1 588
16 23
4 14
7 7
63 2252
297 9913
1 5
3 3
1 10
100 14219
4 7
1 3
4 6
4 7
4 12
4 296
13 588
56 3490
5 7
346 19969
11 312
6 7
6 14
3 15
6 588
6 35
5 67
1 5
209 13620
5 15
2 2
1710 20152
4 12
42 105
3 3
545 4547
14 1858
7 595
26 2764
6 588
7 12
1 588
7 8
525 146367
4 7
2 2
1 22
6 6
27 10873
6 301
63 6795
4 11
40 9797
5 354
3 3
27 10897
12 31
2 301
12 290
327 2820
6 588
4 7
267 1761
5 15
5 8
157 261
1 2
120 12678
1 949
7 297
6 3994
22 144
3 3
18 608
689 3529
13 10380
14 327
5 354
2 2
6 304
2 275
5 9
3 288
2 2
15 30
3 3
3 3
9 33
8 1528
3 3
94 120444
11 329
2 2
9 31
2 2
62 2252
2 588
186 19395
140 633
3 3
26 2764
7 54
7 581
4 12
1900 834420
5 1742
9 11
3 1999
5 2077
3 3
8 10
14 1858
1 949
6 588
3 288
3 19
3 3
3 15
3 36
23 93
235 4006
86 249
3 3
4 288
3 3
15 1172
6 588
2 2
10 32
13 28
8 10
6 21
3 326
11 12
64 2755
13 34
5 10
17 1449
231 18096
2 2
3 6
8 11
3 3
3 301
1 3
493 4712
3 3
101 6795
14 312
24 38
1 2
525 146367
16 3730
578 4499
1 5
227 20583
4 12
3 79
3 4
6 7
8 581
4 11
2 20
3 3
6 19
3 3
2 5
7 7
4 588
7 54
1335 51958
69 9690
3 3
6 22
6 588
345 3326
5 354
231 6032
4 7
43 162
4 289
9 8177
15 327
21 71
12 12
1 287
1 64
27 517
3 17
10 277
1 10
27 13319
7 33
6 596
9 31
6 22
7 17
5 10
1 855
63 2252
4 22
2 2
136 12679
19 2526
27 13283
2 2
11 1703
6 10
286 9607
4 2065
6 21
17 1449
1 4
186 19395
15 940
3 3
63 2252
145 12581
2 2
3 3
3 288
1 1852
2 2
40 3416
1 2
4 289
28 1839
4 89
2 3
81 8861
29 1604
157 633
10 30
13 327
1 64
4 297
29 1604
15 1040
8 2074
6 588
2 10
22 144
149 379
3 6
5 10
94 2858
15 30
3 3
9 8177
3 304
15 940
17 1449
17 39
2 3
1 885
3 3
3 6
8 581
19 26
14 327
12 31
4 297
4 326
564 629071
1 64
11 31
10 28
1 9
4 7
8 581
2 2
2 885
5 8
4 89
12 44
11 1703
765 54369
16 82
31 5612
4 11
27 13297
812 54374
8 33
220 18430
25 1769
2 588
2 2
2 5
6 7
22 93
4 304
1749 834420
12 32
8 581
598 162100
6 6
3 30
8 8
8 581
15 92
2 3
87 3455
9 52
15 312
124 11000
196 1029
11 13
263 16400
4 588
9 29
2 2
6 304
3 277
3 3
3 15
15 95
184 122353
1 588
144 3452
13 588
44 2879
57 2723
7 11
63 2252
11 22
3 7
583 4499
207 17122
8 13
4 52
6 41
4 949
2 2
29 3075
208 12677
4 297
6 304
2 2
478 51243
18 608
5 354
4 949
1 12
1 15
101 217011
5 588
132 12678
1 9
239 16400
2 3
23 1768
1141 10479
11 23
1 588
151 379
7 297
13 588
2 15
3 3
151 259
2 2
220 18430
3 3
53 8725
1 64
13 34
4 289
4 6
3 5
231 6032
2 588
3 3
6 304
18 144
4 4
11 354
2 5
3 65
2 588
63 2252
6 58
2 9
10 588
2 2
15 92
656 47855
95 3533
6 14
100 14219
47 3431
3 3
2 3
11 2074
8 24
9 9
10 46
8 54
6 588
15 327
3 18
2 588
2 2
2 5
36 1839
286 9607
49 6842
18 144
1984 76856
5 304
6 588
4 12
2 2
2 2
6 14
3 3
275 7904
5 12
32 183
510 36846
24 4708
3 294
122 3482
5 290
9 31
9 2080
29 6142
57 2723
3 288
2 2
10 32
1 3
2 2
7 12
4 22
404 7186
1 2
8 581
88 6869
2 34
2 3
4 11
28 929
6 8
3 3
11 883
2 9
199 17906
24 1769
5 10
2 2
7 581
2 2
84 12938
151 379
2 4
3 3
1 22
14 91
5 15
1 269
8 2074
3 3
3 3
125 323
53 8725
23 673
6 301
53 8725
6 2074
3 3
1 287
81 13325
5 10
2 2
2 2
3 3
27 66
11 31
3 8
4 296
326 3529
5 15
2 5
1 6
2 2
5 5
3 4
12 2576
64 121964
1 12
4 6
52 2238
4 6
8 15
2 588
11 835
5 10
2 3
11 32
89 12938
27 13321
294 2820
1 2
429 29424
18 18
1 2
12 32
8 11
3 304
7 56
21 4708
84 6753
11 31
4 52
3 288
4 5
5456 58670
4 297
4222 21338
346 19969
3 18
4 4
510 9881
20 334
3 18
87 3455
184 838
124 2553
10 2662
65 4789
24 2080
5 11
5042 407308
81 8861
2 24
10 300
26 5168
3 3
4 4
48 1040
13 327
2 2
17 1449
63 6795
2 588
3 3
1 588
15 36
27 13295
3 288
3 288
10 588
1749 834420
3 6
15 1040
148 20727
21 4708
957 11915
3 3
3 3
13 1769
3 288
57 2245
3 6
2 2
13 588
1 2
57 2245
11351 334323
79 79
16 51
5460 58680
410 29424
2 588
3 3
3 3
769 54374
2 2
16 2362
60 4790
148 20727
27 13297
98 4510
4 304
5 8
7 297
4 6
1 5
3 15
16 23
3 3
11 940
15 27
4 297
5 10
2 2
2 21
2 5
3 288
4 55
3 7
5 10
100 14219
1 855
3 15
3 3
2 287
5 10
8 8
2 21
496 5161
4 289
3 3
52 2238
291 1106
3 3
3 4
1 6
209 13620
4 297
26 2764
1 10
3 3
98 4510
4 7
6 3994
28 493
22 93
13 34
510 36846
24 2080
4 12
11 32
152 260
8 581
5 297
3 3
3 3
2 588
6 9
3 3
1 71
4 14
45 6774
5 294
8 9
4 22
11351 334323
15 597
5 290
1 72
3 15
1 588
2 34
8 10
3 3
87 3455
510 36846
303 2820
41 41
70 9690
297 9913
352 3676
3 15
9 8179
4 4
35 95
1749 834420
28 1839
3 304
9 13
4 5
8 112
4 14
4 30
5 6
201 14435
144 650
2 3
3 3
1 2
33 1610
17 1449
6 10
2 2
3 3
15 27
40 3416
3 66
144 3452
3 3
1 949
23 940
5 12
3 5
7 312
9 360
14 3147
3 3
8 8
15 36
17 39
235 4006
11351 334323
4 24
34 413
493 4712
11 32
15 89
1 3
341 3055
157 261
16 51
14 134
15 1172
4 6
28 1610
2508 31976
3 5
49 249
100 14219
3 3
28 1839
22 1172
2 2
9 31
1422 20883
11 329
3 3
3 18
62 1547
3 3
1057 37171
17 1449
148 20727
52 2238
17 95
15 327
11 1537
3 3
163 691
64 4789
4 24
11 31
183 6205
3 1999
1 91
3 3
165 6032
7 56
2 2
352 3676
1 5
18 18
162 9345
9 31
4 4
36 9789
9 3500
2 2
5 67
27 13297
9 2257
9 588
44 3672
31 9797
9 868
18 1460
765 54369
16 23
28 1610
34 413
43 162
22 93
3 3
43 162
4 89
2 588
4 89
10 118
140 633
12 32
2 3
700 39052
39 3416
2 2
3 9
1121 11067
22 1172
5 5
39 3416
8 112
28 1361
231 18096
4 10
122 2553
3 12
3 5
6 6
1 12
1 5
689 3529
3 3
6 28
28 1361
2 2
27 3074
15 312
15 30
29 1839
3 6
16 1537
3 3
5456 58670
4 289
3 18
2 2
3 3
1 5
33 35
1761 20883
3 3
4 72
1 6
1 5
5 65
29 73
6 35
1 13
40 9797
2 5
8 15
57 2723
3 5
3 8
10 12
2 3
3 3
5 7
2 2
8 588
66 205587
7 295
1 5
1 2
10 73
3 3
5 9
3 9
6 14
45 6774
8 868
6 14
3 8
88 6869
32 1610
18 1537
39 1976
11 32
28 1610
3 3
14 327
27 10897
66 4788
8 18
19 39
220 18430
3 35
526 33040
3 3
6 3994
2 2
48 82
27 493
28 1839
2 3
27 13307
1 5
2 2
232 82930
286 9607
22 1172
15 327
4 18
6 24
6 588
31 639
10 12
4 7
16 59
3 3
44 2879
186 19395
5 12
14 327
3 1999
4 4
260 16392
10 2662
17 59
2 5
3 3
12 588
8 9
7 12
69 9690
27 13319
132 1222
1 64
142 14436
10 45
136 12679
6 14
34 73
52 2238
4 304
4 4
4 12
6 588
22 1769
6 24
1 286
1 10
3 33
1 6
1229 44573
57 126980
46 4783
208 12677
2 2
2 5
4 297
356 35989
63 2252
7 33
85 3199
5 10
2 2
28 1610
25 1294
3 15
4 4
3 3
16 1537
2 5
1765 29144
1 588
5 114
15 312
14 1858
63 2252
2 2
5 10
4 2074
58 4788
15 327
2 5
5 7
39 3416
144 650
4222 21338
98 2858
1 5
45 6774
11 32
9 312
7 7
142 12679
2 5
2 2
5 294
12 31
67 1299
2 287
1104 39838
32 183
3 6
3 15
622 162100
6 301
1064 11067
42 105
8 315
3 3
27 517
4 297
9 15
14 327
4 6
15 327
15 89
28 1361
44 2879
4 4
2 885
136 12679
2 21
15 940
22 144
3 288
429 29424
3 5
5 7
8 588
3 3
18 1537
3 175
5 7
5 7
496 5161
1 3
1749 834420
63 6795
2 3
16 93513
7 595
4 7
2 288
7 12
151 259
33 1610
14 22
27 493
3 9
15 327
2 3
4 5
27 3500
23 1768
13 588
11 82
3 5
1 4
52 7454
5 290
15 36
5 10
1770 836158
3 3
56 3490
2 9
5 15
1749 834420
27 10873
24 940
5 12
2 5
22 144
3 3
3 3
15 89
2 34
8 11
58 4788
6 22
3 3
2 6
19 4304
57 2245
189 13620
3 3
326 3529
11 1703
5 297
297 9913
2 21
2 2
4 36
7 312
15 597
16 1537
39 3416
11 32
27 13295
9 31
13 34
2 5
1 5
9 300
1 588
11 101
11 23
7 597
2 2
8 1528
5 6
3 3
4 52
2 14
15 95
1 59
18 608
18 144
2 3
27 13319
3 3
178 633
3 8
1 5
208 12677
1064 11067
3 288
3 297
294 2820
4 289
3 3
3 3
13 1769
4 14
5 5
3 3
140 10999
14 1858
691 17884
2 6
2 5
9 588
294 2820
10 23
2 286
3 15
15 327
8 56
30 1610
2 3
1749 834420
2 2
1 76
2 3
27 10897
2 2
3 5
4 12
3 6
5 10
10 588
26 2764
2 14
245 17438
122 2553
301 2820
13 588
122 2553
10 1805
15 885
3 288
9 31
5 303
16 2829
120 12678
2 2
3 3
46 4458
5 294
2 5
4 24
4 296
19 39
765 54369
6 304
1 6
15 92
171 13620
689 3529
3 277
39 3416
3 2872
11 32
58 4788
3 288
3 18
6 304
12 31
3 3
660 4103
85 3199
1 588
1 288
2 2
689 3529
6 301
9 2074
318 2820
3 54
6 309
26 2764
1 6
8 13
3 3
15 95
9 9
5 12
6 304
2 588
1 4
2 2
6 6
7 70
6 3994
15 1172
6 3994
327 1761
7 12
3 3
6 7
10 29
12 2081
91 10517
7 10
20 639
3 18
10 588
6 6
22 144
3 288
183 6205
2 5
29 3075
33 4830
47 3431
87 3455
2 2
6 301
2 2
4 89
3 6
4 72
3 3
11351 334323
4 4
220 18430
3 290
1 3
263 1282
15 95
3 6
5 303
3 3
61 3722
28 1361
5 9
2 288
29 14797
9 12
8 8
13 588
15 327
3 5
2 5
100 14219
3 15
1 3
1 269
1057 37171
2 2
5 10
4 72
276 9863
3 3
15 95
27 493
1981 707440
275 7904
3 3
5 11924
5 8
5 304
1 949
3 15
82 6320
510 36846
6 14
1 2
13 34
2 301
3 17
12 2584
108 14815
28 929
10 300
28 1839
8 581
1 2
65 2255
337 3001
27 13295
6 304
4 7
29 6142
2 2
2 2
5 12
1 58
34 73
13 588
5 10
7 15
5 67
16 1537
1 303
15 312
8 10
4 354
197 12677
3 3
3 35
3 5
9 312
4 2065
15 19
4 297
142 12679
650 4712
3 3
15 30
1071 6134
14 327
1724 32599
11 32
2 2
454 1709
3 3
2 2
28 1361
2 2
3 1999
5 885
52 7454
122 2553
4 297
1 949
3 3
11351 334323
17 4017
78 8880
8 595
2 2
140 633
9 13
1 3
82 6320
2 6
5 297
148 20727
144 3452
1 5
1 269
65 126980
5 7
3 288
19 39
34 3075
21 1764
64 121964
9 52
5 15
14 320
8 11
15 327
49 4672
11 327
1150 39838
4 24
8 12
326 3529
2 2
4 4
82 6320
8 1528
18 18
3 12
511 11211
4 6
1 2
8 15
29 73
2 2
4 285
6 16
16 156
56 3490
3 288
29 6142
3 9
2 5
12 290
14 1040
40 9797
2 2
4 297
437 33906
48 1040
2 2
57 2245
3 3
4 89
8 581
100 14219
144 3452
23 940
6 6
10 1805
179 5340
2 2
6 22
4 289
2 303
4 4
47 1307
28 1361
15 36
1 2
3 6
6 28
12 588
12 32
217 20583
398 24945
11 1767
3 304
304 29629
30 1294
15 95
24 53
14 327
8 39
12 588
232 82930
525 146367
16 1537
1231 44573
3 3
1 64
24 1769
2 3
12 317
13 588
306 3326
3 297
2 287
1 12
1 2
4 304
1 10
4 4
2 2
2 2
1 588
27 10873
1 2
6 304
201 14435
9 31
4 1999
3 3
35 95
3 72
2 2
1 5
16 23
29 6142
1 24
17 95
7 12
1 2
3 3
48 1040
10 46
3 3
17 39
1 6
25 2231
27 13295
2 2
10 2662
27 493
2 5
3 288
2 2
2 15
525 146367
89 12938
2 5
1 25
6 14
5 15
18 40
9 40
33 9789
8 580
4 1006
187 14814
2 2
4 289
3 3
124 11000
2 2
1 6
29 34
57 2723
4 11
1 949
231 6032
5 301
1 286
10 31
16 1537
3 3
1104 39838
42 105
1 286
6 304
5 15
1 5
2 3
9 31
2 3
8 8
1 2
12 1537
11 31
13 34
65 2829
122 2553
173 17653
10 10
3698 330452
5 297
3 3
9 31
1121 11067
6 301
3 288
2 4
8 588
16 82
3 3
1 2
3 3
57 204
6 588
91 10517
3 3
4 7
57 204
66 205587
6 10
2 2
34 34
287 9904
3 5
8 10
15 327
235 4006
64 4789
3 17
47 730
4 6
2 2
3 3
1 3
21 4591
22 3533
15 27
52 2238
27 493
6 9
18 32
3 3
7 11
397 28811
48 1040
4 6
3 23
15 36
16 82
16 23
201 14435
12 31
3 3
2 2
1 12
4 297
5 2077
151 379
2 5
765 362151
3 5
8 8
57 126980
84 3197
16 93513
5 15
11 32
5 15
12 31
1 59
2 2
10 82
15 3442
91 10517
4 4
16 93513
57 2245
28 1610
4 89
15 95
3 3
15 30
3 9
578 4499
19 39
40 133989
2 2
31 493
8 12
3 3
136 12678
2 5
10 23
29 73
4 12
263 1282
43 162
4 40
5 7
6 17
103 14219
98 4510
5 1999
3 18
5 5
2 2
1 588
2 5
36 9789
3 72
7 297
1 22
4 11
23 940
8 581
15 327
17 1449
7 588
812 54374
1 3
4 36
27 13285
16 1769
3 9
4 6
1 4
1 2
1 3
13 949
2 5
3 3
1 588
11 329
191 19395
122 2553
9 31
3 4
10 32
66 4962
3 3
34 35
12 33
3 3
2 2
18 1537
7 8
91 10517
3 6
1 296
15 95
3 15
5 6
13 56
6 22
129 323
28 929
33 35
235 4006
303 2820
301 2820
3 3
1231 44573
2 2
8 14
2 2
3 3
2 2
2 2
2 5
265 9607
2 588
7 597
6 304
2 2
1 2
16 312
3 1999
2 2
11 2074
3 3
3 3
18 32
44 2879
9 22
9 33
1 59
4 289
3 3
1 15
3 3
15 327
3 178
5 161
2 2
1 5
3 17
4 6
2 2
148 20727
13 1294
12 44
14 327
1 3
1 10
12 290
84 21529
2 2
3 3
3 3
9 31
2 2
417 17249
6 949
4 354
783 11915
1 5
4 289
29 73
3 3
241 82930
4 11
2 2
3 35
1 588
15 30
64 121964
148 20727
3 3
1 11
4 15
10 45
1 22
4 297
3 72
9 11
1724 32599
3 27
101 6795
3 3
2 275
62 1547
3 3
101 202214
9 868
14 320
53 8725
7 11
35 13730
8 581
452 59197
578 4499
2 2
1 5
4 304
3 3
1 15
2 5
28 1839
42 2723
690 3529
3 3
8 8
1 6
12 290
3 288
3 288
9 52
57 2245
5 6
15 30
33 335
2 2
2 2
13 13
1 5
2 2
3 3
656 47855
3 5
11 31
2 2
7 7
28 1610
1 949
35 95
22 1769
297 9913
8 323
189 13620
81 135527
120 12678
4 289
3 3
6 11
3 288
12 31
1947 43078
4 304
2 2
402 5864
6 40
4 6
63 2252
1 588
199 16333
18 608
3 3
1 269
25 1769
3 3
2 5
4 5
5 5
3 9
10 45
163 691
70 7459
14 1537
3 3
2 287
2 2
1057 37171
22 144
3 66
48 82
15 312
11 15
63 167
4 6
3 15
2 588
3 3
15 79
28 1361
5 8
1 64
8 595
6 309
29 3075
2 588
24 33
57 2245
6 14
4 4
43 162
9 3500
5 11
1 15
1 288
5 10
6 22
31 6142
5 949
2 21
3 15
8 581
53 2238
3 288
2 2
14 588
5 10
8 13
2 2
2 9
656 47855
45 6774
18 1537
24 2764
8 15
67 126980
15 36
3 3
10 28
28 493
2 14
2 3
5 6
3 4
17 39
6 71
4 89
15 327
5 17
22 1172
662 17884
3 3
545 4547
1 949
100 14219
3 3
6 22
201 14435
9 2074
3 3
46 4783
11 327
286 9607
27 34
9 360
7 297
1 5
812 54374
121 3453
3 3
2 2
1118 48202
12 2584
3 3
231 6032
63 6795
3 288
6 22
199 17906
1770 836158
3 15
7 54
5 67
5 15
13 588
8 15
6 6
2 2
184 838
263 1282
3 3
48 1040
61 3455
15 89
9 10
3 18
3 304
6 304
1 6
1 2
5 6
2 3
651 4712
100 14219
11 13
2 27
4 14
5 5
88 6869
1 5
8 8
2 2
1 39
48 1040
32 97
24 1769
63 2252
1 12
5 10
4 12
16 82
2 34
3 3
65 4789
6 304
3 3
27 13321
