17 95
2 22
2 14
14 16
43 3452
3 304
1 3
4 82
7 312
2 2065
2 10
1 3
17 95
1 287
2 220
6 91
1 8
5 327
5 31
8 3075
10 3676
2 3
3 4
1 6
2 3
5 2526
2 588
4 31
1 48
5 23
1 3
1 64
60 5340
4 297
3 10
3 6
11 28
1 2
3 3
1 5
1 3
19 6795
2 22
1 3
7 1361
12 12938
1 14
4 2074
4 33311
11 14815
2 2
1 30
7 835
2 10
1 2
8 9797
41 3529
2 304
3 300
2 15
14 673
2 15
2 2
4 249
1 6
19 6795
2 89
255 106703
1 3
4 6
7 95
2 588
3 52
11 398
3 7
6 327
4 360
2 2
1 3
5 4962
4 82
4 3490
14 1567
2 15
147 11211
1 2
3 23
3 52
3 52
3 10
3 940
4 4708
3 10
4 11
45 834420
6 12
2 5
2 4
6 10873
1 19
20 2820
3 3
3 55
1 3
6 93
56 4712
69 5161
5 32
2 588
1 2
1 15
194 21747
2 3
1 269
3 17
1 11
1 877
7 35
1 3
1 3
3 15
1 30
138 11067
2 2
1 3
3 304
2 588
13 9789
1 297
2 9
27 9913
1 5
2 12
1 2078
147 11211
7 5168
10 35
4 5
4 2245
3 3
20 3455
7 2879
2 15
1 2
4 10
1 89
2 4
5 32
1 7
2 6
3 315
2 588
2 2
1 2
62 11915
2 4
7 8
3 11
2 588
8 2238
2 2
7 329
1 11
5 312
4 41
1 2
1 3
38 14435
3 2077
1 5
18 8725
2 2
10 1176
17 95
2 9
79 146367
17 3221
4 26
20 3455
5 1742
2 2074
4 20
1 7
12 14436
13 3416
8 379
2 3
95 558
10 6774
8 1858
11 27
3 7
3 15
4 2245
1 6
6 7
2 596
2 2
7 105
3 7
12 6142
2 12
3 1560
35 1029
8 2238
1 3
6 12
28 8861
3 885
2 304
2 12
8 379
10 133989
4 478
2 15
18 334
16 2829
2 10
1 15
6 13319
2 597
2 28
4 82
1 5
1 297
1 35
19 205587
2 2
2 2
6 6
83 39052
2 21
3 14
19 6795
2 22
22 2820
57 18430
1 588
3 885
2 6
12 8880
28 56925
1 949
37 17122
2 596
29 36846
6 93
4 161
2 12
7 12581
23 2820
17 95
1 7
109 8433
3 300
2 2
24 730
45 12677
5 327
3 868
5 59
9 56
4 940
6 13295
1 12
13 3090
2 89
4 4
3 312
3 2584
4 277
7 54
273 65653
3 175
1 286
1 3
14 183
2 12
2 3
1 3
20 3455
3 581
10 144
6 493
3 300
1 2
2 1768
222 83276
2 3
2 9
5 320
1 8
2 2
25 6032
5 35
1 8
1 3
2 3
2 10
1 8
4 6842
6 9789
3 1294
3 7
34 29629
38 14435
2 2
2 588
2 24
2 27
7 329
6 2000
1 287
6 2244
2 2
2 596
5 31
6 2244
1 304
1 10
48 42980
1 2
2 289
1 312
83 39052
24 2820
1 2
11 162
22 691
11 7459
1 4
2 2
8 29
42 3529
1 30
3 290
2 3
2 2
4 3056
17 6795
2 15
1 588
7 167
2 300
1 8
1 3
6 32
3 13
64 4528
3 9
5 8179
1 6
5 8
1 24
2 2
11 2879
2 288
16 228
1 2
9 2764
2 58
1 40
24 19395
2 1999
38 14435
7 95
70 17884
2 588
6 13309
2 2
2 18
1 855
19 1761
7 34
16 3180
4 11
11 28
240 62955
6 32
54 3533
2 2
2 22
1 3
1 1996
28 10999
1 12
1 6
6 12
8 1858
24 2255
31 82
2 588
2 15
3 52
10 1547
2 3
3 33
5 31
5 13
31 2858
1 588
3 12
1 5
2 7
22 691
2 8
2 2
2 5
8 379
8 1858
2 3
2 12
4 5
3 6
2 2
4 304
1 8
2 1769
3 1537
4 2074
20 12581
1 14
3 5612
5 14
2 6
1 6
2 24
45 6134
1 3
12 39
6 95
1 5
2 68
3 289
1 5
2 34
4 4672
27 2252
3 31
6 12
2 24
201 54374
28 8861
2 2
2 15
10 1839
12 6032
56 28811
3 6
3 6
8 2553
2 89
1 5
4 41
2 290
7 3074
2 275
9 12678
2 58
4 10
4 3994
1125 334323
5 7
9 97
2 2
63 261
3 3
1 303
3 1769
2 4
1 3
11 34
2 3416
5 940
2 6
54 122783
2 859
27 9913
1 30
1 5
2 2
1 4
2 2
19 205587
2 5
2 2
147 11211
2 3
2 588
5 7
5 301
11 929
2 4
2 6
6 95
13 6432
1 312
23 19969
2 289
2 6774
1 20
2 588
37 17122
7 329
1 288
2 289
6 6
28 1853
3 72
2 17
1 3
36 1282
1 6
1 6
4 1999
2 3
14 18
2 2
2 2
1 3
267 58680
1 82
1 6
4 4
7 4672
9 5456
10 2879
1 30
33 6320
9 89
6 8
2 10
2 2
4 39
36 20583
28 3453
3 35
3 3
7 3672
2 588
5 581
5 6
3 1999
2 588
10 1172
1 2
6 13297
1 3
31 2858
1 3
2 134
3 91
2 3
24 17653
2 68
15 6774
1 30
2 12
1 3
10 1839
2 3
9 12678
267 58670
9 6142
31 82
1 5
2 35
4 51
3 4651
5 14
2 18
1 3
2 4
4 8
1 2
3 885
2 3
24 1299
5 31
60 15476
3 4
2 15
4 6
1 883
2 2
2 52
2 3
1 5
4 5
1 8
2 303
1 6
20 12581
2 6
3 277
9 1769
1 6
3 11
35 19395
3 11
2 2065
12 95
1 2
3 1361
2 2
2 588
6 91
5 34
56 146367
4 51
6 3442
2 15
5 300
2 2
4 8
8 4699
1 30
4 32
4 304
12 7459
2 13
2 588
4 11
1 5
3 8
17 3221
16 2829
41 3529
33 633
1 2
13 162
1 5
6 10897
10 144
2 5
1 2
25 6032
2 3
1 2
4 32
2 5
3 4708
2 2
5 31
3 10
10 133989
4 3056
6 588
16 3199
4 32
4 2074
1 949
3 11
74 24305
5 5
2 89
5 12
13 12938
22 2820
5 327
2 289
2 15
4 1537
1 27
1 2
3 327
2 54
3 5
2 6
1 3
2 12
3 10
5 581
7 327
5 327
2 304
5 1703
1 6
2 5
1 58
155 32599
4 2074
81 24321
6 95
13 1610
2 3
32 2553
8 1858
3 14
6 95
2 2074
16 3180
1 30
3 72
3 10
5 1361
12 39
6 13321
1 3
2 304
3 15
1 72
2 3
1 3
1 855
2 3
22 4712
11 150
3 10
1 16
2 595
7 4672
2 3
2 2
11 7459
10 2879
18 11915
20 3455
1 58
4 10
2 2
1 3
2 4
81 36902
2 9690
1 3
3 25
32 2553
1 5
8 4788
2 3
1 297
46 9881
4 5
9 2820
2 9
25 6032
5 327
4 31
1 30
1 3
2 3
2 2
6 13297
22 691
18 202214
5 31
1 7
2 588
1 297
19 1761
2 3
6 493
2 304
5 327
3 29
16 2829
2 82
2 288
2 2
5 13
2 6
1 5
6 13319
6 10873
1 6
3 581
5 7
1 6
3 868
2 15
3 30
8 167
6 29
19 20727
1 3
2 2
6 2247
1 2
12 1769
3 304
2 588
2 6
267 58670
2 2074
2 288
2 15
1 5
2 588
4 5
1 34
3 8
2 2
6 32
5 885
2 178
3 288
3 312
1 3
1 2
10 34
2 588
2 12
64 4528
5 156
2 15
1 891
9 12678
4 118
18 8725
1 2
2 3
1 59
2 14
4 5
9 56
164 80667
5 12
32 82930
2 949
2 9
6 93
1 2
2 2
1 7
2 1999
2 3
4 8
16 3722
2 18
2 5
45 834420
1 2
74 24305
32 2553
1 288
7 167
12 12938
2 2
2 2
2 3
4 96
3 1999
7 34
2 3
2 3
1 12
14 1769
2 4
2 588
4 11924
99 162100
10 2879
38 14435
8 9797
1 5
1 5
17 1895
2 2
2 3
3 3
1 6
16 2829
74 13395
18 2553
1 304
1 14
4 940
3 3
2 588
2 3
1 8
2 22
81 16392
3 885
1 588
3 10
4 2074
1 297
26 4510
9 2820
3 3
4 3056
2 2
9 12678
3 58
1 2
2 67
1 3
10 12679
6 3147
60 9607
2 304
4 304
3 17
1 3
3 9
1 286
2 288
2 3
2 3
2 6774
3 581
3 603
2 9690
8 327
9 56
2 22
12 5094
2 2
8 1858
4 32
2 2
8 1449
3 3
6 10873
2 5
1 64
1 3
614 101925
2 289
6 92
4 1999
4 6842
2 304
4 3490
138 11067
4 327
27 9913
2 3
3 19
8 167
3 144
10 1040
3 290
12 1307
4 5
1 2
2 304
5 301
6 2829
2 1768
1 5
1 297
3 3
10 12678
6 588
19 643
2 2
27 6205
5 581
6 93
5 2080
3 12
2 3
201 54374
24 19420
57 834420
3 7
2 2
5 7
157 20883
24 17653
2 68
8 9797
2 9
2 580
9 1361
2 3416
8 73
11 8877
2 288
1 6
12 12679
5 32
3 9
6 13321
2 2
1 58
1 14
8 1449
33 55393
17 6795
1 588
6 588
2 596
2 5
2 24
2 354
2 288
83 39052
3 3
2 3
4 304
2 9
1 3
2 2
1 3
6 13307
2 8
9 1361
45 12677
8 36
33 9913
2 2
2 2
10 144
1 15
1 3
1 21
2 3
1 2
47 9607
1 588
1 12
1 2
2 17
1 855
1 3
18 8725
3 4
2 15
5 31
2 9
1 72
3 588
5 5
1 3
4 31
1 5
24 2820
2 18
18 217011
2 12
17 6795
6 4880
1 6
2 30
8 7459
5 64
267 58670
17 1895
1 64
152 20711
8 2257
1 3
8 598
4 10
15 19
2 5
10 608
1 3
2 18
4 256
57 18430
2 89
1 11
4 11
5 1180
1 297
23 20727
1 4
5 17
3 3
20 2932
8 1769
6 2662
4 304
5 5
7 1610
2 12
2 89
1 287
2 5
2 2
10 144
11 27
1 15
5 7
5 3490
2 12
10 1547
1 10
1 297
1 3
10 6774
1 3
3 7
4 2245
20 1299
2 8
3 295
1 288
8 30
2 3
10 2879
33 9913
3 10
5 13
2 2
3 304
36 1282
11 9789
2 3
3 3
2 5
1 20
2 296
2 3
5 6
6 93
2 2
1 5
1 6
1 5
54 3533
3 885
1 327
2 30
1 30
3 3
13 39
1 9
39 259
2 24
13 33
13 162
6 493
2 12
6 32
2 2
1 304
20 323
6 13283
1 301
2 289
1 2
6 517
3 3
10 1040
5 32
1 588
6 2662
1 6
6 327
5 13
8 2257
8 7952
1 3
23 5114
1 18
228 241047
155 32599
5 8179
2 9690
4 304
1 6
13 162
1 12
3 17
13 639
2 2
1 3
27 6205
26 4499
2 304
12 5904
2 3
26 4510
3 3
2 290
17 17438
2 3
2 15
2 3
4 8
6 493
7 465
2 12
6 588
129 10479
1 64
3 30
18 11000
7 387
42 3529
21 2252
4 2245
1 6
55 7904
3 1537
1 2
21 3221
2 60
2 2
12 5904
28 1853
5 581
2 2
1 3
16 2829
2 304
5 71
5 9
1 2764
1 5
3 30
1 6
3 55
1 6
2 1709
3 7
1 304
2 67
7 7952
3 10
2 588
21 2252
2 288
2 2
2 3
2 588
1 2
3 6
3 868
2 3
2 3
95 558
8 73
24 2820
2 4
4 6
20 3455
4 13
4 33
1 3
1 8
56 146367
9 2820
1 14
3 2584
1 3
6 13319
3 4708
2 3
4 360
2 14
7 9797
28 3453
4 327
2 595
2 2
2 2
2 18
13 90
3 22
6 59
5 5
2 8
54 3533
10 135527
12 1769
2 304
3 3
10 135527
1 2074
6 95
2 3
4 4708
12 39
2 2
98 37171
4 12
7 7898
3 10
2 2
79 79
28 8861
2 14
2 3
10 144
3 4
4 174
1 2
2 596
2 18
2 3
2 2
17 95
2 588
4 4
16 3180
4 31
13 17
5 6753
3 72
11 150
3 14
3 1537
3 52
2 2
1 3
2 596
5 22
1 11
8 36
5 156
2 4
12 1520
1 3
2 18
17 1895
1 7
264 48202
21 2252
6 13297
6 6
2 588
5 1703
86 18509
54 3533
2 2
2 7041
1 3
3 6
8 1858
5 19
12 12938
1 3
2 1999
2 288
6 34
2 304
1 312
6 327
8 4425
7 329
4 1537
2 89
2 89
5 581
9 1769
3 31
1 3
10 6774
5 13
2 304
13 1610
2 588
2 12
2 596
3 31
2 3
2 2
1 5
1 2
7 9
1 312
2 3
3 868
2 36
1 5
4 10
2 12
6 93
1 30
6 517
8 929
6 8
1 11
2 588
8 1449
17 13730
2 2
5 2080
1 33
7 13620
5 320
11 8877
5 1766
3 581
4 10
29 35989
12 14436
8 1858
21 4499
2 24
2 2
4 304
3 304
1 2
2 54
1 269
20 3455
1 72
5 23
5 156
2 5
1 6
5 32
7 4788
6 13297
1 3
2 588
1 588
2 213
3 8
20 3455
1 2074
27 9913
2 588
2 289
55 836158
1 312
39 259
155 32599
1 64
55 5340
4 5
1 6
2 12
696 407821
4 2245
2 2
4 10
6 12
5 8179
1 5
39 259
2 3
1 3
13 1520
1 72
1 5
6 4790
1 6
267 58680
1 14
1 3
45 834420
5 31
4 32
3 10
2 3
2 2
6 92
5 13
10 2879
1 71
9 97
1 855
5 31
1 29
75 17906
2 2
3 597
2 1999
3 3
1 301
1 3
9 323
6 588
2 4
2 6753
1 2
11 27
1 3
95 156884
2 6774
20 3455
6 868
1 9
1 30
13 162
5 327
1 64
7 13620
44 5521
1 91
3 1537
6 13307
2 2
3 55
395 31976
3 6
15 71
1 33
2 312
3 52
2 596
1 6
2 937
10 339
7 1827
16 3199
1 2
1 3
44 3529
8 2238
3 58
2 304
2 3
1 3
3 315
3 18
3 3
2 3
2 9
7 7898
5 32
2 67
1 12
8 7454
4 1999
26 10517
6 4789
2 2
3 31
2 354
8 379
36 3326
7 34
5 31
17 13620
16 2829
12 7459
267 58680
73 18096
2 2
5 581
6 1608
2 2
1 40
6 2662
10 2879
3 10
3 73
2 588
3 23
147 25790
11 150
4 2142
10 1449
1 288
2 2
8 7454
1 5
11 162
2 82
2 12
12 6032
2 3
6 493
147 25790
2 3
18 334
2 326
2 297
6 3730
2 3
3 312
17 63
1 15
1 4
33 55393
2 297
2 2
2 2
6 5168
9 1294
2 13
1 2
2 2
66 12239
1 24
2 6774
1 5
3 11
8 2362
2 290
2 9
2 2
1 30
3 590
4 360
1 6
1 6
7 329
2 2
1 21
2 1709
2 2
7 1610
1 2764
1 29
7 4672
3 1610
5 1703
1 5
201 54374
2 290
5 154
4 51
2 2
3 312
24 2255
1 39
54 3533
38 14435
6 13264
2 28
2 12
1 3
1 5
4 3994
7 35
3 3
2 9
1 855
35 1029
1 44
1 297
6 493
2 15
6 95
4 32978
3 9
2 354
2 13
147 11211
2 6774
5 13
9 12678
3 304
2 6
5 940
6 95
2 3
24 17653
3 1294
4 12
1 9
29 9881
2 289
2 18
2 10
7 34
4 297
311 76856
1 2
1 30
2 3
3 868
2 6
8 55
1 287
2 2
1 3
33 6320
1 1294
3 19
3 8
1 297
1 10
1 5
5 301
2 2
2 24
8 145
2 1999
1 288
6 493
6 4304
5 2029
2 3
1 588
1 3
2 18
2 89
2 2
1 2074
2 22
2 11
20 1299
1 3
2 3
1 2764
13 179
8 71
8 55
1 297
2 286
2 4
5 31
1 7
1 12
1 3
3 10
6 32
3 7
1 3
1 6
2 10
3 31
27 4509
6 4789
27 2252
17 95
59 629071
7 903
3 23
2 15
1 2
2 3
3 10
1 9
6 1361
4 11
2 12
2 89
5 312
10 1040
5 360
3 3
3 31
2 33
1 2
1 8
2 3
1 5
2 2
1 6
2 3
1 29
7 929
3 2232
1 5
2 3
1 2074
10 3455
19 6795
3 52
3 3
2 288
22 4712
5 31
1 304
3 596
21 2252
2 4
5 2553
4 304
2 288
2 14
4 2245
2 289
129 10479
1 3
5 114
2 150
151 39838
3 7
39 1853
4 304
1 13
5 156
2 24
5 23
42 3529
6 493
27 2252
1 3
5 581
2 10
3 52
2 22
2 2
1 304
4 588
1 3
2 2
17 323
1 3
5 301
3 144
53 33040
3 354
1 301
22 20727
2 1768
3 3
3 354
2 3
2 2
1 21
2 2
8 4788
7 134
3 4
5 22
36 1853
5 183
1 3
2 588
2 288
2 24
6 6
1 588
10 3676
3 31
2 22
1 3
2 3
1 855
11 162
2 6
2 2
1 269
1 76
8 66
1 588
1 855
5 297
7 167
2 89
6 13297
16 2829
8 1858
18 8725
7 144
2 14
2 10
2 1170
2 1528
9 1769
9 6142
1 5
169 54369
35 747
3 14
2 89
2 60548
8 1449
40 12677
2 9
5 7
7 13620
16 2829
35 633
18 8725
2 2
4 20
2 3
8 9797
16 3722
7 2879
81 36902
39 12677
267 58680
3 1999
8 3075
4 31
9 18
4 15
1 3
2 3
15 673
69 5161
1 5
39 259
2 6
5 6
60 9607
3 290
5 8179
8 28
4 2245
2 3
5 1604
8 2553
2 24
1 2
1 27
1 15
2 15
5 17
11 398
2 588
2 4
5 35
1 3
1 30
55 7904
6 4789
1 3
3 4
2 2
15 249
1 288
2 304
7 329
1 3
2 3
4 1602
7 1610
7 4962
5 56
1 3
11 162
1 289
6 868
45 834420
3 6
2 3
1 5
8 9797
2 2
45 260
1 5
4 297
12 89
1 7
3 3
1 6
75 17906
2 288
1 297
2 288
27 2252
14 90
4 11
8 379
2 89
5 31
2 2
8 3431
17 95
2 588
5 8179
2 2
45 834420
2 3
1 3
2 44
1 949
3 5
5 3490
16 3199
6 312
1 588
9 89
2 3
1 3
3 277
10 1172
2 9
5 36
9 121964
267 58680
147 25790
7 327
2 1768
1 1999
28 56921
2 581
2 1094
24 19395
5 6753
7 329
7 3500
4 382
5 31
22 20727
129 10479
1 11
2 61
3 3
8 4699
1 3
8 32
311 76856
2 89
1 64
1 30
5 22
2 9
2 5
4 940
1 76
1 10
1 288
2 304
19 6795
2 2764
2 304
18 8725
1 3
2 3
2 6
12 5904
10 135527
6 588
2 22
4 6
2 296
2 2
2 1768
6 327
12 1769
4 27
2 3
1 3
6 603
4 51
8 379
2 588
21 920
3 22
1 3
1 21
26 4510
2 2
3 5
1 27
2 304
2 2
5 2553
1 287
4 12
2 12
8 2238
2 22
12 12938
6 478
3 304
3 30
95 558
1 3
1 3
1 588
1 297
6 14066
7 929
3 23
1 3
1 35
2 289
5 581
2 2
5 2080
201 54374
1 297
92 550
24 2820
7 52
5 31
1 6
17 1895
1 588
2 24
4 32
16 18332
2 6
41 3529
12 39
6 13309
3 112
1 588
2 3
26 1853
2 2065
1 5
2 24
1 6
1 2
1 1999
2 14
2 17
2 89
3 3
2 89
13 1610
2 2
129 10479
2 2
2 2
2 588
2 2
1 5
55 15546
5 31
11 1610
2 3
46 261
5 195
2 9
7 2879
3 31
5 71
12 12938
2 5
2 4
3 10
3 3
4 6842
1 35
1 588
55 836158
3 7
7 6842
45 6134
3 12
73 13387
10 639
1 64
4 10
1 3
1 12
33 6320
1 2
27 2252
267 58670
24 2820
12 12938
1 6
45 834420
2 5
2 2
3 9
3 17
46 261
6 10897
5 301
9 56
1 3
1 3
26 4510
6 12
5 23
13 14219
2 10
3 4708
8 7459
2 2
2 5
1 3
1 3
2 290
1 14
2 326
2 3
3 3
44 3529
4 32
1 6
1 5
1 2
1 30
6 2030
2 2
1 64
4 10
3 9
2 1769
2 588
6 10873
7 8637
4 940
1 3
1 2
3 89
3 4
3 290
10 1040
3 315
10 2879
1 3
1 3
1 588
3 23
2 14
1 7
27 9913
1 5
2 18
1 10
13 14219
1 7
1 3
3 6
3 7
1 3
2 296
2 588
8 36
4 3490
2 2
23 19969
2 312
5 7
3 14
1 15
2 588
3 35
6 13309
2 67
2 2
7 34
29 13620
1 15
2 12
1 3
2 2
8 327
151 20152
13 105
1 3
86 4547
8 1858
2 595
2 2764
2 588
2 12
1 588
3 8
56 146367
1 7
2 2
1 22
6 6
5 301
19 6795
1 3
4 11
2 12
2 12
6 10873
8 9797
2 3
4 32
3 354
2 7
1 301
3 290
14 2820
2 588
10 1172
3 7
3 8
1 3
16 1761
3 15
2 8
8 1449
3 3
6 493
1 2
9 12678
1 949
3 297
4 3994
10 144
2 3
10 608
42 3529
1 3
99 162100
3 10
6 327
3 354
2 2
2 304
2 275
5 31
2 2
1 30
1 33
2 1528
8 120444
7 329
2 2
2 2
2 3
15 673
99 162100
1 588
24 19395
33 633
57 834420
2 2764
10 1839
4 54
6 581
2 2
1 12
5 1742
2 11
2 1999
8 36
3 2077
2 3
3 10
8 1858
1 949
2 588
3 19
8 36
17 95
6 93
2 18
2 2
15 4006
15 249
3 8
1 5
2 288
7 1172
2 588
3 10
2 581
4 21
1 326
4 12
5 31
7 2755
1 14
73 18096
45 834420
6 32
1 69
2 2
1 301
1 3
5 32
22 4712
3 3
17 6795
5 312
1 79
13 38
1 2
56 146367
27 2252
26 4499
49 20583
147 25790
3 4
2 3
2 2
1 3
1 7
3 581
1 11
1 20
2 9
5 19
2 3
2 5
4 7
2 588
4 54
133 51958
2 9690
2 2
2 22
2 588
36 3326
4 354
25 6032
1 7
2 2
13 162
5 8177
2 2
1 7
8 71
1 12
2 3
17 13701
1 64
11 27
4 277
1 10
1 33
2 596
2 22
1 3
503 330732
2 2
4 2245
1 855
3 8
2 2
2 22
2 11
10 12679
1 3
5 2526
2 3
2 2
17 95
5 1703
4 10
6 493
60 9607
2 2065
4 21
2 2
2 3
24 19395
3 8
5 940
6 95
20 12581
3 3
2 288
1 1852
1 2
2 3416
6 126980
10 1839
2 89
2 3
5 31
28 8861
5 1604
22 633
3 30
6 327
1 64
6 327
1 297
5 1604
5 1040
3 2074
2 588
1 10
9 144
8 379
1 6
2 4
1 30
5 8177
3 304
5 940
2 3
3 6
2 3
1 885
4 2245
3 581
2 2
16 26
2 2
3 327
1 297
2 326
1 5
59 629071
1 64
4 28
1 7
2 2
13 40
1 885
1 5
4 8
2 89
2 44
5 1703
169 54369
4 82
3 5612
1 11
201 54374
1 33
57 18430
5 1769
1 588
1 5
6 93
4 304
3 581
6 6
2 30
6 92
1 3
20 3455
1 3
1 29
7 52
2 18
3 312
18 11000
5 581
2 3
8 1029
6 8
7 13
2 24
82 16400
2 588
3 3
4 304
5 24
1 5
2 15
2 18
60 122353
6 4591
1 588
43 3452
6 588
2 24
10 2879
12 2723
6 10897
3 11
2 22
2 7
21 4499
36 17122
1 3
1 71
1 5
3 52
4 41
4 949
8 3075
6 95
39 12677
1 297
4 304
6 10873
142 51243
10 608
1 3
3 354
4 949
3 10
1 15
18 217011
2 588
12 12678
8 8
1 9
77 16400
2 3
2 1768
129 10479
5 23
3 21
1 588
8 379
6 493
4 297
6 588
1 15
13 39
57 18430
2 289
18 8725
1 64
2 3
2 6
25 6032
1 588
4 304
6 13295
3 31
3 144
3 354
1 5
3 65
1 588
2 2
2 58
2 9
4 588
4 8
2 2
103 47855
2 289
46 3533
3 14
13 14219
2 3
2 2
2 3
8 3431
2 3
2 2074
7 9
4 46
7 54
2 588
2 58
1 588
2 2
2 5
14 1839
7 35
60 9607
6 10873
4 6842
3 144
2 304
2 588
2 12
2 2
3 14
55 7904
2 12
2 4
7 183
29 36846
4 4708
1 294
5 31
2 3
28 3482
2 290
2 2080
9 6142
12 2723
2 288
2 2
2 1006
1 3
5 12
2 22
8 36
18 7186
1 2
3 581
16 6869
6 493
2 34
1 3
2 3
2 3
1 11
2 24
7 929
2 8
3 883
2 9
5 31
3 10
2 1769
2 10
1 2
6 581
2 2
11 12938
8 379
1 4
1 22
2 2
4 91
2 15
1 269
3 2074
20 323
18 8725
3 31
5 301
18 8725
2 289
4 2074
3 31
6 327
1 287
12 13325
6 493
2 2
8 66
1 8
1 296
41 3529
2 15
1 5
2 2
2 5
2 4
4 2576
9 121964
3 6
2 6
1 3
3 15
1 588
7 835
1 3
12 12938
9 2820
1 2
103 29424
9 18
1 2
1 2
5 11
2 2
3 304
5 56
3 4708
5 6753
5 31
1 3
3 52
6 493
1 5
2 288
8 1449
1 5
267 58670
1 297
592 21338
23 19969
2 9
6 126980
3 4
29 9881
2 289
18 334
20 3455
36 2553
6 2662
6 4789
5 2080
4 11
6 10897
1 29
28 8861
1 2
3 300
26 4510
6 32
3 3
10 1040
2 3
6 327
19 6795
1 588
3 3
1 588
1 288
1 288
2 588
5 1040
6 493
22 20727
1 5
3 4708
62 11915
3 1769
5 2686
2 288
2 2
2 2
1 2
8 8
6 32
1 3
2 588
1 2
1 3
1190 334323
79 79
1 3
4 51
2 180
267 58680
92 29424
1 588
8 1449
3 3
3 3
171 54374
2 18
8 2362
6 4790
22 20727
2 304
5 297
2 6
1 5
1 15
3 23
5 31
4 940
11 27
70 17884
1 297
1 21
1 3
1 3
2 12
4 2245
2 2
4 32
3 55
3 7
2 10
13 14219
1 855
2 15
2 287
1 21
69 5161
3 3
2 3
6 13295
8 8
41 1106
3 3
2 4
1 6
2 2
29 13620
8 1449
1 297
2 2764
1 3
2 18
1 7
1 3
4 3994
21 335
6 93
29 36846
5 2080
8 2238
2 289
2 297
2 2
1 588
45 834420
2 9
8 36
1 14
2 6774
3 294
2 9
2 22
1190 334323
5 597
2 290
10 1172
2 2
1 72
2 15
2 2
1 588
2 34
3 10
20 3455
29 36846
8 1449
2 24
22 2820
1 3
25 41
1 9690
2 289
27 9913
10 3676
21 2252
5 8179
10 1839
3 304
4 5
1 112
2 14
1 30
3 6
38 14435
29 650
6 10873
2 3
1 3
2 12
1 2
7 1610
4 10
1 2
11 27
2 3416
3 66
6 33
1 29
43 3452
17 95
1 949
2 2
3 940
2 12
3 5
2 312
5 360
5 294
21 2252
1 3
5 31
3 3
2 2
15 4006
6 493
1190 334323
13 413
22 4712
9 89
1 3
44 3055
4 51
4 134
2 1172
17 95
3 6
13 1610
6 249
13 14219
10 1839
153 20883
2 18
7 329
3 3
10 1547
22 37171
22 20727
7 34
6 95
1 2
6 92
3 1537
1 3
22 691
6 4789
1 3
27 6205
1 1999
6 493
12 6032
5 56
3 5
3 10
1 2
10 3676
1 5
14 18
75 17906
25 9345
13 9789
4 3500
2 2
2 67
5 36
8 2257
1 25
2 588
7 3672
16 700
8 9797
5 32
8 1460
3 5
169 54369
1 6
3 23
13 1610
13 413
11 162
6 93
11 162
2 89
1 588
8 1449
2 89
4 118
33 633
4 32
2 3
83 39052
6 3416
1 10
8 1449
1 3
105 11067
2 5
6 3416
1 112
9 1361
3 10
73 18096
1 10
32 2553
1 5
1 3
6 6
1 5
5 32
2 3
42 3529
5 31
4 19
2 28
9 1361
2 2
7 3074
3 312
1 30
10 1839
3 6
4 8
2 1537
2 2
267 58670
2 2
157 20883
3 72
2 65
8 73
3 35
1 13
8 9797
2 5
3 15
1 6
12 2723
1 8
5 12
2 3
2 18
2 588
19 205587
1 2
3 73
2 3
5 9
3 14
2 6774
6 868
2 14
2 8
16 6869
5 1610
3 1537
2 12
1 3
11 1976
6 517
13 1610
11 28
6 327
8 4788
6 13307
1 18
57 18430
1 35
53 33040
4 3994
24 2255
31 82
10 1839
2 3
1 5
2 2
45 834420
28 82930
60 9607
2 18
2 588
12 639
5 12
3 7
4 59
1 2
10 2879
24 19395
27 2252
3 12
7 34
2 1999
6 327
81 16392
6 2662
2 2
5 59
2 5
6 588
1 7
2 9
6 12
2 9690
12 1222
5 581
1 64
12 14436
5 45
10 12679
3 14
1 3
15 73
1 3
57 834420
8 2238
2 304
2 588
9 1769
1 286
1 10
3 33
137 44573
6 4783
39 12677
1 2
2 5
1 297
29 35989
1 33
16 3199
13 1610
3 1294
1 15
4 1537
6 517
2 5
152 29144
1 588
5 114
3 312
8 1858
2 2
1 3
1 2074
2 3
7 4788
2 5
3 7
6 3416
29 650
592 21338
37 2858
1 5
2 6774
1 76
1 312
1 12
1 3
12 12679
1 5
2 2
3 294
86 39838
7 183
1 6
110 162100
3 301
138 11067
2 3
13 105
3 315
4 5
2 2
1 297
3 327
3 6
7 327
9 89
9 1361
10 2879
1 885
10 12679
1 21
5 940
1 3
10 144
1 288
4 8
103 29424
1 5
2 3
2 588
1 5
17 95
1 29
3 1537
3 7
69 5161
2 289
1 3
19 6795
1 3
6 93513
2 595
57 834420
1 7
1 288
5 12
1 4
7 1610
6 13295
5 22
4 5
7 3500
2 1768
2 588
2 82
1 5
8 7454
2 290
7 95
3 3
4 3490
2 9
2 15
3 940
2 12
2 5
10 144
2 3
7 34
2 3
6 8
12 89
2 34
95 558
4 6
7 4788
6 95
5 31
2 22
1 3
2 6
17 13620
41 3529
5 1703
3 10
3 297
27 9913
1 21
1 2
6 13283
2 312
5 597
4 1537
3 277
6 3416
2 5
3 31
4 31
1 76
45 834420
2 300
1 588
3 101
5 23
2 597
2 2
2 1528
1 6
3 3
3 52
1 14
1 59
10 608
3 144
2 3
1 3
35 633
2 8
1 5
39 12677
138 11067
2 288
1 297
9 2820
3 3
3 1769
2 14
5 5
32 10999
8 1858
82 17884
2 5
8 36
2 588
9 2820
5 23
57 834420
1 286
1 15
6 327
5 56
3 1610
1 3
2 3
2 2
6 32
2 3
5 13
2 15
2 5
2 18
1 12
1 6
4 4
2 588
2 2764
7 95
1 14
17 17438
32 2553
2 12
2 3
20 2820
2 588
32 2553
2 1805
5 885
2 288
3 303
6 2829
2 3
9 12678
3 5
7 4458
3 294
1 5
2 296
6 327
169 54369
2 304
1 3
1 6
1 6
1 3
7 13620
42 3529
6 3416
2 2872
3 10
6 10873
7 4788
1 288
70 17884
2 304
5 13
48 4103
16 3199
1 588
3 288
2 289
1 288
42 3529
3 301
1 76
4 2074
26 2820
2 54
6 327
2 309
2 2764
1 6
2 4
7 9
3 12
2 304
1 588
2 2
6 6
4 3994
2 1172
4 3994
19 1761
2 12
2 12
4 7
2 2081
26 10517
6 10
10 639
2 588
9 144
2 288
27 6205
1 5
8 3075
7 4830
8 3431
2 3
20 3455
5 301
1 2
2 89
1 6
2 3
4 32
3 72
6 4017
3 3
1190 334323
8 30
57 18430
2 290
1 3
1 3
2 2
25 1282
1 6
3 303
3 3
1 3
16 3722
9 1361
3 9
2 288
10 14797
2 12
2 588
8 327
13 39
2 5
1 5
13 14219
2 15
1 3
1 269
22 37171
2 2
17 95
3 72
29 9863
55 836158
1 3
67 707440
55 7904
6 8
4 11924
3 304
1 949
7 34
1 15
11 28
33 6320
29 36846
3 14
2 2
2 2
1 2
1 6
1 301
1 3
3 2584
11 14815
7 929
3 300
10 1839
3 581
1 2
46 3001
4 304
1 7
9 6142
2 17
2 12
1 58
3 5
1 3
15 73
5 588
3 15
2 67
4 1537
1 3
1 303
3 312
3 10
2 354
36 12677
1 35
3 5
1 312
1 3
2 2
2 2065
24 2255
6 19
1 297
2 2
12 12679
55 4712
1 4
3 3
1 30
24 2255
45 6134
6 327
155 32599
8 36
22 1709
9 1361
2 1999
5 31
2 885
8 7454
2 18
32 2553
1 297
1 949
1 5
1190 334323
12 8880
5 31
4 595
2 2
8 1449
33 633
1 3
33 6320
1 6
2 297
22 20727
43 3452
1 5
1 269
2 36
1 288
8 3075
9 1764
9 121964
7 52
2 15
1 5
3 320
4 11
8 327
4 4672
4 327
7 35
151 39838
5 12
1 3
41 3529
33 6320
2 1528
9 18
3 6
1 2
3 15
8 73
2 2
2 285
3 8
3 16
5 156
4 3490
9 6142
2 4
2 9
13 39
1 3
2 5
3 290
3 8
5 1040
8 9797
1 2
1 297
111 33906
10 1040
2 2
2 2
6 327
2 89
2 3
27 2252
3 581
13 14219
43 3452
2 940
1 5
2 1805
2 22
2 303
3 4
12 1307
5 31
9 1361
2 24
1 2
1 6
6 588
36 20583
107 24945
2 24
5 31
99 162100
1 1767
1 76
3 304
34 29629
3 1294
8 53
6 327
1 39
6 588
1 288
28 82930
56 146367
3 3
4 1537
45 834420
2 12
100 44573
1 64
3 3
1 11
2 1769
1 3
6 317
2 588
25 3326
1 297
1 287
1 3
1 3
1 2
2 304
1 10
2 2
1 2
1 588
1 2
23 3484
4 304
1 3
38 14435
1 6
6 517
2 1999
1 3
1 72
1 2
2 18
629 407588
1 5
1 3
3 23
5 31
2 3
9 6142
6 95
6 12
1 2
10 1040
5 46
3 3
3 2231
4 19
6 2662
1 5
2 288
2 2
5 17
1 15
2 2
56 146367
12 12938
2 5
2 14
2 15
2 3
1 6
3 40
11 9789
2 580
19 14814
31 2858
311 76856
6 493
18 11000
2 2
1 6
10 34
12 2723
1 11
1 3
75 17906
1 3
24 730
1 949
25 6032
4 301
1 286
4 1537
86 39838
13 105
1 286
4 304
2 15
1 5
2 3
2 3
1 3
1 2
4 1537
2 289
3 5
16 2829
32 2553
24 17653
6 13283
2 297
105 11067
5 301
2 288
2 4
2 588
4 82
3 3
1 2
3 3
12 204
2 588
26 10517
2 3
1 7
2 18
12 204
19 205587
3 868
4 10
32 9904
1 5
147 11211
3 10
6 517
15 4006
2 3
2 2
3 10
6 4789
3 6
2 2
1 3
2 4
5 32
6 13297
4 3533
11 27
2 9
2 3
8 1449
2 9
2 3
8 32
3 3
3 11
56 28811
10 1040
3 6
2 23
3 868
4 82
2 3
3 23
38 14435
5 31
1 4
1 297
3 2077
99 162100
8 379
40 260
2 5
169 362151
8 1449
16 3197
6 93513
2 9
2 15
2 15
1 6
1 59
1 29
1 82
4 13
26 10517
6 93513
13 1610
2 89
6 10873
1 30
3 10
2 9
26 4499
10 133989
2 2
1 3
7 493
2 12
10 12678
1 5
5 23
8 73
2 12
25 1282
11 162
8 2238
3 40
3 7
5 17
13 14219
4 1999
5 13
3 10
1 588
2 5
13 9789
1 4
2 17
1 72
2 3
3 297
1 22
4 11
3 940
1 12
6 327
10 1449
2 588
4 32
201 54374
1 3
6 8
2 7
12 1769
1 10
2 3
2 9
3 6
1 2
4 949
2 5
1 588
7 329
30 19395
6 493
32 2553
5 31
3 8
3 4
7 4962
2 2
27 2252
1 2
5 10380
3 10
2 2
3 1537
3 8
26 10517
1 296
1 2
6 95
1 15
1 6
4 56
1 7
2 22
23 323
7 929
4 32
15 4006
1 2
1 3
22 2820
24 2820
100 44573
2 2
1 2
3 14
6 327
2 2
3 21
7 70
47 9607
1 588
2 597
2 4
8 36
4 304
1 2
1 2
2 1999
1 2
2 2074
3 3
2 289
2 3
8 32
10 2879
2 22
1 33
5 32
1 59
1 15
3 8
4 2245
8 327
3 31
2 2
2 161
1 5
14 16
2 6
1 2
8 126980
22 20727
5 1294
2 44
5 327
1 10
3 290
1 3
16 21529
3 10
6 32
3 3
1 3
2 3
71 17249
5 32
2 949
2 2
2 354
15 11915
1 5
8 73
3 3
32 82930
4 11
1 35
6 327
1 6
1 588
2 12
1 30
9 121964
22 20727
1 15
7 95
4 2245
5 45
1 22
2 3
1 297
1 72
2 3
2 11
1 3
155 32599
1 27
17 6795
2 275
10 1547
1 287
2 17
2 3
18 202214
21 2252
3 320
18 8725
3 11
3 581
66 59197
26 4499
2 9
6 327
4 304
5 31
1 15
1 2
10 1839
7 2723
44 3529
1 6
3 290
26 4510
10 1839
2 3
3 288
1 288
7 52
2 3
3 6
1 30
3 10
1 2
4 32
2 13
6 13285
2 2
103 47855
3 5
2 2
1 7
13 1610
6 493
1 949
9 1769
27 9913
2 323
17 13620
10 135527
24 2255
9 12678
1 288
168 43078
2 304
4 32
32 5864
1 40
3 6
29 2252
1 588
52 16333
5 31
6 13321
1 3
10 608
3 3
1 269
5 1769
2 36
1 5
1 5
4 5
3 31
4 45
5 31
22 691
11 7459
6 1537
2 2
22 37171
10 144
3 66
31 82
3 312
2 15
6 167
1 15
2 588
1 3
6 79
1 3
9 1361
1 64
4 595
2 309
5 32
8 3075
5 31
1 588
9 2245
3 14
3 4
11 162
4 3500
4 11
1 15
1 3
1 288
27 2252
2 10
2 22
12 6142
4 8
3 949
45 834420
1 21
2 15
2 24
57 834420
6 13295
10 2238
2 24
3 288
2 2
2 3
2 136
8 36
1 6
2 588
1 2
5 31
2 9
103 47855
2 6774
2 289
2 2
7 95
3 1537
1 2764
3 15
8 126980
4 32
2 2
40 260
4 28
1 14
2 6
2 4
3 6
5 71
2 4
2 89
7 34
4 13
2 15
86 4547
1 949
13 14219
2 4
1 3
2 22
38 14435
2 9
4 2074
6 4783
4 327
60 9607
2 2
7 34
5 360
3 297
201 54374
2 3
27 3453
2 12
1 2
2 17
3 2584
3 3
3 288
25 6032
19 6795
2 288
7 13
2 22
1 15
4 54
2 67
2 15
2 588
3 15
2 2
6 6
2 2
2 2
25 1282
6 10897
10 1040
7 3455
9 89
4 10
3 304
2 304
1 6
2 3
56 4712
5 36
2 2
13 14219
7 13
1 27
1 14
16 6869
1 5
2 3
5 36
1 2
4 4
1 39
10 1040
9 97
3 1769
4 82
2 34
3 3
6 4789
57 834420
2 304
2 3
2 3
5 24
