6 22
3 3
1122 48179
3 14
11 32
2 2
145 3451
11 31
3 304
16 82
12 310
4 2065
5 10
33 35
2 5
2 2
19 91
4 6
5 8
24 32
14 323
29 3075
349 3675
61 2251
2 3
17 39
4 4
3 6
2 2
19 2526
13 588
1 48
11 21
6 19
2 64
178 5312
7 297
4 6
13 28
1 2
3 3
1 5
63 6795
6 22
11 31
2 3
29 1360
88 12937
9 868
5 10
3 3
6 14
9 31
9 2074
24 33311
3 3
108 14806
2 2
14 29
11 835
5 10
40 9797
3 3
326 3529
5 304
9 300
3 13
3 3
5 13
2 2
28 249
3 6
63 6795
4 89
3682 106483
3 3
1675 65262
6 588
4 52
57 126980
48 398
8 581
4 7
8 360
1903 834488
55 4962
16 82
55 3488
142 1567
5 13
28 473
4 10
1 24
16 23
4 52
3 3
4 52
4 4
605 162218
5 8
8 10
24 941
24 4708
653 17878
8 11
11 12
5 5
2 4
1 10
1 4
6 15
303 2819
3 3
4 55
1 25
22 93
650 4711
497 5156
2 2
3 3
4 588
2 2
27 13261
1 15
216 1959
3 3
3 3
1 269
4 11
1 2
4 877
11 31
2 2
3 3
8 15
2 2
14 29
1064 11062
3 3
3 304
10 588
36 9789
4 297
2 9
3 3
286 9907
8 12
9 2078
87 3452
12 31
30 2878
5 13
32 34
1 2
3 3
7 10
3 89
3 175
4 6
2 2
8 313
10 588
3 6
11 32
957 11913
2 4
8 8
10 31
7 11
4 588
3 5
11 329
3 9
4 11
6 41
2 2
56 2244
199 14428
15 323
5 2077
27 13271
2 5
53 8727
2 9
592 146364
78 3220
4 26
87 3452
5 1742
6 2074
3 5
6 20
8 581
4 4
1 7
142 14429
74 3415
142 378
88 6771
14 1857
2 2
14 26
8 15
1 6
1903 834488
6 596
7 105
2 2
4 7
31 6143
28 1558
297 1029
2 24
1 3
11 12
81 8861
11 885
6 304
9 12
7 7
142 378
40 134027
24 478
5 13
20 334
65 2829
5 10
3 13
7 597
6 28
17 82
3 5
4 297
3 35
66 205715
6 6
697 39050
6 21
3 3
6 14
63 6795
1 2
6 22
3 3
302 2819
216 18424
2 588
11 885
6 6
78 8875
220 56859
1 949
194 17115
6 596
509 36841
22 93
6 161
84 12573
3 3
299 2819
2 7
986 8430
5 300
2 2
47 722
199 12669
3 3
14 323
17 59
12 56
7 941
3 3
11 32
60 3087
4 89
13 310
12 2584
1 5
10 277
8 54
1 286
1 3
40 183
2 3
87 3452
8 581
22 144
27 473
9 300
3 3
2 2
6 1769
23 4880
1271 80929
2 3
3 3
2 8
15 316
3 8
9 31
2 2
233 6029
19 35
3 8
3 3
2 3
2 10
3 8
49 6837
27 10869
21 9789
25 1293
3 7
301 29611
4 289
3 3
91 2852
199 14428
2 2
8 588
2 2
98 4507
3 27
11 329
6 2000
19 39
1 287
30 2243
3 18
3 3
6 596
30 2243
4 304
15 36
3 3
2 9
1550 42975
2 2
9 310
697 39050
300 2819
2 2
43 162
3 3
6 6
3 18
164 691
71 7461
1 2
15 29
689 3529
1 6
3 288
15 323
14 29
12 290
2 2
2 2
18 3056
101 6795
3 3
3 13
1 588
57 167
5 300
3 8
3 3
9 382
2 2
11 13
398 4528
1 5
27 10849
4 9
9 8179
1 6
2 61
31 2878
3 288
35 228
1 2
3 3
25 2762
6 58
27 493
4 4
1 6
3 3
6 40
185 19393
2 3
3 1999
6 24
3 3
1 14
3 3
199 14428
6 588
1 855
323 1760
169 3179
5 11
6 11
2816 62962
123 3537
3 3
4 22
2 3
2 1996
129 10995
65 126980
3 6
10 32
11 12
14 1857
48 82
6 588
3 13
4 52
62 1547
2 3
3 33
2 588
12 32
5 12
1 5
4 7
164 691
5 8
2 5
142 378
27 473
1 10
14 1857
3 3
5 5
5 8
4 304
1 8
24 1769
6 71
51 2237
18 1537
9 31
13 13
8 2074
12 31
143 12573
3 12
13 34
31 5613
8 14
5 6
5 10
1071 6134
3 3
3 3
6 68
2 5
49 4672
11 12
796 54349
81 8861
2 2
218 1964
5 13
28 1839
169 6029
395 28792
4 6
4 6
11 32
23 2552
9 868
4 89
1 12
3 12
2 5
152 261
22 1176
6 41
3 290
27 3074
2 275
120 12670
6 58
15 323
9 10
2 2
6 3994
10756 334082
6 7
32 97
5 10
160 262
3 3
1 303
13 1769
40 3415
15 941
3 6
170 122758
2 859
3 3
286 9907
4 29
2 5
17 1449
2 2
2 2
66 205715
2 5
4 20
2 2
3 3
4 588
9 31
6 7
6 301
32 925
98 4507
2 3
3 6
1 5
33 6433
9 310
344 19960
4 289
45 6771
2 20
4 588
194 17115
11 329
1 288
6 6
1 5
445 1853
4 72
6 17
3 3
272 1282
1 6
4 10
2 6
5 1999
18 18
2 2
2 3
2 2
5475 58680
10 80
22 4672
44 2878
14 29
82 6312
4 6
11 32
15 89
5 10
2 2
15 36
5 39
2 2
216 20569
121 3452
6 35
3 3
44 3669
6 588
8 581
1 3
115 3464
4 289
5 6
4 1999
2 588
1 9
2 2
3 3
15 134
7 91
512 11202
174 17654
6 68
2 2
124 6771
14 29
9 12
9 31
28 1839
120 12670
5471 58670
29 6143
48 82
512 11202
61 2251
7 35
16 51
21 4651
8 14
3 3
3 3
13 28
3 3
11 885
5 17
1 2
65 1285
204 15470
4 4
5 13
5 6
1 883
2487 31887
3 18
2 52
3 9
2 3
3 5
5 5
3 8
2 2
2 303
3 6
143 12573
4 6
22 1769
5 8
1 6
6 11
192 19393
7 11
4 2065
3 3
2 2
29 1360
8 588
19 91
6 34
529 146364
16 51
5 13
10 300
57 4694
14 29
6 304
81 7461
13 13
13 588
4 11
1 5
78 3220
65 2829
326 3529
139 628
43 162
1 5
22 144
5 5
3 3
2 2
233 6029
1 2
2 5
3 3
21 4708
2 2
40 134027
18 3056
12 588
77 3198
2 2
9 2074
1 949
7 11
662 24303
5 5
4 89
7 12
94 12937
3 3
98 4507
302 2819
14 323
5 13
17 1537
2 26
1 2
14 323
3 54
61 2251
4 6
4 30
6 12
14 327
14 323
5 304
11 1703
1 6
2 5
1 58
1719 32586
8 2074
673 24319
17 93
28 1610
120 2552
14 1857
6 14
17 93
11 2074
169 3179
4 29
4 72
31 1360
19 39
61 2251
3 3
9 29
27 10869
1 3
6 304
4 13
1 72
3 3
1 855
2 3
489 4711
35 150
3 14
7 595
27 10849
22 4672
71 7461
44 2878
700 11913
27 10849
87 3452
1 58
9 10
15 323
1 3
3 4
728 36897
69 9689
7 25
120 2552
62 4783
4 297
33 35
3 3
550 9876
8 8
4 5
294 2819
233 6029
201 17866
14 323
14 29
3 3
164 691
101 202402
14 588
3 297
323 1760
2 3
5 304
15 323
65 2829
11 80
6 11
3 6
12 31
2 5
2 2
15 36
3 6
8 581
6 7
2 6
9 868
7 25
53 167
142 20727
32 2246
2 2
18 1769
3 304
4 588
3 3
4 6
5471 58670
11 2074
3 288
3 13
3 5
1 4
6 588
4 5
1 34
15 885
4 288
4 289
13 310
1 3
29 34
3 6
10 588
9 12
398 4528
16 156
5 13
3 891
120 12670
61 2251
10 118
53 8727
1 2
1 59
4 14
5 5
12 56
658 80593
2 2
7 12
243 82959
17 1449
35 95
6 949
15 323
22 93
2 2
3 3
2 2
2 2
5 7
3 3
35 13689
3 1999
5 8
61 3719
5 5
2 2
5 7
662 24303
61 2251
120 2552
2 288
57 167
88 12937
2 2
2 2
14 96
4 1999
2 3
3 3
1 287
76 1769
3 4
13 588
27 10849
1750 834488
17 1449
5 11924
8 24
44 2878
91 2852
11 32
199 14428
40 9797
2 5
1 5
59 1894
3 3
653 17878
2 2
5 14
65 2829
184 13390
65 2552
2 2
1 4
5 304
2 12
4 10
9 31
17 1449
1950 76459
6 941
3 3
6 588
3 8
6 22
8 8
4 10
260 16387
11 885
9 31
2 2
1 588
8 581
9 2074
4 297
9 31
294 2819
3 3
18 3056
120 12670
9 31
3 3
6 58
3 3
1 2
5 67
4 289
1 3
136 12671
9 29
13 34
279 9601
5 304
6 304
11 32
5 9
1 286
3 288
45 6771
8 581
14 603
27 473
3 3
69 9689
15 323
12 56
6 22
80 5092
14 1857
2 2
3 3
3 3
3 3
2 5
1 64
3 3
3779 101826
5 1999
49 6837
6 304
55 3488
27 13283
1064 11062
11 323
3 3
286 9907
1 5
3 17
8 8
3 287
53 167
18 144
48 1039
12 290
47 1306
3 18
1 2
1 3
4 304
6 24
6 301
20 2829
648 21760
18 1768
1 5
4 297
3 3
136 12670
12 588
4 4
187 6201
1 12
22 93
24 2080
5 12
796 54349
317 19404
5 7
2 2
6 7
1756 20874
174 17654
6 68
40 9797
2 8
8 580
28 1360
40 3415
30 73
3 3
3 18
61 8872
3 288
1 6
15 36
142 12671
5 9
4 289
4 20
2 2
34 34
5 58
2 12
27 13283
27 13273
2 2
82 55313
4 30
101 6795
1 588
12 588
6 596
2 5
2 287
4 354
2 288
697 39050
1750 834488
3 3
4 10
6 304
28 1360
199 12669
280 9907
3 3
2 2
2 2
56 2244
22 144
3 13
2 21
2 3
2 2
259 9601
61 2251
2 588
1 2
6 17
1 855
4 20
53 8727
4 4
3 13
9 31
2 9
3 72
8 13
15 36
13 588
5 5
1 5
300 2819
101 217199
101 6795
3 26
56 7461
8 64
5471 58670
59 1894
1 64
1559 20704
9 2257
8 8
10 598
3 3
6 10
3 3
19 19
2 5
18 608
12 224
3 3
216 18424
3 89
17 1449
1 71
4 11
5 11
12 1180
4 297
1 4
164 20727
4 4
6 15
3 3
3 3
458 2930
16 1769
10 2662
4 304
5 5
3 3
2 2
33 1610
9 12
2 2
4 89
3 3
3 6
3 3
2 5
22 144
15 323
14 26
3 13
6 7
57 3488
27 13271
62 1547
1 9
4 297
88 6771
5 7
5 8
3 288
44 2878
3 3
3 15
151 260
280 9907
4 10
3 304
272 1282
11 32
33 9789
3 3
27 10849
2 5
2 20
4 296
2 3
11 32
22 93
2 2
2 5
3 3
9 29
3 6
2 5
123 3537
10 31
3 3
3 885
27 473
13 323
3 26
2 5
14 29
2 2
3 3
1 9
43 162
5 12
4 289
4 304
1 6
125 323
3 301
3 3
1 2
3 3
48 1039
12 27
1 588
10 2662
3 3
1 5
2 2
9 2257
10 7952
3 3
113 5113
8 16
1563 241099
4 20
1719 32586
9 8179
3 3
69 9689
3 3
3 3
4 304
43 162
187 6201
578 4497
6 304
48 5904
3 290
244 17429
2 3
5 13
2 3
6 21
5 12
13 588
1138 10474
8 13
56 2244
1 64
7 25
122 10996
9 387
689 3529
3 15
1 6
268 7898
18 1537
14 310
1771 836226
1 2
88 3220
5 60
2 2
48 5904
445 1853
65 2829
4 304
5 9
24 2762
2 5
7 26
27 473
4 55
3 6
2 1709
5 7
8 13
5 304
5 67
7 7952
4 588
5 10
3 288
12 33
6 588
1 2
11 32
4 6
30 73
300 2819
6 6
87 3452
4 11
3 3
1750 834488
4 33
3 3
4 8
17 1449
3 6
529 146364
294 2819
2 14
12 2584
2 2
6 10
23 4708
27 13263
8 24
8 360
6 14
30 9797
121 3452
11 323
2 2
7 595
9 31
1 5
2 2
10 22
17 59
3 3
5 5
5 8
123 3537
80 135556
16 1769
6 304
6 21
80 135556
5 2074
4 10
17 93
3 3
2 2
3 36
24 4708
1127 37169
11 12
15 90
7 7898
2 2
2 2
79 79
81 8861
4 14
35 95
8 8
2 3
22 144
653 17878
15 36
3 4
23 170
1 2
6 596
4 4
36 922
3 3
2 2
4 588
61 2251
169 3179
17 17
82 6752
4 72
35 150
6 14
11 31
3 3
9 1537
4 52
2 2
3 3
6 596
14 22
4 11
16 156
3 4
28 1520
1 3
156 261
59 1894
6 6
56 2244
6 588
11 1703
277 18503
123 3537
1 12
3 7041
13 34
4 6
14 1857
6 15
88 12937
4 1999
3 288
6 304
1903 834488
12 310
6 71
142 4410
11 329
12 1537
27 13291
13 2686
4 89
8 8
2 2
22 1769
4 20
88 6771
6 11
6 304
35 95
28 1610
8 588
7 12
6 596
10 29
2 2
9 9
9 310
3 3
7 10
22 93
14 29
3 178
29 925
15 323
1 11
4 588
6 6
24 2080
7 33
171 13613
3 5
1 5
1771 836226
15 316
9 31
4994 405919
61 8872
2 2
23 1766
8 581
9 10
363 35971
142 14429
14 1857
580 4497
4 304
3 304
1 2
3 54
1 269
87 3452
3 72
10 23
27 473
16 156
2 5
3 3
2 2
58 4783
2 2
9 13
3 3
4 588
1 588
87 3452
27 13273
4 2074
1 4
2 287
3 3
2 24
286 9907
13 588
3 3
2 2
12 31
12 310
9 31
1719 32586
1 64
3 288
1 6
5086 407560
11 12
9 8179
5 5
2 2
1 3
10 32
28 1520
3 72
49 4785
29 5456
4 8
5 6
5475 58680
3 12
2 3
9 13
3 3
44 2878
32 97
1 855
3 3
6 597
3 1999
3 3
3 301
1 2
3 3
40 323
12 588
64 6752
14 26
660 156881
45 6771
87 3452
8 868
14 29
2 2
43 162
3 3
14 323
1 64
2 2
171 13613
3 3
563 5519
18 1537
28 696
3 5
4 55
3 15
3 6
33 71
7 33
3 3
11 310
4 52
6 596
4 6
27 339
37 1827
27 10849
77 3198
2 2
690 3529
6 58
6 304
2 2
2 3
8 313
4 18
3 3
3 3
2 8
7 7898
2 67
53 7456
3 3
5 1999
91 10517
64 4784
3 3
3 12
3 3
4 354
142 378
344 3325
4 220
5 5
189 13613
4 289
65 2829
81 7461
3 180
5475 58680
3 5
1 3
227 18090
32 1608
5 10
6 40
10 2662
12 32
44 2878
15 73
5 302
2 588
16 23
35 150
19 39
17 1449
7 2142
5 8
2 288
27 13271
157 262
5 8
53 7456
43 162
8 581
11 80
7 12
3 3
169 6029
3 9
2 3
22 334
4 326
5 297
2 3
13 310
3 18
42 63
3 13
4 4
56 2244
82 55313
5 297
2 2
2 2
25 5168
6 7
3 3
39 1293
5 13
1 2
447 12232
13 465
45 6771
1 5
1 5
16 2362
5 290
2 2
14 29
5 590
8 360
1 6
11 329
2 21
2 1709
33 1610
24 2762
3 3
2 2
22 4672
30 1610
11 1703
1 5
796 54349
3 290
15 154
16 51
7 17
13 310
4 937
1 39
123 3537
199 14428
66 13262
3 3
64 2254
6 3994
3 3
2 9
1 855
297 1029
9 44
12 31
4 297
5 12
24 32978
5 9
4 354
3 288
10 13
45 6771
27 13273
120 12670
4 1094
3 304
5 6
15 941
174 17654
25 1293
1 5
35 95
5 11
605 162218
1 9
510 9876
5 10
7 297
4 10
2 2
5 26
3 6
9 55
27 493
82 6312
18 1293
6 15
4 297
1 9
1 12
8 13
6 301
27 473
3 6
20 145
3 1999
15 36
6 2029
27 13293
2 588
3 9
3 3
3 3
10 89
2 2
4 2074
6 22
151 260
24 2762
1 2
17 179
21 71
9 55
4 297
2 4
2 7
1950 76459
8 8
5 7
3 6
6 10
98 4506
64 4784
11 32
568 629032
14 903
27 13281
15 310
1 3
16 23
5 13
2 3
2 2
5 9
29 1360
4 11
3 3
9 12
35 95
4 89
48 1039
9 360
4 4
3 3
7 33
3 8
3 6
28 925
26 2231
1 5
5 2074
3 15
2 2
64 3452
64 2254
63 6795
4 52
3 3
3 288
489 4711
5 304
6 596
2 2
22 2552
6 304
6 14
2 2
1138 10474
2 3
5 114
1146 39833
3 3
4 7
443 1853
6 304
1 13
16 156
10 23
2 2
689 3529
2 2
17 26
2 2
6 10
4 52
56 2244
6 22
2 2
98 4507
45 722
3 3
5 304
201 17866
8 8
10 588
1 3
68 323
27 473
5 10
2 3
6 301
18 144
526 33017
11 354
3 301
1750 834488
149 20727
6 1769
3 3
5 354
57 126980
2 3
6 7
3 3
2 21
9 868
98 4507
3 18
3 3
64 4783
21 134
3 4
2 5
14 22
1 12
312 1853
33 183
3 3
6 6
6 588
6 6
2 588
1750 834488
349 3675
6 22
3 3
512 11202
2 3
2 2
1 855
43 162
4 6
1 269
5 8
2 2
3 18
28 66
1 588
1 855
12 32
7 297
57 167
4 89
27 13281
12 31
3 287
1 4
65 2829
14 1857
47 8727
9 31
19 144
3 14
2 10
10 1528
2 2
22 1769
12 31
29 6143
1 5
751 54344
176 747
8 12
91 2852
4 89
4 60548
14 36
199 12669
2 9
6 7
171 13613
3 3
65 2829
177 633
3 3
2 2
53 8727
6 20
9 868
27 10849
40 9797
10 31
61 3719
30 2878
728 36897
206 12669
5475 58680
4 1999
29 3075
17 17
7 15
15 93
3 3
23 673
497 5156
2 5
2 6
6 6
279 9601
1 6
12 290
9 8179
19 28
3 3
2 3
2 2
29 1604
12 32
23 2552
1 2
1 27
3 13
6 15
48 398
10 588
16 35
3 3
14 29
268 7898
64 4784
2 3
6 28
17 1449
3 4
86 249
2 288
1 5
5 304
11 329
3 3
28 1602
33 1610
12 32
66 4962
7 56
43 162
5 289
3 3
8 868
40 9797
7 297
15 89
3 7
61 2251
3 3
3 3
2 6
5 10
3 288
4 10
3 297
4 288
3 3
16 90
5 11
4 289
142 378
10 89
2 2
47 3428
6 588
9 8179
3 3
11 32
8 44
1 949
1 3
3 5
57 3488
77 3198
8 24
2 588
15 89
2 3
6 24
2 24
64 121964
5475 58680
14 327
18 1768
3 1999
220 56855
17 39
6 7
4 4
185 19393
82 6752
11 329
27 3500
149 20727
1138 10474
4 11
5 8
15 323
26 5168
3 3
3 18
5 7
57 4694
17 31
5 8
4 89
1 64
4 29
14 22
3 288
6 9
5 5
6 941
6 304
63 6795
3 3
26 2762
4 304
47 8727
5 5
1 3
5 6
48 5904
3 3
80 135556
12 588
4 22
5 6
4 296
23 1768
18 1769
4 27
15 603
16 51
142 378
6 588
3 3
10 22
3 3
10 32
1 21
2 2
1 76
2 26
2 3
6 304
22 2552
3 3
1 287
5 11
9 22
88 12937
51 2237
26 478
9 31
5 10
3 304
7 25
8 581
1771 836226
64 2254
3 3
1903 834488
2 588
4 297
10 14066
28 925
16 23
14 36
2 2
3 35
2 2
3 3
2 2
24 2080
796 54349
4 297
2 2
300 2819
9 52
3 6
59 1894
2 588
27 473
74 18319
12 32
3 3
4 6
3 3
326 3529
11 112
2 588
4 4
3 3
288 1853
4 2065
3 3
35 95
27 473
2 2
3 1999
6 14
6 17
4 89
3 3
4 89
11 32
28 1610
1138 10474
15 90
2 2
6 588
2 2
2 5
2 2
268 15534
5 17
3 3
26 1610
36 195
30 2878
88 12937
3 5
2 4
3 3
49 6837
3 35
9 31
2 588
5 7
71 6837
1071 6134
27 493
5 12
9 29
8 8
2 2
181 13382
19 636
2 64
9 10
22 1168
15 3442
12 12
82 6312
1 2
5471 58670
300 2819
88 12937
17 1449
2 5
2 2
7 9
1 76
6 301
12 56
7 12
10 23
3 3
99 14218
5 10
23 4708
56 7461
2 5
13 28
3 290
3 3
4 14
4 326
3 3
2 2
2 2
690 3529
3 3
6 6
2 5
1 2
14 29
6 2030
2 2
4 20
1 64
6 10
5 9
24 1769
13 588
30 8634
7 941
3 3
8 13
2 2
4 89
1903 834488
4 4
12 290
48 1039
27 13271
8 313
44 2878
1 588
16 23
4 14
3 3
7 7
286 9907
13 10376
2 2
1 5
1 9
99 14218
4 7
1 3
4 6
1 5
4 7
5 8
4 296
13 588
55 3488
1750 834488
61 2251
344 19960
11 310
6 7
6 14
3 13
6 588
6 35
5 67
209 13613
5 13
3 3
2 2
1707 20146
42 105
544 4546
14 1857
7 595
26 2762
6 588
7 12
1 588
7 8
4 289
529 146364
4 7
12 31
2 2
1 22
6 6
6 301
63 6795
4 11
15 310
3 3
40 9797
5 354
27 10849
35 95
2 301
12 290
328 2819
6 588
2 3
3 3
28 473
4 7
266 1760
1 5
5 15
5 8
1 2
5 10
120 12670
1 949
4 8
7 297
27 13261
6 3994
22 144
3 3
18 608
689 3529
14 323
5 354
2 2
6 304
2 275
15 36
2 2
14 29
9 33
8 1528
94 120443
11 329
2 2
2 2
2 588
185 19393
51 2237
139 628
8 8
26 2762
7 54
9 31
2 2
7 581
4 12
5 1742
9 11
3 1999
5 2077
605 162218
8 10
14 1857
1 949
6 6
6 588
2 2
3 19
23 93
235 4006
86 249
12 31
4 288
2 2
15 1172
6 588
8 10
6 21
1 5
2 24
3 326
11 12
57 2755
2 2
9 31
3 3
2 2
227 18090
2 2
512 25724
3 301
1 3
489 4711
3 3
101 6795
4 289
14 310
9 29
3 3
3 9
24 38
1 2
529 146364
51 2237
3 3
578 4497
224 20569
3 4
15 93
1750 834488
9 31
3 24
2 150
8 581
4 11
2 20
6 15
2 5
7 7
4 588
7 54
1335 51956
69 9689
6 22
6 588
344 3325
5 354
233 6029
4 7
4 4
43 162
2 2
9 8177
4 10
21 71
12 12
9 868
1 64
2 2
61 2251
10 277
1 9
2 2
7 33
6 596
6 22
1 855
2 2
4 22
3 3
136 12671
3 3
19 2526
2 2
22 1168
3 287
9 31
11 1703
6 10
279 9601
4 2065
6 21
185 19393
15 941
27 13293
143 12573
27 473
3 3
2 2
3 288
1 1656
2 2
7 295
40 3415
28 1839
4 89
2 3
17 26
81 8861
29 1604
158 633
10 26
13 323
1 64
3 18
8 13
4 297
29 1604
15 1039
8 2074
4 10
5 7
6 588
3 18
8 8
2 9
22 144
142 378
3 6
5 8
14 29
4 4
9 8177
3 304
15 941
2 3
1 885
8 581
19 26
1 5
14 323
4 297
8 581
4 326
3 3
568 629032
1 64
10 28
15 36
14 36
9 31
4 7
2 2
2 885
5 8
1 91
4 89
3 3
12 44
11 1703
751 54344
16 82
31 5613
4 11
796 54349
8 33
216 18424
3 3
25 1769
2 588
2 5
22 93
4 304
8 581
6 6
3 26
15 90
1 2
2 3
87 3452
35 95
9 52
8 11
13 310
122 10996
17 1449
195 1029
8 8
11 13
13 34
263 16395
4 588
6 304
3 12
2 2
3 13
184 122329
1 588
145 3451
13 588
44 2878
57 2720
7 11
11 22
3 7
16 3730
580 4497
205 17115
17 1449
4 52
6 41
4 949
11 32
29 3075
2 2
10 34
206 12669
4 297
6 304
468 51180
18 608
5 354
4 949
3 3
5 10
1 15
15 323
13 28
101 217199
22 1168
5 588
132 12670
8 581
1 9
236 16395
2 3
23 1768
1138 10474
15 93
11 21
5 10
1 588
142 378
7 297
13 588
2 13
2 2
216 18424
53 8727
1 64
5 10
4 6
233 6029
2 588
6 304
23 673
15 93
18 144
11 354
2 5
3 65
2 588
6 58
2 9
10 588
2 2
656 47853
96 3537
6 14
99 14218
3 3
11 32
22 1168
11 32
4 1170
47 3428
3 3
11 2074
9 9
10 46
8 54
6 588
7 70
1750 834488
98 4507
2 588
2 2
2 5
36 1839
7 7
279 9601
49 6837
3 3
18 144
5 304
2 2
6 588
4 12
2 2
6 14
268 7898
5 12
16 16
32 183
2 2
509 36841
24 4708
3 294
115 3462
5 290
2 2
9 31
9 2080
4 10
29 6143
57 2720
3 288
2 2
3 3
3 3
27 13271
35 95
7 12
4 22
404 7185
18 58
1 2
15 93
8 581
2 2
88 6864
2 34
3 18
2 3
4 11
28 925
6 8
3 3
11 883
2 9
24 1769
5 10
2 2
7 581
15 93
3 3
2 2
83 12937
142 378
2 4
1 22
14 91
5 13
1 269
8 2074
125 323
53 8727
6 301
53 8727
6 2074
11 31
1 287
3 3
1 12
80 13323
2 2
28 66
3 8
4 296
326 3529
5 13
2 5
2 2
5 5
3 4
12 2576
64 121964
4 6
4 6
8 15
2 588
11 835
2 3
14 36
88 12937
5 10
294 2819
1 2
424 29413
5 17
4 8
17 17
1 2
8 11
3 304
7 56
21 4708
4 4
82 6752
3 3
4 52
17 4017
2 2
2 2
3 288
2 2
4 5
5471 58670
4 297
4153 21213
344 19960
4 289
4 4
510 9876
3 3
20 334
33 335
87 3452
125 2552
10 2662
65 4784
5 10
3 3
24 2080
5 11
81 8861
9 300
3 3
48 1039
19 4304
13 323
63 6795
2 588
3 3
1 588
21 4591
3 288
3 288
10 588
3 3
15 1039
149 20727
21 4708
957 11913
13 1769
3 288
13 588
1 2
7 8
11271 334082
79 79
16 51
5475 58680
406 29413
2 588
3 3
3 3
755 54349
16 2362
60 4785
149 20727
27 493
1 69
4 304
3 15
3 3
7 297
4 6
1 5
3 13
16 23
11 941
14 26
3 3
28 1839
4 297
2 21
15 93
5 10
3 18
3 3
4 55
3 7
5 10
3 3
99 14218
1 855
3 13
2 287
2 21
497 5156
3 3
3 3
290 1106
3 3
3 4
3 3
1 6
209 13613
4 297
26 2762
3 3
3 3
4 7
6 3994
22 93
509 36841
24 2080
3 3
3 3
5 297
3 3
2 588
13 34
6 9
4 14
3 288
45 6771
5 294
3 3
8 9
4 22
11271 334082
15 597
5 290
6 19
1 72
3 13
1 588
61 2251
2 34
8 10
87 3452
5 7
8 13
5 7
509 36841
11 31
302 2819
40 40
70 9689
2 2
286 9907
349 3675
9 8179
3 17
28 1839
3 304
4 5
2 2
8 112
4 14
4 29
5 6
27 473
199 14428
141 643
2 3
1 2
3 3
27 473
33 1610
6 10
2 2
14 26
40 3415
3 66
145 3451
2 2
1 949
23 941
5 12
3 5
7 311
1 12
1750 834488
9 360
31 95
2 5
5 10
235 4006
11271 334082
34 413
489 4711
15 89
1 3
29 633
340 3054
3 3
16 51
14 134
15 1172
4 6
28 1610
16 90
3 288
48 249
99 14218
3 3
13 34
8 581
28 1839
1420 20874
11 329
3 3
3 3
62 1547
1057 37169
149 20727
17 93
12 32
12 31
11 1537
13 34
2 2
164 691
2 2
64 4784
3 3
187 6201
27 10849
3 1999
3 3
169 6029
7 56
2 3
2 2
349 3675
1 5
18 18
1 5
4 8
163 9339
15 93
36 9789
64 2254
9 3500
2 2
5 67
9 2257
9 588
201 17866
44 3669
5 8
31 9797
3 3
1 6
3 3
18 1460
1 5
751 54344
16 23
28 1610
34 413
5 10
2 2
2 287
43 162
22 93
1 71
43 162
4 89
2 588
4 89
10 118
139 628
12 28
56 2244
3 3
2 3
697 39050
39 3415
15 323
5 10
1117 11062
35 95
5 5
39 3415
8 112
28 1360
9 31
3 3
227 18090
4 10
120 2552
27 13261
3 5
176 5312
6 6
1 5
689 3529
6 28
28 1360
2 2
27 3074
13 310
14 29
29 1839
3 6
16 1537
5471 58670
2 2
3 3
1756 20874
2 2
4 72
3 3
16 16
5 65
18 40
30 73
6 35
1 13
40 9797
2 5
8 15
57 2720
3 8
152 261
3 3
157 262
10 12
2 3
8 588
66 205715
1 2
4 4
10 73
5 9
6 14
45 6771
8 868
33 35
6 14
3 8
88 6864
32 1610
18 1537
65 1285
39 1975
28 1610
14 323
64 4783
8 16
216 18424
3 35
2 2
526 33017
6 3994
27 13293
48 82
28 1839
3 3
11 31
1 5
234 82959
279 9601
4 18
6 588
30 633
10 12
4 7
16 59
44 2878
185 19393
5 12
3 1999
260 16387
10 2662
2 2
17 59
2 5
12 588
8 9
7 12
69 9689
129 1221
61 2251
1 64
142 14429
10 45
3 288
136 12671
6 14
34 73
3 5
35 13718
51 2237
4 304
3 9
27 13283
6 588
22 1769
1 286
1 9
3 33
1226 44569
46 4778
206 12669
2 2
2 5
61 2251
4 297
27 13281
363 35971
14 3147
7 33
77 3198
28 1610
25 1293
3 13
16 1537
4 4
2 5
512 25724
1762 29134
20 29
12 32
1 588
5 114
13 310
14 1857
2 2
4 2074
58 4783
2 5
5 7
39 3415
3 3
141 643
4153 21213
95 2852
1 5
3 9
45 6771
9 310
15 93
142 12671
2 5
15 36
2 2
5 294
15 93
1099 39833
32 183
3 6
629 162218
17 1449
6 301
1064 11062
1903 834488
42 105
8 313
8 8
12 31
4 297
27 473
14 323
3 3
4 6
15 323
15 89
28 1360
44 2878
2 885
27 473
136 12671
2 21
15 941
22 144
3 288
424 29413
3 5
8 588
18 1537
5 7
2 2
11 31
3 3
497 5156
1 3
56 2244
63 6795
2 3
16 93578
7 595
4 7
2 288
11 31
7 12
33 1610
14 22
12 32
3 3
1 76
17 1449
4 5
27 3500
23 1768
13 588
2 2
11 80
3 5
53 7456
5 290
19 39
3 3
27 473
55 3488
2 9
5 10
5 13
24 941
8 581
5 12
2 5
22 144
17 1449
3 3
3 3
4 10
1 76
15 89
2 34
58 4783
6 22
3 3
3 18
2 6
189 13613
326 3529
11 1703
27 10869
5 297
286 9907
2 21
2 2
7 311
15 597
16 1537
39 3415
5 10
2 5
3 3
11 32
8 300
3 3
1 588
11 101
11 21
7 597
2 3
2 2
8 1528
3 3
5 6
2 136
3 3
9 31
4 52
24 673
2 12
1 59
18 608
3 3
34 635
18 144
2 3
3 3
17 39
177 633
3 8
1 5
3 3
206 12669
1064 11062
5 8
3 3
3 288
3 6
3 297
294 2819
3 3
13 1769
4 14
5 5
139 10995
1 5
14 1857
680 17878
15 323
27 13291
2 5
9 588
294 2819
10 23
4 289
2 286
3 13
15 323
8 56
30 1610
2 3
3 15
2 2
2 3
3 5
2 2
3 3
4 12
3 6
10 588
26 2762
2 12
244 17429
120 2552
303 2819
13 588
120 2552
10 1805
3 3
15 885
3 288
5 303
16 2829
3 3
10 32
120 12670
5 10
46 4458
5 294
2 5
4 296
3 15
751 54344
6 304
1 6
6 24
171 13613
689 3529
39 3415
3 2872
58 4783
33 35
5 10
3 288
6 304
605 162218
3 3
660 4103
77 3198
1 588
605 162218
1 288
689 3529
6 301
9 2074
317 2819
27 493
3 54
6 309
26 2762
1 6
4 10
3 3
9 9
5 12
6 304
2 588
3 3
8 581
6 6
6 3994
15 1172
6 3994
323 1760
7 12
6 7
12 2081
11 31
5 5
11 31
91 10517
3 3
2 2
7 10
19 636
15 36
10 588
22 144
3 288
187 6201
2 5
29 3075
33 4830
47 3428
15 90
3 9
3 3
87 3452
6 301
2 2
4 89
3 6
4 72
3 3
11271 334082
216 18424
3 290
1 3
4 1006
263 1282
3 6
5 303
3 3
61 3719
28 1360
5 9
2 288
15 93
29 14797
9 12
51 2237
13 588
15 327
3 5
2 5
99 14218
3 13
1 3
1 269
1057 37169
2 2
4 72
280 9857
8 11
1983 707508
61 2251
268 7898
5 11924
4 4
5 304
3 18
1 949
3 13
82 6312
509 36841
6 14
1 2
2 301
12 2584
108 14806
4 10
28 925
9 300
28 1839
8 581
1 2
336 3000
3 3
6 304
2 2
4 7
29 6143
5 12
1 58
34 73
13 588
7 13
5 67
4 10
16 1537
3 3
1 303
13 310
8 10
2 2
4 354
195 12669
3 3
3 35
3 5
5 10
5 8
9 310
4 2065
1 6
9 31
15 19
4 297
142 12671
649 4711
2 2
1 12
3 3
14 29
512 11202
1071 6134
14 323
1719 32586
436 1515
28 1360
3 1999
5 885
53 7456
120 2552
4 297
1 949
11271 334082
3 5
78 8875
8 595
1750 834488
1 6
2 2
139 628
1 3
82 6312
3 3
2 6
5 297
149 20727
145 3451
1 5
1 269
3 3
3 288
34 3075
21 1764
64 121964
9 52
5 12
61 2251
14 316
8 11
15 327
49 4672
1 76
11 323
1 2
1146 39833
2 288
7 11
4 4
326 3529
82 6312
8 1528
17 17
2 3
4 6
1 2
56 2244
8 15
30 73
2 2
4 285
8 581
6 16
16 156
55 3488
29 6143
2 8
3 3
2 5
12 290
3 3
8 8
14 1039
10 32
40 9797
27 13273
2 2
4 297
432 33894
48 1039
2 2
3 3
4 89
13 34
8 581
99 14218
4 289
145 3451
3 6
23 941
10 1805
65 1285
6 22
2 303
4 4
47 1306
9 29
28 1360
1 2
3 6
15 323
27 13273
3 3
12 588
216 20569
3 79
386 24931
11 1767
15 93
1 12
3 304
301 29611
29 1293
24 53
14 323
8 37
12 588
10 32
234 82959
529 146364
16 1537
3 3
1226 44569
1 64
24 1769
2 3
12 314
13 588
4 20
305 3325
3 297
2 287
3 3
1 2
4 304
1 10
2 2
4 4
2 2
2 2
2 2
3 3
1 588
1 2
6 304
199 14428
4 1999
3 3
3 3
3 3
3 72
2 2
1 5
27 473
3 3
16 23
9 868
29 6143
17 93
7 12
1 2
48 1039
10 46
3 3
25 2230
4 289
10 2662
27 10849
3 3
2 5
3 288
2 2
2 2
2 13
2 2
151 260
529 146364
88 12937
9 31
2 5
5 7
6 14
5 13
12 31
10 40
33 9789
12 32
8 580
184 14805
56 2244
122 10996
2 2
1 6
29 34
57 2720
4 11
2 2
1 949
233 6029
5 301
1 286
16 1537
1099 39833
11 31
42 105
1 286
3 6
6 304
5 13
1 5
2 3
2 213
2 3
1 2
12 1537
1 5
65 2829
120 2552
174 17654
5 5
1750 834488
5 297
3 3
1117 11062
6 301
3 288
2 4
8 588
16 82
2 2
3 3
9 29
1 2
3 3
57 204
6 588
91 10517
3 3
4 7
57 204
66 205715
6 10
2 2
3 18
277 9898
8 10
235 4006
512 25724
64 4784
34 35
27 473
4 6
2 2
1 3
3 3
3 3
10 32
22 3568
3 3
14 26
51 2237
3 18
6 9
17 31
3 3
7 11
395 28792
48 1039
4 6
3 23
10 32
16 82
16 23
199 14428
12 31
1750 834488
3 3
4 297
3 9
3 3
5 2077
142 378
14 323
2 5
2 2
751 362003
2 2
75 3196
16 93578
5 13
5 13
1 59
10 80
91 10517
1903 834488
16 93578
28 1610
4 89
14 29
1 6
2 8
578 4497
40 134027
2 2
31 473
8 12
3 18
2 2
136 12670
2 5
5 8
2 2
10 23
30 73
4 12
263 1282
43 162
4 40
5 7
2 2
5 10
5 15
102 14218
5 1999
1 588
2 5
56 2244
36 9789
3 72
7 297
1 22
4 11
23 941
15 323
2 3
17 1449
9 31
7 588
4 289
3 6
796 54349
1 3
9 13
3 3
16 1769
35 95
2 8
27 10869
4 6
61 2251
1 2
13 949
2 5
1 588
3 18
218 1964
11 329
190 19393
120 2552
3 4
66 4962
151 260
18 1537
7 8
91 10517
1950 76459
1 296
15 93
15 323
3 13
5 6
13 52
6 22
6 24
218 1964
129 323
28 925
235 4006
4 289
17 39
302 2819
300 2819
1226 44569
2 2
8 12
6 10
2 2
2 2
259 9601
2 588
7 597
6 304
2 2
1 2
3 3
3 1999
2 2
11 2074
3 3
12 31
17 31
44 2878
9 22
64 2254
9 33
1 59
4 20
3 18
1 15
15 327
4 4
5 161
3 3
1 5
4 6
2 2
149 20727
13 1293
12 44
14 323
1 9
12 290
75 21515
3 3
218 1964
412 17237
6 949
15 93
10 10
4 10
4 354
2 2
2 286
3 3
783 11913
1 5
30 73
3 3
243 82959
4 11
3 35
1 588
14 29
64 121964
149 20727
4 13
10 45
1 22
56 2244
4 297
3 72
4 10
9 11
1719 32586
3 27
101 6795
2 275
62 1547
3 3
101 202402
14 316
53 8727
7 11
8 581
447 59183
3 6
578 4497
3 3
4 304
1 15
28 1839
42 2720
690 3529
2 2
27 13273
1 6
12 290
3 288
3 288
9 52
5 6
14 29
201 17866
13 13
27 13291
2 2
2 2
2 2
656 47853
3 5
3 3
2 2
7 7
28 1610
1 5
1 949
22 1769
286 9907
8 322
189 13613
3 3
4 289
512 25724
80 135556
27 493
2 2
3 3
120 12670
3 288
1944 43060
4 304
5 10
13 34
400 5863
6 40
4 6
61 2251
1 588
196 16328
1 5
18 608
13 34
5 10
3 3
1 269
25 1769
2 5
4 5
5 5
10 45
28 1839
2 6
164 691
71 7461
14 1537
4 289
35 95
2 2
3673 329460
1057 37169
9 29
22 144
3 66
48 82
13 310
9 13
56 167
5 7
3 13
2 588
3 3
15 79
1 3
28 1360
1 64
8 595
6 309
29 3075
2 588
3 3
56 2244
3 3
11 32
6 14
4 4
43 162
9 3500
5 11
1 15
3 18
1 288
5 10
4 289
6 22
31 6143
5 949
27 10869
2 21
3 13
5 8
52 2237
4 289
3 288
2 2
14 588
2 2
2 9
656 47853
45 6771
9 31
18 1537
24 2762
8 15
1 11
67 126980
3 3
64 2254
5 10
10 28
2 12
5 6
3 4
1 6
6 71
4 289
4 89
1 5
3 89
8 14
544 4546
1 949
3 9
99 14218
3 3
6 22
199 14428
1 76
9 2074
46 4778
11 323
279 9601
27 34
9 360
3 3
7 297
796 54349
121 3452
2 2
1 10
3 3
12 2584
3 3
233 6029
63 6795
3 288
6 22
3 13
7 54
5 67
5 13
512 11202
13 588
8 15
2 2
6 6
2 2
263 1282
48 1039
61 3452
15 89
9 10
6 24
3 304
11 31
6 304
5 6
2 3
650 4711
99 14218
11 13
2 26
4 14
88 6864
1 5
2 2
1 39
48 1039
32 97
24 1769
35 95
16 82
2 34
11 32
17 1449
65 4784
6 304
3 18
12 32
