2 22
2 3
6 327
2 14
2 2
1 3
42 3451
3 304
4 82
6 312
2 2065
2 10
1 3
6 493
6 91
1 8
20 1299
5 327
8 3075
10 3675
1 3
2 3
1 3
3 4
2 2
5 2526
1 5
2 588
1 48
55 5340
5 23
1 64
60 5340
4 297
6 327
3 6
11 28
1 2
6 32
3 3
1 5
19 6795
6 473
2 22
1 3
7 1360
12 12937
2 2
1 14
4 2074
4 33311
11 14813
2 2
1 29
2 9
7 835
2 10
2 17
2 3
8 9797
41 3529
2 3
2 304
3 300
2 15
6 4880
2 15
2 2
4 249
1 3
1 6
19 6795
2 89
255 106497
1 3
2 588
3 52
11 398
2 2
3 7
45 834488
4 360
26 2251
5 4962
4 82
4 3488
14 1567
2 15
7 34
2 2
2 23
3 52
3 52
2 9
1 3
3 10
3 941
4 4708
2 4
4 11
6 12
2 5
2 24
2 4
2 2
1 19
20 2819
1 3
2 2
3 3
3 55
6 93
56 4711
70 5158
2 588
1 2
1 15
2 1006
2 10
1 269
1 11
4 5
1 877
3 8
1 287
1 3
2 2
5 13
3 15
2 2
1 29
140 11062
4 19
1 3
78 17866
3 304
1 6
2 588
13 9789
1 297
2 9
27 9911
2 12
1 29
1 2078
4 2244
20 3452
7 2878
2 15
1 2
2 3
4 10
1 89
2 2
2 6
30 2858
3 315
2 588
62 11913
2 4
7 8
3 11
57 834488
2 588
1 6
7 329
1 11
4 41
12 39
38 14434
3 2077
2 3
2 2
1 5
18 8727
6 327
6 90
6 13293
2 9
79 146364
17 3220
4 26
20 3452
5 1742
2 2074
4 20
1 7
12 14435
2 2
13 3416
7 378
1 3
10 6773
8 1857
1 2
11 26
3 15
1 6
5 36
2 289
1 6
2 596
7 105
3 7
12 6143
3 1558
35 1029
1 3
6 12
2 2
28 8861
3 885
2 304
5 31
2 12
7 378
10 134027
4 478
2 15
2 3
18 334
16 2829
2 10
1 15
2 2
2 597
3 10
2 28
4 82
1 5
1 297
1 35
19 205715
23 3484
7 13
45 834488
6 6
83 39050
2 21
3 14
19 6795
2 22
22 2819
57 18428
1 588
3 885
2 6
12 8879
28 56859
1 949
3 31
37 17120
2 596
29 36841
6 93
4 161
1 3
7 12580
23 2819
1 7
111 8430
3 300
2 9
2 2
23 730
45 12676
1 3
5 327
30 2858
5 59
9 56
5 941
12 39
2 18
2 3
4 13
3 10
13 3087
2 89
3 312
3 2584
4 277
7 54
2 178
1 286
1 3
14 183
2 3
8 36
8 1449
1 6
4 5
20 3452
3 581
2 18
10 144
3 300
1 2
2 1768
222 80942
2 3
3 31
1 8
5 320
1 8
2 4
2 2
25 6029
5 35
1 8
2 3
1 3
2 10
1 8
4 6841
6 9789
3 1293
3 7
34 29625
1 5
2 2
4 32
104 1965
38 14434
1 2
2 588
2 2
2 27
1 3
7 329
6 2000
1 287
6 2243
1 3
2 596
1 6
6 2243
1 304
8 1449
1 9
48 42975
7 34
26 2251
1 2
1 29
1 312
4 8
1 5
83 39050
24 2819
1 2
11 162
2 3
23 691
11 7461
6 126980
504 329492
5 31
8 29
42 3529
1 29
3 290
2 9
2 2
4 3056
18 6795
2 15
1 588
8 167
2 300
26 2251
1 8
1 3
3 13
2 3
65 4528
3 9
5 8179
1 6
6 10849
11 2878
2 288
40 261
16 228
1 2
9 2762
2 58
2 30
1 40
24 19393
2 1999
1 3
38 14434
1 2
2 588
7 34
2 2
2 2
1 855
5 31
19 1760
16 3179
4 11
70 17878
239 62962
104 1965
54 3537
6 13281
6 7
5 31
2 22
1 3
3 10
1 1996
3 8
28 10998
1 5
1 6
6 12
8 1857
31 82
2 588
2 15
3 52
9 1547
2 3
3 33
1 588
3 12
1 5
2 7
23 691
2 8
2 5
7 378
8 1857
2 3
4 5
4 304
1 8
2 1769
4 2244
3 8
6 327
3 1537
4 2074
1 2
23 730
1 2
20 12580
1 14
3 5613
1 7
4 32
5 14
2 6
2 12
1 6
45 6134
1 3
2 68
2 220
1 3
1 5
4 4672
6 12
201 54365
28 8861
2 2
1 287
2 15
10 1839
12 6029
56 28806
3 6
4 10
3 6
8 2552
2 89
1 5
1 5
4 41
2 290
7 3074
2 275
1 2
9 12677
2 58
4 10
4 3994
2 10
1 3
1126 334130
5 7
9 97
7 5168
61 262
3 3
8 30
1 2
1 303
3 1769
2 3416
5 941
2 6
53 122758
17 95
2 859
27 9911
1 29
1 5
2 2
2 2
19 205715
2 5
2 2
2 2
2 3
2 588
5 7
5 301
11 929
2 3
2 6
13 6433
1 312
23 19967
2 289
2 6773
1 20
2 4
2 588
37 17120
7 329
1 288
6 6
3 7
28 1853
3 72
5 31
2 3
2 17
1 3
36 1282
1 6
1 6
4 1999
14 18
2 2
1 2
267 58680
1 80
7 4672
17 95
1 3
10 2878
1 29
33 6312
10 35
7 34
2 2
9 89
2 10
2 2
4 39
6 3730
36 20580
27 3452
3 35
3 3
7 3669
2 588
5 581
5 6
3 1999
2 588
1 2
1 2
1 12
6 473
11 28
1 12
1 3
2 134
3 91
1 5
24 17654
2 68
2 18
4 32
15 6773
1 29
2 12
10 1839
3 10
9 12677
267 58670
9 6143
5 31
31 82
2 35
4 51
3 4651
5 14
1 3
2 2
4 31
6 473
2 1094
6 473
2 3
3 885
1 3
1 3
24 1299
60 15474
1 6
3 11
3 4
2 15
4 6
1 883
2 3
2 52
2 3
1 5
3 288
2 2
4 5
1 8
2 303
1 6
20 12580
2 34
2 6
9 1769
1 6
3 11
35 19393
3 11
2 9
2 2
2 2065
39 260
1 2
3 1360
3 3
2 588
6 91
5 34
56 146364
4 51
2 15
1 3
5 300
2 18
8 4698
1 29
4 304
12 7461
2 289
2 13
2 588
4 11
1 5
8 1449
17 3220
16 2829
26 2251
41 3529
33 630
13 162
1 5
10 144
2 5
1 2
25 6029
6 10869
1 2
2 5
3 4708
311 76464
2 2
10 134027
4 3056
2 3
5 32
6 588
16 3198
4 2074
8 1449
1 949
3 11
74 24303
4 5
3 10
2 89
1 5
5 12
13 12937
22 2819
1 6
5 327
2 10
2 15
4 1537
1 26
1 2
3 327
2 54
2 6
2 12
7 327
5 327
2 304
5 1703
1 6
5 13
2 5
1 58
157 32586
4 2074
81 24319
8 1449
6 93
13 1610
32 2552
8 1857
3 14
2 9
6 93
2 2074
16 3179
1 3
1 29
2 3
3 72
2 10
5 1360
1 3
2 304
2 15
3 15
1 3
1 72
1 3
1 855
2 3
14 673
22 4711
11 150
3 288
1 16
2 595
7 4672
24 2254
11 7461
4 32
10 2878
18 11913
20 3452
1 58
4 10
24 2254
1 3
2 4
81 36897
2 9690
3 25
32 2552
8 4787
6 13273
1 297
46 9876
4 8
4 5
9 2819
25 6029
5 327
1 29
2 3
2 10
271 65267
7 34
23 691
18 202402
2 588
1 297
2 3
19 1760
2 3
2 304
5 327
6 33
6 4304
3 868
16 2829
2 80
5 11
2 6
1 5
1 6
3 581
5 7
1 6
3 868
3 29
1 29
8 167
1 29
19 20727
1 6
6 2246
1 2
12 1769
3 304
2 588
2 6
267 58670
2 2074
2 288
2 15
1 5
2 588
4 5
1 34
5 885
3 288
5 36
6 13283
3 312
1 3
197 21760
10 34
2 588
2 12
65 4528
5 156
1 5
2 15
1 891
9 12677
4 118
18 8727
1 2
1 59
5 581
2 14
4 5
9 56
164 80629
5 12
6 10869
32 82959
2 949
3 5
5 8
6 93
1 2
2 2
6 13261
1 7
2 1999
2 10
4 8
16 3719
2 5
1 2
74 24303
32 2552
1 288
1 5
8 167
12 12937
2 2
1 2
4 96
2 10
3 1999
2 3
5 31
7 34
5 31
1 3
2 3
15 1769
2 4
2 588
4 11924
10 2878
38 14434
8 9797
1 5
1 5
17 1894
3 3
16 2829
17 95
75 13394
18 2552
1 2
3 10
1 304
1 14
4 4
5 941
3 3
2 588
2 17
1 8
2 2
2 22
82 16391
3 885
1 588
2 2
2 4
4 2074
1 297
9 2819
3 3
4 3056
1 29
9 12677
3 58
1 2
2 67
1 3
10 12678
1 3
61 9605
2 304
4 304
3 9
1 286
2 288
2 6773
3 581
3 603
2 9690
8 327
2 289
9 56
2 22
2 3
12 5092
8 1857
6 13261
2 2
3 31
3 3
2 5
1 64
1 3
614 101837
1 5
4 1999
4 6841
2 304
2 2
4 3488
2 24
140 11062
4 327
27 9911
2 3
8 36
6 13293
6 10849
2 17
2 581
2 2
2 3
8 167
3 144
10 1039
3 290
12 1306
3 10
1 2
2 304
5 301
6 2829
2 18
2 1768
1 5
1 297
5 31
3 3
3 3
10 12677
6 588
27 6201
2 2
6 93
11 34
5 2080
3 12
201 54365
24 19415
6 473
8 8
2 2
1 3
3 7
2 24
2 2
2 2
5 7
159 20874
24 17654
2 68
8 9797
1 8
6 32
2 580
9 1360
2 3416
9 73
11 8876
6 10849
4 8
2 288
1 6
12 12678
3 9
3 10
4 8
2 2
1 3
2 2
1 58
1 14
33 55313
3 31
18 6795
1 588
6 588
6 327
2 596
2 5
2 354
2 288
83 39050
3 3
4 304
3 10
8 36
1 3
9 1360
45 12676
2 3
32 9911
2 2
1 2
10 144
1 15
1 21
2 3
1 2
48 9605
5 581
1 588
1 2
2 17
1 855
18 8727
3 4
2 15
5 31
2 9
1 72
3 588
4 5
1 5
6 13271
24 2819
5 302
2 3
18 217199
6 4017
2 3
18 6795
1 3
2 30
8 7461
5 64
2 3
267 58670
17 1894
1 64
154 20704
8 2257
7 598
4 10
17 13718
15 19
2 5
8 608
4 256
57 18428
2 24
2 89
5 581
1 11
4 11
5 1180
1 297
23 20727
1 4
5 15
3 3
20 2930
8 1769
2 3
1 2
6 2662
4 304
4 5
7 1610
2 12
2 89
2 2
2 5
6 473
2 3
6 32
10 144
11 26
6 10869
1 15
5 7
5 3488
9 1547
2 10
1 9
1 297
10 6773
3 7
2 8
1 288
10 2878
2 2
5 31
5 31
32 9911
3 304
36 1282
11 9789
3 3
6 13271
2 5
2 3
1 20
2 296
2 3
8 36
1 5
6 93
2 2
1 5
1 6
1 5
6 10869
54 3537
3 885
1 327
8 1449
2 30
2 18
1 29
3 3
2 9
1 9
13 162
2 12
1 304
20 323
1 301
2 286
1 2
3 3
10 1039
1 588
6 2662
10 1839
8 2257
2 24
1 3
8 7952
2 2
23 5113
1 18
228 241113
157 32586
5 8179
2 2
2 9690
2 3
2 2
4 304
6 493
8 1449
2 11
13 162
5 32
5 31
27 6201
26 4497
2 304
12 5904
2 290
3 21
2 12
17 17436
2 3
2 15
2 3
2 12
6 588
131 10474
1 64
3 29
18 10999
7 387
42 3529
1 6
56 7902
3 1537
2 3
1 2
20 3220
2 20
2 60
2 2
12 5904
2 3
2 20
28 1853
16 2829
2 304
5 9
2 2
1 2762
1 5
3 30
78 17866
3 55
1 6
2 1709
10 1168
3 7
6 473
2 2
1 304
2 67
6 7952
2 588
5 581
2 3
2 288
3 15
1 2
2 588
1 2
3 6
9 73
4 2244
24 2819
6 8
1 6
2 3
20 3452
4 13
8 8
21 2251
2 10
4 33
1 3
1 8
56 146364
9 2819
6 32
45 834488
1 3
1 14
3 2584
2 18
3 4708
4 360
2 14
7 9797
27 3452
4 327
2 595
21 335
4 8
1 2
2 2
3 22
6 59
4 5
2 8
54 3537
10 135556
6 473
4 32
6 13271
12 1769
2 304
10 135556
2 18
1 2074
2 4
6 93
2 3
6 93
4 4708
98 37169
4 12
6 7898
2 4
2 2
1 3
79 79
28 8861
2 14
147 11202
24 2254
2 3
10 144
2 180
3 4
4 170
2 289
1 2
2 596
2 3
2 2
2 7
99 162218
2 588
16 3179
57 834488
13 17
5 6752
3 72
11 150
3 14
1 3
3 1537
3 52
1 288
2 2
1 3
2 596
5 22
1 11
5 156
45 834488
2 4
12 1520
1 3
7 93
8 36
17 1894
1 3
6 6
2 588
5 1703
87 18507
1 71
54 3537
2 7041
1 3
3 6
8 1857
5 19
12 12937
99 162218
2 1999
1 10
1 7
1 5
6 13273
2 288
2 304
1 312
7 4410
7 329
4 1537
2 89
1 5
9 1769
45 262
10 6773
5 11
2 304
8 36
13 1610
2 588
2 12
2 596
1 2
7 9
1 312
2 3
4 10
6 93
1 29
8 929
1 11
2 588
26 4507
5 2080
1 33
7 13618
8 1449
1 3
5 320
8 2237
6 90
11 8876
2 2
5 1766
3 581
4 10
29 35971
3 3
12 14435
8 1857
21 4497
2 3
3 6
4 304
3 304
1 2
2 54
1 269
20 3452
1 72
5 23
2 2
5 156
2 5
7 4787
1 3
2 588
1 588
20 3452
5 581
1 2074
2 289
27 9911
5 581
2 588
1 3
26 4507
1 312
2 3
157 32586
1 64
1 3
1 6
3 6
697 407598
8 1449
6 12
5 8179
1 5
6 13283
2 3
1 3
13 1520
1 72
6 4789
1 6
267 58680
1 14
55 836226
2 289
2 3
5 13
10 2878
9 97
1 855
1 5
3 10
3 597
2 3
2 1999
3 3
1 301
1 3
9 323
6 588
10 1176
2 6752
11 26
5 36
95 156881
2 6773
20 3452
6 868
1 3
1 29
13 162
3 8
5 327
1 64
7 13618
44 5519
3 1537
5 31
7 34
3 55
3 8
3 6
16 71
1 33
2 312
3 52
2 596
1 6
10 339
7 1827
1 3
16 3198
1 2
44 3529
3 58
2 304
2 3
1 3
3 315
3 18
3 3
45 834488
2 3
1 8
6 7898
2 67
8 7456
4 1999
1 12
26 10517
6 4788
1 287
2 354
7 378
36 3325
17 13618
16 2829
12 7461
267 58680
73 18094
6 1608
1 40
6 2662
10 2878
5 32
19 635
57 834488
3 73
2 289
2 588
2 23
11 150
4 2142
1 288
1 29
8 7456
6 93
11 162
2 80
2 12
12 6029
2 3
18 334
2 326
2 297
26 2251
2 3
3 312
4 32
17 63
2 18
1 29
1 15
10 1449
3 3
1 4
33 55313
2 297
2 2
2 2
1 76
6 5168
45 834488
9 1293
2 13
1 2
66 12234
2 6773
1 5
8 2362
8 2237
2 290
5 32
14 16
1 2
1 29
2 590
4 360
1 6
45 834488
7 329
1 21
2 1709
7 1610
1 2762
2 2
7 4672
3 1610
5 1703
1 5
3 8
201 54365
2 290
5 31
2 2
2 2
5 154
4 51
3 10
1 4
2 10
3 312
1 39
1 3
2 2
2 2
54 3537
38 14434
6 13262
1 3
13 39
4 3994
3 3
2 9
1 855
35 1029
1 44
1 297
8 1449
1 6
2 14
2 3
4 32978
3 9
2 354
2 13
2 6773
9 12677
3 304
2 3
1 7
2 6
5 941
17 13689
24 17654
3 1293
45 834488
4 11
1 9
3 10
29 9876
2 10
4 297
1 2
1 30
6 327
40 261
2 6
8 55
3 3
2 2
33 6312
1 1293
3 19
1 297
1 9
1 7
5 24
5 301
6 10849
8 145
2 1999
5 2029
1 588
2 289
1 3
2 89
2 2
3 287
1 2074
2 22
1 2762
1 6
13 179
8 71
8 55
1 297
2 4
1 7
5 31
3 7
1 6
2 10
27 4506
6 4788
59 629032
7 903
2 23
2 15
2 3
1 9
6 1360
4 11
2 12
6 10849
2 2
2 89
2 17
4 8
10 1039
4 8
5 360
3 6
3 3
2 33
1 8
1 6
7 929
3 2231
1 5
1 2074
10 3452
19 6795
3 52
3 3
2 288
22 4711
1 304
3 596
8 36
2 3
2 4
5 2552
4 304
10 1839
2 14
6 473
131 10474
1 3
1 3
3 5
5 114
3 5
151 39833
3 7
39 1853
4 304
1 13
5 156
5 23
4 31
42 3529
2 15
6 32
104 1965
2 10
3 52
5 32
2 22
2 2
1 304
4 588
1 3
2 289
17 323
1 3
5 301
3 144
53 33033
3 354
1 24
1 301
22 20727
2 1768
3 3
3 354
2 3
2 3
21 2251
2 2
1 21
8 4787
7 134
3 4
1 3
5 22
36 1853
5 183
24 2254
1 3
6 10849
2 588
6 6
1 588
2 2
10 3675
1 24
2 22
1 3
2 3
1 855
11 162
12 39
2 2
2 6
2 289
1 269
1 3
2 2
2 18
2 2
147 25724
9 66
1 588
1 855
4 297
8 167
2 89
16 2829
8 1857
1 2
18 8727
13 40
7 144
2 14
6 327
26 4507
2 2
2 10
2 1528
45 834488
9 1769
9 6143
1 5
169 54360
35 747
3 14
55 836226
2 89
2 60548
40 12676
2 9
5 7
7 13618
16 2829
35 633
18 8727
4 20
2 289
10 1168
1 7
8 9797
1 3
3 868
16 3719
7 2878
81 36897
39 12676
4 6
2 10
4 8
267 58680
3 1999
8 3075
8 17
1 7
4 15
2 3
14 673
70 5158
1 5
2 6
5 6
61 9605
1 12
3 290
2 2
5 8179
8 28
1 12
5 1604
8 2552
1 2
1 25
1 27
1 15
5 15
11 398
1 3
1 29
2 588
6 32
5 35
1 3
1 29
56 7902
6 4788
1 3
2 288
2 2
3 4
1 288
15 249
1 288
2 304
7 329
4 1602
7 1610
7 4962
5 56
11 162
1 289
6 868
8 9797
1 76
4 297
12 89
2 937
1 7
2 2
3 3
1 6
2 288
1 297
2 288
14 90
4 11
7 378
2 89
8 1449
2 2
8 3431
2 17
2 588
5 8179
2 2
2 2
2 44
1 949
3 5
5 3488
6 93
16 3198
2 2
1 588
9 89
2 3
6 473
9 121964
267 58680
5 31
7 327
2 1768
1 1999
28 56855
24 19393
3 10
5 6752
7 329
7 3500
6 90
2 3
22 20727
131 10474
1 11
8 4698
8 31
2 3
2 3
2 2
2 18
2 2
4 32
3 21
2 89
2 289
1 64
147 25724
1 29
5 22
2 9
2 5
5 941
2 304
19 6795
2 2762
2 304
18 8727
1 3
2 28
2 6
12 5904
3 8
10 135556
6 588
6 473
2 22
2 3
4 6
2 296
2 2
3 8
2 1768
12 1769
4 27
147 11202
6 603
4 51
17 95
7 378
2 588
4 32
3 22
1 3
1 21
2 2
1 287
1 26
2 304
5 2552
1 287
4 11
6 473
2 22
3 10
12 12937
6 478
11 28
3 304
3 29
1 3
1 3
1 3
1 588
1 297
6 14066
2 2
7 929
2 23
6 8
1 35
2 2
12 673
2 2
5 13
5 2080
201 54365
1 297
24 2819
7 52
1 6
17 1894
1 588
6 29
1 5
16 18319
24 2254
2 6
41 3529
3 112
1 588
2 1170
8 2237
6 473
2 3
26 1853
2 2065
7 35
6 327
1 2
1 1999
2 14
2 17
2 89
3 3
2 89
13 1610
6 10869
131 10474
6 13273
2 2
2 588
2 2
1 5
1 5
56 15542
7 93
11 1610
4 2244
5 195
7 2878
2 2
12 12937
2 5
2 4
2 18
1 5
3 3
4 6841
1 35
1 588
2 2
3 7
7 6841
45 6134
3 12
74 13386
9 636
1 64
4 10
2 3
1 12
33 6312
1 2
2 8
267 58670
2 2
24 2819
12 12937
2 36
2 3
2 581
2 5
2 2
4 31
3 9
5 301
9 56
6 12
5 23
13 14218
2 10
3 4708
8 7461
1 69
2 5
1 6
3 175
26 2251
2 290
2 3
1 14
2 326
6 327
3 3
1 2
13 90
44 3529
10 1168
1 6
1 5
1 2
1 29
2 150
6 2030
1 2
1 64
4 7
4 10
3 9
2 1769
2 588
7 8634
5 941
1 3
1 2
3 89
3 4
3 290
10 1039
3 315
6 32
10 2878
1 588
11 27
2 23
2 14
2 4
4 32
2 2
1 7
27 9911
4 2244
1 5
1 9
13 14218
1 7
1 3
3 6
3 7
2 296
2 588
6 3147
1 3
4 3488
23 19967
2 312
5 7
3 14
1 15
311 76464
2 2
2 588
3 35
2 67
29 13618
1 15
2 2
153 20146
13 105
88 4546
5 581
8 1857
2 4
2 595
2 2762
2 588
2 12
1 588
6 13291
3 8
1 5
56 146364
1 7
5 2686
2 2
1 22
6 6
5 301
19 6795
1 3
4 11
8 9797
3 354
2 15
1 301
3 290
78 17866
24 2254
14 2819
2 588
3 10
2 3
3 7
16 1760
3 15
2 8
1 2
9 12677
1 949
3 297
4 3994
2 2
10 144
2 3
8 608
42 3529
6 13283
1 3
6 327
3 354
1 2
2 304
2 275
2 2
1 29
1 33
2 1528
8 120443
7 329
2 2
2 2
1 588
24 19393
33 630
2 2762
4 54
6 581
2 30
1 12
5 1742
2 11
2 1999
3 2077
3 10
8 1857
1 949
2 588
6 493
4 32
3 19
2 24
2 3
6 93
1 4
2 2
15 4006
15 249
2 288
7 1172
2 588
2 289
3 10
1 76
4 21
1 326
4 12
8 2755
26 4507
1 3
6 493
147 11202
3 3
17 95
73 18094
2 2
2 2
8 2237
1 301
1 3
20 1299
22 4711
3 3
18 6795
5 312
13 38
1 2
56 146364
26 4497
49 20580
6 32
3 4
2 18
6 473
2 3
3 581
1 11
1 20
5 19
2 5
3 3
5 7
2 588
4 54
133 51956
2 9690
2 22
2 588
36 3325
4 354
2 2
25 6029
1 7
13 162
5 8177
8 71
1 12
1 2
1 64
6 32
2 3
7 35
4 277
1 9
1 33
2 596
2 22
1 3
1 855
2 22
10 12678
5 2526
2 2
2 3
2 9
2 2
1 3
5 1703
4 10
61 9605
2 2065
4 21
24 19393
5 31
5 941
6 312
2 3
20 12580
2 289
3 3
2 288
1 1656
1 2
26 2251
4 6
5 13
2 3416
1 3
10 1839
2 89
2 3
2 20
28 8861
5 1604
6 327
23 633
3 30
5 327
1 64
1 297
2 4
5 1604
2 2
5 1039
3 2074
1 3
2 136
2 588
1 9
9 144
2 3
7 378
1 6
1 29
5 8177
3 304
5 941
2 3
3 8
1 885
1 2
3 581
16 26
3 327
1 297
2 326
5 31
1 3
11 28
1 2
59 629032
1 64
4 28
2 2
4 382
1 7
1 3
3 31
1 885
2 3
4 8
1 4
2 89
1 6
2 44
5 1703
169 54360
4 82
3 5613
3 10
1 11
201 54365
1 33
57 18428
5 1769
1 588
1 5
6 93
4 304
3 581
6 6
2 30
2 3
2 10
1 3
6 90
1 3
20 3452
3 3
7 52
3 312
18 10999
8 1029
7 13
83 16399
2 588
2 2
1 9
4 304
2 3
2 15
2 2
59 122329
1 588
42 3451
6 588
10 2878
12 2720
3 11
2 22
2 7
5 71
21 4497
36 17120
2 2
3 52
4 41
4 949
2 3
8 3075
4 2244
39 12676
1 297
4 304
142 51208
8 608
1 3
6 473
3 354
4 949
2 24
1 15
3 31
5 10376
3 287
18 217199
2 588
1 3
2 2
12 12677
2 2
1 9
77 16399
2 3
2 1768
131 10474
5 23
1 588
7 378
4 297
6 588
1 15
57 18428
18 8727
1 64
2 18
2 6
25 6029
1 588
4 304
3 14
2 3
3 144
2 11
3 354
1 5
3 65
1 588
2 58
2 9
4 588
2 2
1 6
103 47853
5 24
2 3
46 3537
3 14
13 14218
45 834488
8 3431
2 3
2 2074
7 9
4 46
7 54
2 588
2 3
3 868
1 588
2 2
2 5
14 1839
61 9605
4 6841
3 144
2 304
2 588
2 12
2 2
3 14
56 7902
2 12
7 183
45 834488
29 36841
4 4708
1 294
28 3482
2 290
4 2244
2 2080
9 6143
12 2720
2 288
1 2
3 15
5 12
2 22
18 7185
1 2
3 581
3 15
17 6868
2 34
2 2
2 3
3 5
1 11
7 929
5 31
2 8
1 3
3 883
2 9
3 5
2 2
2 2
2 3
2 1769
2 10
1 3
1 2
6 581
2 2
2 2
11 12937
7 378
1 4
1 22
4 91
1 3
5 31
2 15
1 269
4 5
3 2074
20 323
18 8727
2 12
5 301
1 3
3 10
1 79
18 8727
2 288
4 2074
1 287
12 13323
1 2
9 66
1 8
1 296
41 3529
2 15
1 5
2 2
2 5
2 4
4 2576
9 121964
6 13291
39 260
3 6
2 6
3 15
1 588
7 835
1 3
2 4
12 12937
9 2819
1 2
103 29421
1 6
8 17
1 2
5 11
3 304
1 3
5 56
3 4708
5 6752
3 52
12 95
2 288
1 5
267 58670
1 297
6 93
593 21221
23 19967
3 4
29 9876
18 334
21 2251
2 3
20 3452
35 2552
6 2662
6 4788
1 3
5 2080
4 11
28 8861
2 4
3 31
3 300
4 32
147 11202
3 3
10 1039
5 327
5 31
19 6795
1 588
3 3
1 588
1 3
1 288
1 288
2 588
1 5
5 1039
2 3
22 20727
2 2
3 4708
62 11913
3 1769
7 93
2 288
4 8
2 588
1 2
1192 334130
79 79
2 2
4 51
267 58680
92 29421
2 3
1 588
3 3
3 3
171 54365
8 2362
6 4789
22 20727
2 304
5 31
4 297
2 6
1 5
1 15
3 3
2 23
4 312
4 941
11 26
1 297
1 7
1 21
5 31
7 35
3 55
5 31
2 3
3 7
2 10
13 14218
1 855
2 15
2 287
1 21
2 4
70 5158
3 3
2 2
41 1106
3 3
2 4
1 3
2 2
3 10
1 6
29 13618
1 297
2 2762
6 13291
1 3
5 36
1 7
6 126980
4 3994
6 93
29 36841
5 2080
1 3
12 39
2 297
5 31
1 588
6 13281
2 9
1 14
2 6773
2 294
2 9
2 22
2 18
1192 334130
4 597
2 290
1 72
2 15
1 588
2 3
2 34
6 32
3 10
20 3452
3 31
29 36841
7 70
22 2819
24 40
1 9690
27 9911
10 3675
4 13
2 2
5 8179
10 1839
3 304
7 93
13 39
4 5
1 112
2 14
1 29
3 6
38 14434
29 647
2 3
1 2
2 3
8 2237
7 1610
4 10
1 2
11 26
45 262
2 3416
3 66
6 473
4 2244
42 3451
1 5
1 949
3 941
2 12
3 5
2 312
5 360
5 31
15 4006
1192 334130
13 413
22 4711
9 89
1 3
44 3054
4 51
4 134
2 1172
3 6
13 1610
6 249
13 14218
2 3
10 1839
155 20874
7 329
3 3
9 1547
22 37169
22 20727
1 3
6 93
3 1537
2 3
1 3
23 691
6 4788
27 6201
1 1999
12 6029
5 56
1 2
10 3675
1 5
2 3
14 18
1 3
2 7
25 9343
13 9789
4 3500
2 18
2 2
2 67
8 2257
1 3
2 588
7 3669
8 9797
1 3
1 3
8 1460
169 54360
2 23
13 1610
13 413
11 162
2 18
6 93
2 20
11 162
2 89
1 588
2 89
4 118
10 1168
2 2
33 630
4 32
2 3
83 39050
6 3416
106 11062
2 5
6 3416
147 11202
1 112
9 1360
8 30
73 18094
1 10
32 2552
1 12
2 2
1 5
6 6
2 18
1 3
1 3
1 5
42 3529
2 28
9 1360
2 2
7 3074
3 312
1 29
10 1839
3 6
2 1537
267 58670
2 2
159 20874
3 72
57 834488
2 65
2 3
9 73
3 35
1 13
8 9797
2 5
3 15
12 2720
2 10
26 4507
2 2
3 10
1 8
5 12
2 3
2 58
2 588
19 205715
1 2
8 1449
3 73
5 9
2 14
3 14
2 289
2 6773
6 868
2 14
2 8
1 14
6 473
17 6868
5 1610
3 1537
2 10
6 10849
11 1975
13 1610
6 327
8 4787
1 18
57 18428
1 35
53 33033
1 3
4 3994
31 82
10 1839
2 20
1 5
4 31
1 4
28 82959
61 9605
2 18
2 588
10 639
5 12
3 7
4 59
10 2878
24 19393
3 12
2 3
2 1999
82 16391
6 2662
5 59
2 89
2 5
6 588
2 9
6 12
1 2
2 10
2 9690
12 1221
1 64
12 14435
5 31
5 45
10 12678
3 14
1 3
16 73
8 2237
2 304
5 31
1 3
2 588
1 5
9 1769
1 3
1 286
1 9
3 33
137 44569
6 4782
2 289
39 12676
1 2
2 5
3 10
5 32
1 297
29 35971
1 33
16 3198
13 1610
3 1293
1 15
8 36
4 1537
2 5
154 29134
1 588
5 114
8 36
3 312
8 1857
2 2
17 95
1 2074
7 4787
2 5
3 7
6 3416
29 647
593 21221
36 2858
1 5
2 6773
1 312
12 12678
1 5
2 3
2 2
2 294
45 834488
86 39833
7 183
1 6
111 162218
3 301
140 11062
13 105
3 315
1 297
3 327
4 312
1 11
3 6
7 327
9 89
17 95
8 8
9 1360
10 2878
1 885
10 12678
1 21
5 941
2 2
10 144
1 288
103 29421
1 5
2 588
3 1537
3 7
2 2
70 5158
1 3
19 6795
1 3
2 3
6 93578
2 595
1 7
1 288
5 12
2 289
13 39
7 1610
1 3
5 22
3 31
1 3
39 260
4 5
6 493
7 3500
2 1768
2 588
6 473
2 80
1 5
8 7456
2 290
1 3
3 3
1 3
4 3488
2 9
26 2251
6 13293
2 15
3 941
2 12
2 24
6 93
2 5
3 31
10 144
3 3
2 3
44 261
2 3
12 89
2 34
7 4787
2 22
1 3
2 6
17 13618
41 3529
5 1703
5 32
2 297
27 9911
1 21
2 2
1 2
2 312
1 71
4 597
1 4
2 2
7 34
4 1537
7 35
6 3416
4 2244
7 327
2 5
4 31
2 300
1 588
3 101
5 23
2 597
2 2
2 1528
1 6
6 10849
3 3
3 52
2 2
1 14
1 59
8 608
8 1449
6 13273
3 144
4 8
2 3
1 3
35 633
2 8
1 5
39 12676
140 11062
2 20
2 288
1 297
9 2819
5 31
3 3
57 834488
2 2
3 1769
2 14
4 5
32 10998
8 1857
81 17878
2 288
2 5
2 588
9 2819
5 23
1 286
2 3
1 15
6 327
5 56
3 1610
2 3
2 2
2 3
1 6
1 3
2 5
1 12
1 6
2 588
2 2762
1 14
17 17436
32 2552
20 2819
2 588
32 2552
2 1805
5 31
5 885
2 288
2 20
3 303
6 2829
9 12677
7 4458
2 294
1 5
2 296
1 5
169 54360
17 95
2 304
1 6
7 13618
42 3529
6 3416
8 2237
2 2872
7 4787
7 465
1 288
2 304
48 4103
2 289
16 3198
1 588
6 473
1 288
42 3529
6 8
3 301
1 6
4 2074
26 2819
2 54
2 309
2 2762
3 295
1 6
2 18
7 9
2 2
3 12
2 304
1 588
26 2251
6 6
4 3994
1 3
2 1172
4 3994
19 1760
2 3
2 12
2 3
3 10
99 162218
4 7
1 10
2 2081
2 3
6 13273
26 10517
2 2
1 12
6 10
9 636
2 588
9 144
2 288
27 6201
1 5
8 3075
7 4830
8 3431
6 10849
2 18
20 3452
5 301
1 2
4 2244
4 31
2 89
3 31
2 4
1 6
2 24
3 72
3 3
1192 334130
57 18428
2 290
1 3
25 1282
1 6
3 303
3 3
6 10849
3 15
3 10
16 3719
9 1360
3 9
2 288
10 14797
2 12
2 2
2 588
8 327
2 5
1 5
13 14218
2 15
6 34
2 3
1 3
1 269
22 37169
2 2
3 72
29 9857
67 707508
56 7902
4 11924
13 39
3 304
2 3
1 949
8 126980
1 15
33 6312
311 76464
29 36841
3 14
2 20
1 2
6 327
1 301
3 2584
2 3
11 14813
7 929
3 300
10 1839
3 581
1 2
46 3000
4 304
1 7
9 6143
2 12
1 58
16 73
5 588
3 15
2 67
4 1537
1 303
3 312
2 2
3 10
2 289
70 17878
1 12
1 6
2 354
4 32
4 32
36 12676
1 35
3 5
1 312
6 327
5 6
2 2065
3 31
1 3
6 19
1 297
5 31
12 12678
55 4711
3 3
1 29
45 6134
6 327
157 32586
6 13271
1 3
22 1515
9 1360
2 1999
2 885
8 7456
32 2552
1 297
1 949
1192 334130
12 8879
4 595
2 2
21 2251
33 630
21 2251
1 3
33 6312
1 6
2 297
22 20727
42 3451
1 5
1 269
2 2
1 288
8 3075
9 1764
9 121964
7 52
2 14
2 2
3 320
4 11
8 327
4 4672
4 327
151 39833
5 11
41 3529
33 6312
2 1528
8 17
3 6
1 2
3 15
9 73
2 2
2 285
3 16
5 156
4 3488
9 6143
1 8
1 3
2 5
3 290
1 3
5 1039
8 9797
1 2
4 19
1 297
111 33902
10 1039
2 3
2 2
3 6
2 89
6 493
1 3
3 581
13 14218
1 3
42 3451
2 941
2 1805
2 22
3 8
2 303
3 4
1 3
12 1306
2 2
2 18
9 1360
21 2251
1 2
1 6
2 9
6 588
36 20580
107 24939
1 1767
3 304
1 3
34 29625
3 1293
632 405956
8 53
6 327
1 39
2 2
6 588
28 82959
56 146364
1 3
4 1537
2 2
100 44569
1 64
2 1769
1 3
1 76
6 318
2 588
1 2
25 3325
1 297
1 287
1 3
1 5
1 2
6 93
2 304
2 2
1 3
1 10
1 2
1 2
6 8
1 588
1 2
4 304
38 14434
2 1999
3 10
1 3
3 289
1 3
1 2
1 72
1 2
1 5
1 5
5 17
2 23
9 6143
6 93
6 12
1 2
1 3
10 1039
1 3
5 46
3 3
3 2230
1 3
6 2662
1 5
2 288
2 2
1 15
2 61
2 9
56 146364
12 12937
2 5
2 2
2 14
2 15
3 40
11 9789
2 2
2 580
11 639
19 14812
17 95
18 10999
2 2
1 6
10 34
12 2720
1 11
2 3
1 949
1 3
25 6029
4 301
1 286
5 13
4 1537
6 13273
3 10
1 3
1 76
86 39833
4 2244
5 581
13 105
1 286
4 304
39 260
2 15
4 32
1 5
2 3
2 3
2 3
2 2
1 2
4 1537
17 95
16 2829
32 2552
24 17654
2 297
106 11062
5 301
2 288
147 25724
2 4
2 588
4 82
3 3
1 2
3 3
8 36
1 3
12 204
2 588
26 10517
2 3
1 7
12 204
19 205715
4 10
6 8
2 2
31 9902
3 10
15 4006
6 4788
2 3
3 6
2 2
1 3
2 3
3 31
4 3568
11 26
4 8
4 2244
2 9
5 31
8 31
3 3
3 11
56 28806
10 1039
3 6
2 23
4 82
2 23
38 14434
5 31
15 700
1 297
78 17866
1 12
3 2077
1 3
7 378
2 3
2 5
1 3
169 362063
57 834488
16 3196
14 16
6 93578
2 15
1 3
2 15
1 59
70 17878
6 327
1 80
26 10517
1 3
6 93578
1 6
13 1610
2 89
5 13
1 29
1 8
26 4497
10 134027
2 2
6 13271
7 473
2 12
10 12677
1 5
5 23
9 73
2 12
25 1282
11 162
3 40
3 7
2 10
5 32
5 15
13 14218
21 922
4 1999
2 2
1 588
2 5
2 2
13 9789
17 95
4 5
1 72
3 868
3 297
1 3
1 22
57 834488
4 11
3 941
1 3
6 327
10 1449
2 588
55 836226
7 34
201 54365
1 3
1 3
12 1769
7 93
1 8
3 6
1 2
4 949
1 10
2 5
1 5
1 588
7 329
30 19393
32 2552
395 31895
3 4
7 4962
5 31
2 2
104 1960
3 1537
3 8
26 10517
3 10
1 296
6 93
1 15
1 6
6 3442
4 52
2 3
2 213
2 22
30 2858
23 323
7 929
3 10
15 4006
2 2
22 2819
24 2819
100 44569
2 18
1 2
3 14
2 2
2 2
48 9605
1 588
2 597
4 304
1 2
1 2
2 1999
1 2
2 2074
3 3
99 162218
8 31
10 2878
6 4591
2 22
1 3
1 33
1 59
1 15
7 34
3 868
3 8
2 10
8 327
2 161
3 5
1 5
2 6
1 2
22 20727
5 1293
2 44
5 327
1 9
3 290
16 21515
5 32
3 3
72 17245
2 949
2 9
17 95
2 354
15 11913
1 5
9 73
3 3
5 32
32 82959
4 11
2 4
1 3
1 35
1 588
1 29
9 121964
22 20727
6 13281
1 15
5 45
1 22
1 297
1 72
2 11
157 32586
1 27
18 6795
2 275
9 1547
6 93
2 3
18 202402
3 320
18 8727
3 11
3 581
66 59187
26 4497
104 1965
265 48182
4 304
1 15
10 1839
7 2720
44 3529
3 8
2 2
1 6
1 91
3 290
1 3
3 288
1 288
7 52
3 6
17 95
1 29
2 3
2 24
4 32
2 13
6 13261
5 32
2 2
2 3
103 47853
3 5
2 2
1 7
13 1610
2 10
21 2251
1 949
3 29
9 1769
27 9911
2 323
17 13618
10 135556
9 5456
7 93
9 12677
1 288
170 43060
2 304
3 868
32 5863
1 40
3 6
1 4
28 2251
8 36
1 588
52 16332
3 31
8 608
3 3
1 269
5 1769
2 3
1 5
1 5
4 5
4 45
23 691
11 7461
6 1537
26 2251
2 2
22 37169
10 144
5 581
3 66
31 82
3 312
2 15
3 10
7 167
1 15
2 588
1 3
1 2
6 79
9 1360
1 64
4 595
2 309
2 3
1 3
1 5
1 2
8 3075
2 3
1 588
5 71
9 2244
3 14
3 4
11 162
4 3500
4 11
5 31
1 15
2 9
1 288
1 288
5 31
26 4507
2 10
2 22
2 24
12 6143
3 949
1 21
2 15
2 2
1 76
10 2237
13 33
3 288
1 2
2 3
2 588
5 13
5 32
1 2
2 9
103 47853
2 6773
1 3
3 1537
1 2762
3 15
8 126980
4 28
1 14
2 6
2 4
6 13263
5 71
1 3
2 89
1 3
6 8
88 4546
1 949
13 14218
1 3
1 3
2 4
2 22
1 3
38 14434
4 2074
6 4782
4 327
61 9605
7 34
5 360
99 162218
3 297
201 54365
5 32
26 3452
1 2
3 2584
3 3
25 6029
19 6795
2 288
2 22
1 15
4 54
2 67
6 473
2 15
2 588
3 15
6 6
2 2
25 1282
2 289
10 1039
7 3452
9 89
4 10
3 304
2 304
5 31
2 3
1 6
2 3
56 4711
1 6
147 25724
13 14218
7 13
1 26
1 14
17 6868
1 5
3 5
1 2
1 39
10 1039
9 97
3 1769
8 1449
4 82
2 34
3 287
6 4788
2 304
2 3
