2 22
103 1964
2 14
2 18
3 10
42 3451
3 304
4 82
6 312
2 2065
2 10
1 3
2 3
6 91
1 8
5 327
8 3075
10 3675
2 3
3 4
5 2526
2 588
1 48
5 23
1 64
1 3
60 5340
4 297
5 32
3 6
1 3
11 28
1 2
3 3
1 5
19 6795
2 22
1 3
1 3
7 1360
12 12937
55 836226
1 14
4 32
4 10
4 2074
4 33311
11 14813
2 2
1 29
2 2
7 835
5 32
2 10
8 9797
41 3529
2 15
2 304
1 3
3 300
2 15
2 15
2 3
5 13
2 2
4 249
1 6
19 6795
2 89
255 106497
1 3
2 588
3 52
11 398
3 7
4 360
2 3
5 4962
4 82
4 3488
14 1567
2 15
2 1006
2 23
3 52
2 9
3 52
2 9
3 10
3 941
4 4708
1 287
4 11
6 12
2 5
2 4
1 19
20 2819
4 31
3 3
3 55
1 3
6 93
26 2251
147 25724
56 4711
70 5158
2 588
1 2
1 15
2 4
1 269
8 30
1 11
3 10
1 12
1 877
2 2
1 3
1 12
4 8
3 15
1 29
140 11062
1 3
2 289
3 304
26 2251
2 588
13 9789
1 297
2 9
27 9911
2 12
1 3
7 34
1 2078
2 2
5 32
20 3452
7 2878
2 15
1 2
4 10
1 89
3 11
2 2
2 6
4 31
3 315
2 588
62 11913
10 1839
2 4
7 8
7 93
2 3
3 11
2 588
7 329
1 76
1 11
4 41
2 3
2 3
45 834488
38 14434
3 2077
44 261
1 5
18 8727
3 10
2 9
79 146364
17 3220
4 26
20 3452
5 1742
2 2074
4 20
1 7
2 7
12 14435
3 15
13 3416
7 378
10 6773
8 1857
11 26
4 2244
3 15
6 493
1 6
39 260
2 596
7 105
3 7
12 6143
3 1558
35 1029
1 3
6 12
28 8861
3 885
5 17
2 304
2 12
1 3
7 378
10 134027
4 478
2 15
18 334
16 2829
2 10
1 15
1 3
2 597
2 28
4 82
5 31
10 1168
1 5
1 297
26 4507
1 35
19 205715
21 2251
1 3
6 6
83 39050
2 21
3 14
19 6795
2 22
22 2819
57 18428
1 588
8 36
3 885
2 6
12 8879
28 56859
1 949
37 17120
2 596
2 24
29 36841
6 93
4 161
7 12580
2 289
23 2819
1 7
111 8430
3 300
2 2
23 730
45 12676
2 2
5 327
5 59
9 56
5 941
2 2
13 3087
2 89
1 6
3 312
3 2584
4 277
2 2
7 54
1 286
1 3
14 183
2 3
5 31
2 4
1 3
20 3452
3 581
10 144
3 300
1 2
2 1768
222 80942
6 473
2 3
1 8
5 320
1 8
2 2
25 6029
5 35
1 8
6 13263
2 3
6 3730
2 10
1 8
4 6841
6 9789
3 1293
3 7
34 29625
26 2251
1 3
3 3
2 3
38 14434
1 2
2 588
2 27
7 329
6 2000
1 287
6 2243
2 24
2 596
6 2243
1 304
1 9
48 42975
2 10
1 2
1 312
83 39050
24 2819
1 2
11 162
6 13293
23 691
11 7461
8 29
42 3529
2 4
1 29
3 290
2 2
4 3056
18 6795
2 15
1 588
8 167
2 300
1 8
2 18
1 3
1 24
3 13
65 4528
3 9
5 8179
1 6
11 2878
2 288
16 228
1 2
9 2762
2 58
2 4
1 40
24 19393
4 2244
2 1999
38 14434
2 18
2 588
1 855
19 1760
16 3179
4 11
239 62962
54 3537
2 289
2 22
1 3
1 1996
28 10998
1 6
6 12
8 1857
31 82
2 588
2 15
3 52
9 1547
2 3
2 3
3 33
2 3
6 93
1 588
3 12
1 5
1 2
2 7
3 10
23 691
2 8
2 5
7 378
8 1857
2 3
4 5
4 304
1 8
2 1769
3 1537
4 2074
5 13
20 12580
1 14
2 18
3 5613
5 14
5 6
2 6
45 6134
1 3
2 68
1 3
1 5
40 261
4 4672
6 12
201 54365
28 8861
2 2
2 15
1 11
10 1839
12 6029
56 28806
3 6
3 6
8 2552
5 10376
2 1170
2 89
3 3
2 2
1 5
4 41
2 290
7 3074
2 275
9 12677
2 58
2 3
4 10
4 312
3 287
5 36
4 3994
1126 334130
5 7
9 97
2 3
61 262
3 3
8 36
1 303
3 1769
2 3416
5 941
2 6
1 3
26 4507
53 122758
6 10849
2 859
27 9911
1 29
1 5
2 2
19 205715
2 5
2 2
2 3
2 588
8 1449
5 7
5 301
2 10
11 929
2 2
2 6
2 24
13 6433
1 312
23 19967
2 289
2 289
4 32
2 6773
1 20
2 588
37 17120
7 329
1 288
17 95
6 6
28 1853
3 72
2 10
311 76464
2 17
1 3
36 1282
1 6
1 6
4 1999
14 18
2 2
3 31
1 2
267 58680
1 80
1 76
7 4672
10 2878
1 29
33 6312
1 2
9 89
2 10
2 2
1 3
4 39
1 3
36 20580
27 3452
3 35
3 3
7 3669
2 588
5 581
5 6
3 1999
2 588
1 2
5 32
57 834488
1 3
2 134
3 91
103 1959
24 17654
2 68
12 39
2 24
15 6773
1 29
2 4
2 12
6 13271
2 3
10 1839
17 13689
9 12677
1 3
267 58670
9 6143
31 82
6 32
2 35
4 51
3 4651
5 14
1 2
2 3
3 885
24 1299
60 15474
3 4
2 15
4 6
3 3
1 883
2 52
2 3
1 5
4 5
1 8
2 303
1 6
20 12580
2 6
6 10849
3 868
265 48182
9 1769
1 6
3 11
35 19393
3 11
6 10869
2 2065
2 17
2 3
1 2
2 2
3 1360
2 588
6 91
5 34
1 79
2 2
56 146364
4 51
2 15
3 7
5 300
26 2251
8 4698
1 29
4 304
311 76464
12 7461
2 13
2 588
4 11
1 5
17 3220
16 2829
41 3529
33 630
13 162
1 5
10 144
2 5
1 2
7 327
25 6029
1 2
2 5
3 4708
3 10
2 2
10 134027
4 3056
4 32
6 588
16 3198
4 2074
1 949
3 11
74 24303
4 5
2 89
5 12
13 12937
1 3
22 2819
1 29
5 327
2 2
2 15
4 1537
1 26
1 2
1 6
3 327
2 54
2 6
2 12
3 31
7 327
5 327
2 304
5 1703
5 31
1 6
4 32
2 3
3 15
2 5
1 58
157 32586
2 3
4 2074
2 2
81 24319
6 93
13 1610
32 2552
8 1857
3 14
6 93
4 31
2 2074
16 3179
1 29
2 3
3 72
2 3
5 1360
1 3
1 3
2 304
3 15
1 72
1 3
1 4
1 855
2 3
22 4711
11 150
1 16
2 595
12 39
4 2244
20 1299
7 4672
5 581
6 33
1 3
6 10849
1 12
1 3
11 7461
10 2878
18 11913
20 3452
1 58
4 10
1 3
7 70
2 4
81 36897
6 473
1 2
2 9690
3 25
2 9
32 2552
8 4787
1 6
1 297
5 32
46 9876
4 5
9 2819
25 6029
5 327
3 3
1 29
3 3
2 3
23 691
18 202402
1 6
2 588
1 297
19 1760
2 3
2 304
5 327
1 5
16 2829
2 80
5 11
2 6
1 5
1 6
3 581
5 7
1 6
3 868
3 29
8 167
19 20727
6 2246
1 2
12 1769
3 304
2 588
1 5
2 6
267 58670
10 1168
1 3
2 2074
4 8
2 288
2 15
1 5
2 588
5 581
4 5
1 34
5 885
3 288
6 34
3 312
1 3
10 34
2 588
2 12
65 4528
5 156
1 12
2 15
1 891
9 12677
1 3
21 2251
4 118
1 7
18 8727
1 2
21 2251
6 473
1 59
2 14
4 5
9 56
164 80629
5 8
57 834488
5 12
32 82959
1 3
23 730
2 949
2 2
2 286
6 93
1 2
2 2
4 8
1 7
2 1999
4 8
16 3719
40 261
2 5
1 2
74 24303
1 3
32 2552
1 288
8 167
12 12937
2 2
1 2
4 96
2 10
1 6
1 6
3 1999
2 3
5 31
2 3
7 93
3 8
15 1769
2 4
2 588
4 11924
10 2878
24 2254
38 14434
8 9797
1 5
1 5
17 1894
3 3
16 2829
75 13394
8 36
18 2552
1 304
1 14
2 2
2 2
5 941
3 3
2 588
1 8
2 22
2 288
82 16391
3 885
1 588
2 2
4 2074
13 39
1 297
2 3
9 2819
3 3
4 3056
3 295
3 10
1 5
9 12677
2 3
3 58
1 3
1 2
2 67
1 3
10 12678
61 9605
2 2
2 304
4 304
3 9
1 286
2 288
2 4
2 6773
3 581
3 603
2 9690
8 327
9 56
2 22
6 7
12 5092
8 1857
2 2
3 3
2 5
1 64
1 3
614 101837
4 1999
4 6841
8 2237
2 304
4 3488
140 11062
4 327
27 9911
2 17
2 10
2 10
8 167
3 144
10 1039
3 290
1 29
12 1306
3 6
1 2
2 304
5 301
6 2829
2 1768
1 5
1 297
3 3
10 12677
2 289
1 29
6 588
27 6201
6 327
2 15
2 3
3 31
6 93
2 3
5 2080
3 12
1 3
201 54365
24 19415
3 7
2 2
5 7
159 20874
24 17654
2 68
8 9797
1 8
2 2
2 580
1 3
9 1360
2 3416
9 73
11 8876
2 288
1 6
12 12678
3 9
6 90
2 2
1 58
1 14
13 33
2 3
33 55313
2 3
18 6795
1 588
6 588
2 2
2 596
2 5
2 354
2 288
83 39050
3 8
4 8
5 24
3 3
4 304
6 327
9 1360
2 289
45 12676
32 9911
2 2
1 2
10 144
1 15
5 31
1 21
2 3
5 31
1 2
48 9605
1 588
45 834488
5 31
1 2
2 17
1 855
2 2
18 8727
3 4
2 15
5 31
17 95
2 9
1 72
3 588
4 5
5 31
1 5
3 5
24 2819
6 13273
6 13283
5 31
18 217199
2 3
6 93
2 9
18 6795
2 2
2 58
2 30
8 7461
5 64
267 58670
17 1894
1 64
154 20704
8 2257
7 598
4 10
15 19
2 5
8 608
45 834488
4 256
7 93
57 18428
1 5
3 868
2 2
2 89
2 2
1 11
4 11
2 24
5 1180
13 40
1 297
2 4
23 20727
1 4
5 15
3 3
20 2930
1 3
8 1769
1 3
1 5
311 76464
6 2662
4 304
4 5
7 1610
2 12
8 36
6 473
2 89
26 2251
26 4507
2 289
6 8
2 5
10 144
10 1168
1 5
11 26
1 15
5 7
5 3488
9 1547
1 9
1 297
2 2
10 6773
3 7
2 8
5 31
1 288
10 2878
4 5
2 8
2 20
3 175
2 18
78 17866
32 9911
6 8
2 2
3 304
36 1282
11 9789
3 3
2 5
2 36
1 20
2 296
2 3
1 288
1 3
6 93
2 2
1 5
2 10
8 1449
1 6
1 5
2 3
54 3537
7 34
3 885
5 31
1 3
1 327
2 30
6 126980
1 29
3 3
1 9
2 2
13 162
2 12
1 304
20 323
1 301
4 8
1 2
2 3
3 3
10 1039
1 588
6 2662
2 10
24 2254
1 3
8 2257
1 3
8 7952
4 4
6 32
23 5113
1 18
228 241113
2 150
1 3
157 32586
2 9
2 12
5 8179
2 9690
2 10
4 304
1 3
30 2858
103 1964
13 162
2 3
1 6
2 2
27 6201
26 4497
2 304
12 5904
17 95
2 2
2 290
17 17436
2 3
2 15
2 3
8 1449
4 5
2 12
6 588
5 32
8 36
131 10474
2 3
1 64
3 29
18 10999
7 387
42 3529
2 3
2 3
1 6
56 7902
2 3
3 1537
2 18
1 2
20 3220
6 8
2 60
2 2
12 5904
4 5
28 1853
16 2829
2 304
5 9
1 2762
1 5
3 30
6 13261
3 55
1 6
2 1709
45 834488
39 260
3 7
1 304
2 67
6 7952
2 588
2 3
2 288
6 473
2 588
1 2
6 13283
3 6
9 73
24 2819
26 2251
20 3452
4 13
2 2
4 33
1 3
1 8
56 146364
9 2819
1 14
3 2584
19 635
3 4708
4 360
2 3
2 14
7 9797
27 3452
4 327
2 595
1 2
2 2
2 2
1 69
3 22
6 59
4 5
2 8
54 3537
10 135556
12 1769
2 304
10 135556
1 2074
1 6
6 93
2 3
4 4708
4 13
98 37169
4 12
45 834488
6 7898
1 3
2 34
2 2
79 79
28 8861
2 14
2 3
10 144
3 4
4 170
1 4
1 2
2 596
2 3
2 2
2 588
1 3
16 3179
13 17
5 6752
3 72
11 150
3 14
3 1537
3 52
2 2
1 3
2 596
5 22
1 11
5 156
2 4
12 1520
1 3
17 1894
6 6
2 588
5 1703
87 18507
54 3537
6 473
2 7041
3 6
8 1857
5 19
12 12937
2 1999
2 288
2 304
1 312
7 4410
7 329
4 1537
2 89
78 17866
2 2
7 34
9 1769
5 31
10 6773
5 11
21 2251
6 327
2 304
2 3
4 2244
13 1610
2 588
3 10
2 12
2 18
2 596
1 2
7 9
1 312
2 3
4 10
6 93
1 29
26 2251
5 13
8 929
2 4
197 21760
1 11
2 588
8 8
5 2080
17 95
1 33
7 13618
5 320
11 8876
5 1766
3 581
4 10
29 35971
12 14435
8 1857
21 4497
2 2
6 29
4 304
3 304
1 2
2 54
2 3
1 269
20 3452
1 72
1 3
5 23
5 32
5 156
2 5
6 126980
7 4787
1 2
3 868
1 3
2 588
6 10849
3 10
1 588
17 13718
20 3452
1 2074
27 9911
2 588
4 32
1 312
157 32586
1 64
2 581
2 3
1 6
697 407598
1 3
6 12
5 8179
1 5
45 262
5 31
2 9
1 3
1 5
13 1520
5 31
1 72
6 4789
1 6
267 58680
1 14
6 8
2 3
1 3
5 13
10 2878
2 10
9 97
1 855
4 31
3 597
4 32
2 1999
3 3
1 301
1 3
9 323
6 588
2 6752
11 26
95 156881
2 6773
20 3452
3 29
6 868
7 34
1 29
13 162
5 327
2 18
1 64
2 4
3 8
7 13618
44 5519
1 3
6 32
3 1537
1 6
3 55
4 2244
2 2
3 6
16 71
1 33
1 10
1 3
3 10
2 312
3 52
45 834488
2 596
3 8
1 6
2 3
6 473
10 339
7 1827
3 3
16 3198
1 2
2 2
44 3529
3 58
1 7
2 304
2 3
3 315
3 18
3 3
6 13273
5 32
2 3
1 8
6 7898
2 67
1 76
8 7456
4 1999
2 3
1 3
26 10517
6 4788
3 5
20 1299
8 126980
2 354
7 378
2 289
36 3325
4 2244
17 13618
16 2829
12 7461
267 58680
73 18094
6 1608
6 10869
1 40
6 2662
8 2237
3 31
10 2878
3 73
2 588
2 23
11 150
9 5456
2 24
1 3
2 2
4 2142
4 19
6 327
1 288
1 29
8 7456
11 162
2 80
2 12
12 6029
6 32
6 93
2 3
18 334
2 326
2 297
2 3
3 312
17 63
6 493
1 15
1 3
1 3
99 162218
26 2251
5 31
2 30
2 180
1 4
4 8
33 55313
1 3
2 297
2 2
2 2
6 5168
6 473
9 1293
2 13
2 2
1 2
66 12234
2 6773
1 5
8 2362
632 405957
2 290
1 2
1 29
2 590
1 3
4 360
1 6
5 31
1 2
7 329
1 21
2 1709
7 1610
1 2762
7 4672
3 1610
5 1703
1 5
1 3
201 54365
2 290
12 95
5 154
4 51
1 6
3 312
1 39
54 3537
38 14434
6 13262
1 3
4 31
4 3994
2 2
2 89
3 3
55 5340
2 9
1 855
35 1029
1 44
1 297
2 14
4 32978
3 9
2 354
2 13
2 6773
2 2
9 12677
3 304
1 7
2 6
5 941
24 17654
3 1293
4 11
2 10
1 9
29 9876
2 10
4 297
2 2
1 3
1 2
1 30
2 6
8 55
33 6312
1 1293
3 19
1 297
1 9
4 2244
10 1839
4 32
5 301
1 6
8 145
2 1999
5 2029
1 588
1 3
2 89
2 2
1 2074
2 22
1 2762
13 179
8 71
8 55
1 297
6 13261
2 4
2 61
1 7
3 8
1 3
1 14
3 7
1 6
3 5
2 10
27 4506
6 4788
6 327
59 629032
7 903
2 23
2 15
2 3
1 9
6 1360
6 327
4 11
2 12
5 302
2 3
2 89
1 3
10 1039
5 360
3 3
2 33
1 8
1 6
7 929
3 2231
1 3
1 5
1 2074
10 3452
19 6795
3 52
3 3
2 288
1 12
22 4711
1 304
3 596
1 3
1 76
4 32
5 2552
4 304
2 14
131 10474
2 2
1 3
5 114
6 4017
151 39833
3 7
39 1853
4 304
1 13
5 156
5 23
42 3529
6 10849
2 3
2 10
3 52
2 22
2 2
1 304
4 588
1 3
17 323
2 20
1 3
5 301
2 2
3 144
53 33033
6 93
3 354
2 2
2 3
1 301
22 20727
2 3
2 1768
3 3
2 2
3 354
2 3
3 10
1 21
8 4787
7 134
3 4
5 22
36 1853
5 183
1 3
2 588
6 6
1 588
10 3675
147 25724
26 2251
26 2251
2 22
1 3
2 3
1 855
11 162
2 6
1 269
1 3
9 66
1 588
1 855
4 297
8 167
2 89
1 6
1 6
16 2829
8 1857
18 8727
7 144
2 14
1 2
4 8
17 95
2 10
2 1528
2 11
6 32
9 1769
9 6143
1 5
169 54360
35 747
3 14
2 89
2 60548
5 31
40 12676
2 9
5 7
7 13618
2 3
2 2
5 31
16 2829
35 633
18 8727
4 20
8 9797
16 3719
7 2878
21 922
81 36897
39 12676
1 3
5 31
267 58680
3 1999
8 3075
8 17
4 15
2 3
14 673
70 5158
1 5
2 6
5 6
61 9605
3 290
5 8179
8 28
5 1604
2 2
8 2552
1 2
1 27
1 15
5 15
11 398
2 588
5 35
1 3
1 29
56 7902
6 4788
1 3
10 1168
3 4
1 3
15 249
1 288
2 304
7 329
4 1602
7 1610
7 4962
5 56
11 162
1 289
1 2
6 868
8 9797
4 297
12 89
1 7
6 13273
3 8
3 3
1 6
2 2
2 288
395 31895
1 297
2 18
2 288
2 24
14 90
4 11
7 378
2 89
2 2
8 3431
2 588
5 8179
2 44
1 949
2 2
3 5
5 3488
16 3198
1 588
9 89
2 3
1 3
2 2
2 18
1 3
9 121964
3 6
267 58680
7 327
2 1768
1 1999
28 56855
3 8
1 5
5 71
1 3
24 19393
6 493
5 6752
7 329
7 3500
1 3
22 20727
131 10474
2 18
1 11
8 2237
8 4698
8 31
55 836226
45 834488
2 89
1 64
1 29
5 22
1 6
1 5
2 9
2 5
5 941
2 3
2 20
2 304
19 6795
2 2762
2 304
18 8727
1 3
2 6
12 5904
10 135556
6 588
2 22
4 6
2 296
2 1768
2 178
12 1769
4 27
1 3
6 603
4 51
5 31
7 378
2 588
2 2
1 3
3 22
6 32
1 3
1 91
1 21
1 3
2 2
1 26
1 3
2 304
5 2552
1 287
4 11
6 13271
2 22
12 12937
6 327
2 2
6 478
3 304
3 29
6 10869
3 10
2 3
1 3
1 588
1 297
6 14066
7 929
2 23
1 35
2 2
2 18
1 6
5 2080
201 54365
1 297
2 3
24 2819
7 52
1 6
5 31
17 1894
1 588
2 9
16 18319
2 6
11 27
41 3529
1 4
3 112
1 588
2 3
45 834488
2 3
1 3
26 1853
2 2065
1 2
1 1999
2 14
2 17
2 89
3 3
2 89
12 39
13 1610
131 10474
2 2
2 588
2 2
1 5
6 93
56 15542
1 3
11 1610
6 32
5 195
6 10849
7 2878
12 12937
2 2
2 5
10 1449
2 4
3 3
4 6841
2 2
1 35
1 588
7 93
7 13
3 7
7 6841
45 6134
3 12
3 8
1 71
74 13386
9 636
1 64
4 10
1 12
33 6312
1 5
1 2
2 17
4 32
267 58670
24 2819
12 12937
2 5
2 2
12 673
3 9
5 301
9 56
24 2254
6 12
5 23
6 473
13 14218
1 288
2 10
2 9
3 4708
8 7461
2 3
7 34
1 29
2 5
2 290
1 14
2 326
2 3
3 287
26 4507
3 3
17 95
44 3529
1 6
3 10
1 5
1 2
1 29
1 3
1 3
6 2030
2 3
1 2
2 24
1 64
3 31
4 10
3 9
2 1769
2 588
3 31
7 8634
2 2
1 7
5 941
1 25
1 3
1 2
5 31
3 89
6 10869
3 4
3 290
10 1039
3 315
8 1449
10 2878
1 588
2 23
2 14
6 32
1 7
27 9911
1 5
1 9
13 14218
1 7
1 3
57 834488
3 6
3 7
2 296
2 588
6 10849
2 2
2 2
6 473
3 287
4 3488
23 19967
2 312
5 7
2 2
3 14
4 312
1 15
2 588
3 35
2 3
2 67
29 13618
1 15
14 16
2 2
153 20146
13 105
2 3
88 4546
21 2251
8 1857
2 595
2 2762
2 3
2 588
2 12
1 588
3 8
4 6
56 146364
1 7
2 4
2 2
1 22
6 6
5 301
19 6795
4 11
8 9797
3 354
11 28
1 3
1 301
3 290
14 2819
2 588
3 7
16 1760
3 15
2 8
1 2
9 12677
11 34
1 949
2 3
3 297
4 3994
10 144
2 12
2 3
8 608
42 3529
2 18
6 327
3 354
1 2
24 2254
2 304
2 275
6 90
2 3
2 2
1 29
1 3
1 33
2 1528
8 120443
7 329
2 2
26 4507
2 2
17 95
45 834488
1 588
24 19393
33 630
2 2762
4 54
6 581
1 12
5 1742
6 473
2 11
6 13271
2 1999
5 581
3 2077
3 10
8 1857
1 949
2 588
5 31
2 3
3 19
3 31
3 10
2 289
2 289
6 93
15 4006
15 249
2 288
10 1176
7 1172
2 588
3 10
4 21
1 326
4 12
11 28
8 2755
17 95
1 12
2 20
13 39
73 18094
1 29
2 2
2 2
1 301
1 3
22 4711
3 3
18 6795
7 93
5 312
13 38
8 36
57 834488
1 2
56 146364
26 4497
17 95
49 20580
5 36
3 4
5 31
1 3
3 581
1 11
1 20
5 19
5 581
2 5
5 7
2 588
2 2
4 32
4 54
133 51956
2 9690
2 22
2 588
6 4880
36 3325
4 354
25 6029
1 7
13 162
3 31
13 39
5 8177
2 4
8 71
1 12
1 64
2 28
4 277
2 10
1 9
1 2
1 33
2 596
2 289
2 22
3 289
1 855
2 22
2 3
10 12678
5 2526
2 2
147 11202
147 11202
5 1703
4 10
2 20
61 9605
2 2065
4 21
24 19393
5 941
2 3
7 34
4 8
20 12580
147 25724
3 3
7 5168
2 288
1 1656
1 2
1 3
6 13273
17 95
2 3416
10 1839
2 89
2 3
28 8861
5 1604
23 633
3 30
5 327
6 327
147 25724
4 2244
1 64
1 297
5 1604
5 1039
3 2074
2 588
1 9
9 144
7 378
1 6
2 18
1 29
1 3
5 8177
3 304
6 10849
5 941
2 3
1 885
1 3
2 3
3 581
16 26
3 327
1 297
2 18
2 326
59 629032
3 31
1 64
4 28
3 10
2 2
3 5
1 7
1 5
1 3
2 288
1 885
4 8
4 2244
1 5
2 89
1 29
2 44
5 1703
169 54360
4 82
3 5613
1 11
201 54365
1 33
57 18428
5 1769
1 588
4 32
1 5
6 93
4 304
3 581
6 6
2 30
1 3
6 90
1 3
20 3452
2 2
3 868
7 52
1 12
3 312
18 10999
8 1029
6 327
1 5
7 13
83 16399
2 588
4 304
2 15
59 122329
1 3
1 588
42 3451
6 588
10 2878
12 2720
3 11
2 22
2 7
2 4
3 868
2 3
21 4497
36 17120
10 35
3 52
4 41
4 949
2 2
8 3075
2 2
39 12676
1 297
4 304
142 51208
8 608
2 937
3 354
4 949
1 15
3 15
18 217199
2 588
2 10
12 12677
1 9
77 16399
2 3
2 1768
131 10474
5 23
1 588
7 378
4 297
6 588
1 15
15 700
57 18428
18 8727
1 64
2 6
25 6029
1 588
4 304
3 144
3 354
1 5
3 65
1 588
11 639
5 2686
2 58
1 2
2 9
4 588
2 2
3 10
103 47853
46 3537
3 14
13 14218
1 7
2 3
2 3
8 8
8 3431
2 3
2 2074
7 9
4 46
7 54
2 588
1 588
2 2
2 5
14 1839
61 9605
4 6841
3 144
2 304
2 588
2 12
2 2
3 14
56 7902
2 12
7 183
29 36841
4 4708
1 3
1 294
28 3482
2 290
2 2080
9 6143
12 2720
2 288
1 2
5 12
2 22
18 7185
1 2
3 581
17 6868
2 34
6 32
2 289
2 3
8 1449
1 11
7 929
2 8
2 3
3 883
2 9
24 2254
2 1769
2 10
1 6
1 2
6 581
2 2
11 12937
2 2
7 378
1 4
1 22
4 91
2 15
1 269
3 2074
20 323
18 8727
5 301
5 31
18 8727
1 3
4 2074
7 34
1 3
1 287
14 16
4 7
12 13323
1 2
5 31
6 32
9 66
1 8
1 296
41 3529
2 15
1 5
2 2
6 473
2 5
2 4
4 2576
9 121964
3 6
2 6
3 15
1 588
7 835
1 3
12 12937
5 31
9 2819
1 2
103 29421
2 2
1 3
8 17
1 2
5 11
3 304
5 56
3 4708
5 6752
3 52
2 3
3 3
2 288
1 5
267 58670
1 297
2 9
5 31
2 2
593 21221
23 19967
7 465
1 6
2 2
6 327
3 4
29 9876
1 4
6 473
18 334
20 3452
35 2552
6 2662
6 4788
2 3
5 2080
1 3
4 11
28 8861
3 300
2 3
3 3
10 1039
2 2
5 327
19 6795
1 588
3 3
1 588
1 288
1 288
2 588
1 5
5 1039
99 162218
22 20727
6 13291
3 4708
2 2
62 11913
7 35
3 1769
5 31
2 2
2 288
6 13261
2 588
1 2
1192 334130
79 79
4 51
1 288
267 58680
92 29421
1 588
3 3
3 3
8 2237
171 54365
8 2362
6 4789
22 20727
3 31
2 304
4 297
2 6
1 5
1 15
2 23
2 3
4 941
11 26
1 297
2 3
3 10
1 21
2 3
3 55
3 7
2 10
13 14218
1 855
2 15
2 287
1 21
2 3
70 5158
3 3
1 12
1 3
1 287
41 1106
3 3
2 4
1 6
1 3
29 13618
1 297
1 5
2 2762
1 3
6 13271
1 3
1 7
4 3994
1 3
6 93
29 36841
1 5
5 2080
2 297
1 588
2 9
1 14
7 34
2 6773
2 294
2 9
2 22
1192 334130
4 597
2 290
5 13
1 72
2 15
1 588
1 3
2 34
3 10
20 3452
29 36841
22 2819
24 40
1 9690
27 9911
10 3675
8 1449
5 8179
10 1839
3 304
4 5
1 112
2 14
6 473
1 29
3 6
38 14434
29 647
2 12
2 3
6 4304
1 2
17 95
147 11202
7 1610
2 3
2 2
4 10
1 2
11 26
2 3416
3 66
2 20
42 3451
1 949
3 941
8 1449
2 12
1 287
3 5
2 312
7 35
5 360
2 3
2 220
2 3
15 4006
1192 334130
13 413
22 4711
9 89
1 3
44 3054
2 18
4 32
4 51
4 134
2 1172
2 30
3 6
13 1610
6 249
13 14218
2 289
10 1839
2 2
155 20874
7 329
3 3
9 1547
22 37169
22 20727
6 93
3 1537
23 691
6 4788
2 2
1 3
2 24
27 6201
1 1999
2 3
1 5
2 18
7 34
12 6029
5 56
6 473
1 2
10 3675
1 5
14 18
8 1449
25 9343
57 834488
13 9789
4 3500
2 2
2 18
2 67
78 17866
8 2257
5 32
2 9
2 588
7 3669
8 9797
4 5
4 31
8 1460
169 54360
6 3442
2 23
13 1610
13 413
1 3
11 162
2 2
6 93
11 162
3 10
2 89
6 327
6 10869
1 588
2 89
4 118
33 630
4 32
1 3
1 10
2 3
83 39050
6 3416
11 28
106 11062
2 5
1 5
6 3416
1 112
9 1360
2 3
73 18094
70 17878
1 10
32 2552
3 8
1 5
1 3
6 6
8 8
1 5
42 3529
1 5
2 28
9 1360
2 2
7 3074
3 312
1 29
10 1839
8 36
3 6
2 1537
3 31
267 58670
2 2
159 20874
3 72
3 5
2 65
2 3
3 8
9 73
3 35
1 13
8 9797
2 5
3 15
12 2720
1 3
5 36
1 8
5 12
3 3
2 3
1 3
2 588
19 205715
1 2
2 2
3 73
5 9
3 6
3 14
2 6773
6 868
2 14
2 8
17 6868
5 1610
3 1537
11 1975
13 1610
1 3
6 327
8 4787
1 18
57 18428
1 35
53 33033
4 3994
5 581
31 82
10 1839
6 493
1 5
1 5
28 82959
61 9605
2 18
2 588
2 289
2 213
1 29
10 639
5 12
3 7
2 2
4 59
10 2878
24 19393
3 12
2 1999
2 289
2 2
82 16391
6 2662
5 59
2 5
6 588
5 24
2 9
1 2
6 12
2 9690
5 32
12 1221
2 2
1 64
3 15
12 14435
5 45
10 12678
3 14
16 73
1 2
1 6
3 10
2 2
8 2237
2 304
1 76
6 473
2 588
9 1769
3 10
8 1449
1 286
1 9
3 33
137 44569
6 4782
39 12676
1 2
2 3
2 5
1 297
29 35971
1 33
16 3198
13 1610
3 1293
1 15
1 5
6 13293
4 1537
2 5
154 29134
1 588
6 473
5 114
3 312
8 1857
2 2
1 2074
7 4787
2 5
3 7
6 3416
29 647
593 21221
36 2858
1 5
2 6773
1 312
12 12678
1 5
2 2
2 294
86 39833
7 183
1 6
111 162218
3 301
140 11062
13 105
3 315
1 3
2 3
1 10
1 297
3 327
2 18
1 6
3 6
7 327
9 89
2 2
9 1360
10 2878
6 13281
1 885
10 12678
1 21
5 941
6 473
10 144
1 288
103 29421
1 5
8 36
103 1964
2 588
2 3
3 1537
3 7
2 10
70 5158
1 3
2 2
19 6795
1 3
6 93578
2 595
1 7
1 288
5 12
2 4
7 1610
5 22
4 5
7 3500
2 1768
3 21
2 588
2 80
1 5
8 7456
1 3
2 290
21 2251
3 3
1 5
4 3488
2 9
2 15
45 834488
3 941
2 12
2 5
10 144
2 3
2 3
12 89
2 34
7 4787
2 22
1 3
2 6
17 13618
2 17
41 3529
2 581
5 1703
2 297
27 9911
1 3
1 21
1 2
2 312
70 17878
4 597
4 1537
6 3416
2 5
2 300
1 588
3 101
4 13
5 23
2 597
2 2
2 1528
1 6
3 3
3 52
3 31
3 10
1 14
6 327
1 59
8 608
3 144
2 3
21 2251
1 3
35 633
2 8
1 5
39 12676
140 11062
2 1094
2 288
1 297
9 2819
3 3
3 1769
45 834488
2 14
6 473
4 5
32 10998
8 1857
81 17878
3 5
2 5
2 588
9 2819
5 23
1 286
1 15
6 327
5 56
3 1610
2 3
6 13291
1 6
2 2
2 3
2 5
6 13283
1 12
1 6
2 588
2 2762
1 14
17 17436
32 2552
20 2819
2 588
32 2552
2 1805
5 885
2 288
3 303
6 2829
2 3
9 12677
7 4458
2 294
1 5
2 296
169 54360
55 836226
2 304
2 289
1 6
1 2
7 13618
70 17878
42 3529
6 3416
2 2872
7 4787
2 2
6 493
1 288
2 304
1 3
48 4103
16 3198
1 588
2 2
1 288
42 3529
3 301
4 2074
26 2819
2 54
2 309
2 2762
1 6
2 3
7 9
3 12
2 304
1 588
2 2
5 13
8 2237
6 6
4 3994
2 1172
1 76
4 3994
19 1760
2 12
4 7
4 2244
2 2081
26 10517
6 10
9 636
2 588
9 144
2 288
27 6201
1 5
8 3075
7 4830
8 3431
6 8
3 10
5 32
20 3452
7 35
2 2
2 3
5 301
1 2
1 3
2 89
1 6
3 72
3 3
2 2
1192 334130
5 36
57 18428
1 3
2 290
1 3
25 1282
1 6
3 303
3 3
2 289
16 3719
9 1360
3 9
2 288
10 14797
2 12
8 36
2 588
8 327
2 5
1 5
13 14218
2 15
1 3
1 3
1 269
22 37169
2 2
3 72
29 9857
67 707508
56 7902
4 11924
8 2237
2 3
3 304
1 949
1 15
33 6312
29 36841
3 14
1 2
1 301
3 2584
11 14813
7 929
3 300
10 1839
3 581
1 2
46 3000
4 304
1 7
9 6143
2 12
1 58
16 73
5 588
6 13281
3 15
2 67
4 1537
2 7
2 3
1 303
3 312
3 10
2 354
36 12676
1 2
6 10849
1 35
3 5
3 10
1 312
4 2244
2 2065
6 19
1 297
6 327
2 2
1 71
3 288
12 12678
55 4711
2 4
3 3
1 29
13 39
103 1964
45 6134
8 1449
6 327
157 32586
22 1515
99 162218
9 1360
2 1999
2 885
8 7456
2 289
6 90
32 2552
1 297
1 949
1192 334130
24 2254
12 8879
4 595
4 32
1 287
2 2
33 630
1 3
33 6312
2 24
1 6
2 297
22 20727
42 3451
1 5
1 269
2 10
2 2
2 288
2 2
1 288
8 3075
9 1764
5 32
9 121964
7 52
2 14
2 10
3 320
4 11
8 327
4 4672
4 327
151 39833
4 19
5 11
3 288
41 3529
33 6312
2 1528
8 17
6 13271
3 6
1 2
3 15
9 73
2 2
2 285
3 16
5 156
4 3488
9 6143
39 260
1 8
2 5
3 290
2 15
5 1039
8 9797
2 14
1 2
1 297
111 33902
3 10
10 1039
2 2
2 89
271 65267
3 581
13 14218
17 95
42 3451
2 941
2 1805
2 9
2 22
2 303
3 4
12 1306
1 5
2 3
9 1360
5 31
1 2
1 6
6 588
36 20580
4 2244
107 24939
6 8
1 1767
3 304
34 29625
4 8
3 1293
8 53
6 327
1 39
6 588
28 82959
56 146364
4 1537
45 834488
2 20
100 44569
1 64
1 3
5 31
2 1769
1 3
6 318
2 588
25 3325
1 297
1 287
2 3
1 2
2 304
5 581
1 10
6 13273
21 335
1 2
1 2
1 588
1 2
2 10
4 304
2 24
1 2
38 14434
4 6
5 581
2 1999
2 2
1 3
1 72
1 2
1 5
2 23
9 6143
1 7
6 93
4 32
6 12
1 2
10 1039
2 2
5 46
3 3
3 2230
2 9
6 2662
1 5
2 288
2 2
1 15
8 36
56 146364
12 12937
2 5
5 31
2 14
2 15
3 10
6 13293
1 3
3 40
11 9789
2 580
19 14812
1 3
5 32
18 10999
2 2
1 6
10 34
12 2720
1 11
1 949
5 13
25 6029
4 301
1 286
4 1537
86 39833
504 329493
13 105
1 286
4 304
2 15
1 5
2 3
2 2
2 3
1 2
4 1537
16 2829
32 2552
24 17654
2 297
106 11062
5 301
2 288
3 21
147 11202
2 4
2 588
4 82
3 3
1 2
3 3
12 204
6 493
2 588
26 10517
2 3
1 7
12 204
19 205715
4 10
6 93
31 9902
3 10
2 2
15 4006
6 4788
6 10849
12 39
1 3
3 8
3 6
2 2
1 2
7 93
1 3
4 3568
1 3
4 8
11 26
5 31
7 35
2 9
3 31
8 31
3 3
3 11
2 2
56 28806
10 1039
2 2
3 6
2 23
4 82
2 23
38 14434
5 31
1 297
3 2077
7 378
8 1449
2 5
2 11
169 362063
1 3
16 3196
6 93578
2 15
2 15
2 3
1 3
1 59
1 7
1 80
26 10517
3 3
6 93578
2 289
1 24
13 1610
2 89
2 10
1 29
1 8
26 4497
3 14
10 134027
2 2
5 31
1 3
23 3484
7 473
2 12
10 12677
1 5
45 262
5 23
9 73
2 12
25 1282
11 162
1 6
3 40
3 7
5 15
13 14218
4 1999
1 588
2 5
13 9789
1 2
1 72
3 297
1 22
4 11
3 941
6 327
39 260
10 1449
2 588
2 136
4 8
201 54365
1 3
3 8
12 1769
2 2
1 8
2 2
1 3
3 6
1 2
4 949
4 32
2 5
1 3
6 473
1 588
7 329
30 19393
32 2552
1 3
4 382
3 4
6 13291
7 4962
2 3
3 1537
3 8
26 10517
2 2
1 296
6 93
1 15
1 6
4 52
2 22
23 323
7 929
15 4006
22 2819
24 2819
100 44569
1 2
3 14
2 2
2 2
2 4
1 2
48 9605
1 588
2 597
4 304
1 2
1 5
1 2
30 2858
1 2
2 1999
1 2
2 2074
3 3
8 31
10 2878
1 3
2 22
1 33
1 59
1 15
8 327
3 10
2 161
1 5
2 3
1 3
2 6
1 2
22 20727
5 1293
2 44
5 327
1 9
1 12
3 290
16 21515
2 3
3 3
72 17245
2 949
2 354
15 11913
1 5
9 73
3 3
32 82959
4 11
1 35
1 588
1 29
9 121964
22 20727
7 34
2 2
1 15
2 3
1 3
5 45
1 22
1 9
1 297
1 72
2 11
157 32586
1 27
18 6795
2 275
9 1547
1 5
2 289
2 3
18 202402
3 320
18 8727
3 11
3 581
2 18
66 59187
26 4497
2 18
3 10
2 2
4 304
1 15
10 1839
8 30
7 2720
44 3529
1 6
2 3
3 290
8 1449
26 4507
8 1449
3 288
1 288
7 52
3 6
1 29
8 36
2 13
2 18
5 31
2 2
103 47853
3 5
2 2
1 7
13 1610
6 13281
1 949
9 1769
27 9911
2 323
17 13618
10 135556
57 834488
9 12677
1 288
170 43060
2 304
32 5863
1 40
3 6
28 2251
1 588
52 16332
13 90
2 2
8 608
3 3
8 1449
1 269
5 1769
1 5
1 5
4 5
4 45
99 162218
23 691
11 7461
6 1537
2 2
17 95
22 37169
10 144
3 5
3 66
31 82
3 312
2 15
7 167
1 15
30 2858
2 588
1 3
6 79
9 1360
1 64
4 595
2 309
8 3075
1 588
99 162218
9 2244
147 11202
3 14
3 4
11 162
4 3500
4 11
1 15
2 3
1 288
2 10
2 22
12 6143
3 949
1 4
1 21
2 15
2 4
10 2237
3 288
1 2
1 5
3 10
2 588
2 20
1 2
2 9
103 47853
2 2
2 6773
2 17
6 13273
3 1537
1 2762
3 15
8 126980
4 28
1 14
2 2
2 6
2 3
5 581
2 4
57 834488
2 2
2 3
5 71
2 89
5 13
88 4546
1 949
13 14218
1 3
2 22
38 14434
4 2074
1 3
6 4782
4 327
61 9605
7 34
3 868
5 360
1 3
3 297
1 3
201 54365
26 3452
5 71
1 2
3 2584
3 3
25 6029
5 581
19 6795
2 288
2 22
1 15
3 6
4 54
2 67
2 15
2 588
3 15
6 6
2 2
1 3
1 3
25 1282
10 1039
7 3452
9 89
4 10
3 31
78 17866
5 31
3 304
2 304
2 2
1 3
2 2
1 6
2 3
3 3
56 4711
13 14218
6 312
7 13
1 26
1 14
17 6868
1 5
1 2
1 39
1 2
10 1039
9 97
1 4
3 1769
6 93
4 82
2 34
6 4788
6 4591
2 304
14 673
6 3147
