3 128
3 6
35 117
2 1770
15 803
8 808
1 8
1 312
5 50
1 13
1 11
1 3
3 27
2 156
2 8
5 1665
2 4
12 840
1 3
5 10
3 2737
4 126
2 250
19 311
4 17842
34 103
1 26
7 24682
7 35
1 7
3 6
1 573
8 16
1 5
4 4
1 3
6 12
7 5374
6 126
9 18
11 44
1 2
7 20
6 12
1 327
1 409
2 2
63 153
1 5
12 108
4 12
3 9
1 3
1 3
2 2
1 140
1 3
2 2
1 2
7 161
5 2870
1 73
2 128
1 5
3 3
7 56
1 3
20 3321
2 8
1 297
1 618
1 10
6 16
2 10
1 13
1 14
3 9
1 6718
9 5397
11 613
7 42
1 582
12 768
1 14
12 1932
1 10
3 3
1 13
3 15
31 39
1 292
17 17
7 7
3 999
10 5700
2 536
1 10
14 1975
11 1160
1 354
4 496
1 584
1 947
6 6
6 7
1 287
1 747
3 15
6 18
10 10
1 600
3 102
1 2561
5 65
2 14
1 2
7 7
12 1408
1 14
14 266
3 24
9 12
1 32
1 13
12 108
2 28
1 2
6 6
1 512
12 12
6 1486
1 10
1 31
1 37
1 161
1 4
1 58
1 4
1 6
1 2
1 2008
3 3
11 22
66 1584
1 45
1 87
2 2
12 72
2 2
14 28
18 52
5 5
19 72
2 2
1 252
9 943
5 40
6 18
2 2
2 38
1 2
2 38
6 24
1 4
2 2
6 6
2 572
4 70
9 182
1 116
6 18
2 20
1 3
1 35
2 2
13 52
1 162
1 349
9 9
5 15
31 8364
34 8173
8 12200
2 2
1 2
2 18
1 7
1 581
1 1749
3 3
1 2
5 5
5 20
1 3
5 295
1 8
1 354
2 2
5 35
20 36502
2 32
1 115
1 51
1 17
1 1117
21 34439
1 303
1 7
1 3
5 5
1 19
1 1095
1 3
1 2
2 6
1 2
7 7
2 34
1 908
37 125
13 3796
7 10
1 6533
5 9975
1 2
15 510
41 8253
1 5419
79 534
8 8
11 22615
15 15
3 3
2 136
12 636
1 5
21 17886
1 547
12 216
1 88
2 6
40 2386
1 19
27 4788
3 34
5 5
10 20
1 9
8 16
1 2
1 7
9 576
11 33
17 4896
9 18200
9 18
12 780
1 45
14 31
3 33
1 18
1 868
15 930
7 7
5 5
1 27
1 277
1 12
5 110
1 12
1 50
2 6
41 23083
8 3472
1 16
2 6
1 6
7 14
7 16
1 19
3 18
15 450
1 1767
2 2
2 2
2 696
7 189
1 64
3 9
1 822
20 20
12 12
1 5
7 651
40 2050
22 19549
1 944
9 225
3 3
19 3445
5 1745
6 2454
2 2
12 636
7 105
1 9473
9 3801
12 60
5 10
1 42
1 94
13 312
18 70
1 3
1 4046
6 6
8 1184
2 4
2 6
3 864
2 2
1 885
5 5
2 40
4 7996
7 2597
21 6006
3 9
11 457
1 573
1 539
64 7262
25 109
9 5040
16 119
3 874
5 8765
10 2175
1 14
47 619
2 2
2 110
1 62
5 135
13 13
3 12
1 4
10 10
1 2
1 2
5 5
19 3474
3 12
1 3
13 156
15 30342
2 2
2 2
10 56
2 2
1 4163
5 1770
7 35
13 13
2 2
3 3
17 383
1 289
24 138
12 432
44 7285
13 1976
1 3
3 11532
1 3
6 1425
2 2
17 17
4 32
1 19
5 55
1 33
1 356
4 4
1 275
6 24
1 11
5 29385
1 2
5 15
18 845
13 568
1 62
5 5
1 13
5 25
21 315
2 22
1 3
1 1503
3 3
2 62
2 4
2 2
1 9
16 16
1 3
1 3
1 5
17 349
1 10
5 15
5 4840
1 1999
10 10
7 49
5 1292
3 3
13 34
1 58
6 18
1 6
1 294
1 2
5 15
9 12
1 312
29 113
1 3
6 49086
1 22
3 3
2 8
7 42
2 128
5 285
11 32
1 2
1 4
5 5
7 336
4 28
6 3528
3 3
9 30
7 35
25 11484
1 654
5 10
12 12
6 24
1 103
1 4
1 3
26 403267
9 4900
2 6
1 1167
1 6
9 9
13 275
5 20
1 1918
2 2
1 5
1 3
1 103
9 90
1 31
1 587
2 8
1 581
5 50
2 2
3 7589
8 217
15 450
20 951
3 12
1 3
5 1440
13 47
18 21075
11 3201
2 28
2 16
3 9
3 3
12 72
7 63
2 4
1 64
4 4
5 10
3 15
4 24
2 2
1 2
3 3
1 143
2 2
1 15
1 5
1 5
2 2
1 2
6 3570
1 9
2 4
1 2
30 1076
3 6
1 9670
1 3
13 13
15 59
10 10
3 3
1 144
1 44
4 4
1 96
7 7
7 21
1 3
8 2970
1 105
1 2
42 1335
24 168
26 1553
1 716
7 1610
2 130
1 6
1 3
1 11
1 2
1 3858
10 57195
1 2
13 34
7 4144
18 76
7 406
5 20225
5 10
3 3
1 5
1 553
13 13
31 5010
4 40
7 532
1 584
7 14
1 267
5 35
5 10
23 92
5 5
32 689
2 4
2 4004
1 1995
3 84
4 48
1 3
1 9
2 2
1 3
2 2
5 1745
3 3
1 1555
37 360
1 65
1 34
1 588
3 3
13 312
2 30
8 2116
1 286
18 36
1 2
42 4491
1 467
5 5
6 7
13 78
2 6
1 7
1 533
1 12
19 311
5 35
1 11
13 130
1 14
3 3
1 8
2 801
7 7
7 7
6 18
5 5
6 74
26 686
1 297
16 82793
3 3
3 3
8 484
1 4
2 18
9 192
33 911
6 12
10 62
4 1498
6 6
6 11
1 18
5 110
5 15
5 192
7 7
13 86
13 2834
2 72
2 2
6 30
37 10514
1 10
1 3
12 36
1 1162
2 1120
2 2
2 984
1 14
1 72
20 5166
2 4
1 132
31 52023
2 2
5 15
1 21
9 9
10 36
1 15
1 3
7 56889
25 29
2 62
4 56
4 92
3 3
12 276
10 4920
5 17941
52 136
1 6
8 88
1 82
2 12
12 636
2 4
3 6
1 5
2 2
7 12754
1 138
3 3
2 2
7 35
1 4
1 4
1 693
3 6
1 3
1 14
1 6
8 399
101 497
12 12
1 2481
2 10
6 8
5 5
5 1880
1 62
2 2
2 2
1 7
13 39
15 56
1 14
4 8
33 111504
5 10
27 498
12 5232
41 43116
1 2560
1 393
5 10
5 5
5 110
6 20340
5 20
2 4
1 8
1 5
3 15
2 42
1 1141
3 74
5 5
2 2
4 70
1 67
1 13
7 143
2 2
1 4522
9 9
10 4846
1 68
1 5
9 9
7 91
7 14
5 5
5 5
20 92
1 4
2 20
1 6
6 126
2 2
1 3
2 14
1 4
5 5
1 288
8 8
1 775
1 334
1 19
2 12
1 15
1 592
2 2
1 5
2 56
1 23
7 161
13 3941
24 7487
5 1435
2 2
2 14
17 15297
18 10135
1 6
1 4
1 87
18 1152
26 1675
2 2
5 30
12 156
12 216
1 9
20 317
1 4779
8 434
18 421
1 90
1 2
1 70
1 129
5 710
19 618
8 32
1 73
16 137
1 2
1 19
8 72
15 15
13 26
1 8530
14 18
1 654
1 5
1 2
1 27
9 31
6 6
8 77807
7 7
5 5705
12 276
1 280
5 29
6 17
1 58
1 24
12 348
2 14
1 16
7 7
3 9
9 9
3 62
2 2
9 845
2 2
5 20
1 13
1 1162
3 3
7 11228
5 2402
28 28
1 128
2 26
4 70
1 3
7 7
11 45415
3 18
9 19944
1 6
1 35
5 1810
3 7
7 35
11 2889
1 30
9 20
2 144
1 7
20 769
2 6
1 12
2 2
1 588
1 981
1 20
8 8
1 6
19 19
2 14
1 3
9 235
1 133
12 276
1 64
3 3
15 39000
2 4
7 9044
2 2
10 20
1 7
18 390
37 220
1 312
5 5
2 6
2 40
7 28
1 6
7 7
1 253
1 2
25 700
1 30
7 343
2 4
1 5
14 14
11 81
64 480
3 6
12 14115
35 1138
1 287
6 18
5 281
10 50
5 5
7 13
4 12
3 3
13 13
1 3
5 10
5 450
18 768
1 10917
11 33
1 4
1 2064
10 146
5 1430
20 60
6 30
1 5
23 27390
7 49
12 12
1 2
2 2
5 4475
5 15
1 585
12 96
1 882
3 858
9 77
2 28
1 27
4 4
2 116
16 18
12 12
6 6
11 1812
9 3930
5 10
5 268
1 9
5 11130
8 34
1 492
1 21
5 5
1 4
12 39
3 12
7 70
2 38
5 5
20 6932
1 4
27 411
7 14
2 2
2 140
27 294
11 22
2 2
1 3
6 264
11 114656
3 9
1 587
1 1187
5 35
3 6
1 78
3 669
5 275
1 10
1 1999
1 1361
12 840
2 10
2 4
1 27
5 5
6 90
5 25
1 3
3 3
1 44
2 566
3 42
9 12
5 10
2 4
5 15
23 229
2 2
2 8
1 5
7 14
1 2
3 9
1 739
1 580
1 4
14 14
17 1735
5 5
1 329
3 30
2 19
1 217
1 3
50 4386
1 2
2 14
36 172
19 2741
2 2
5 290
1 58
1 11
9 84
1 6
2 12
20 817
2 6
4 5176
7 21
1 1995
3 3
2 14
12 2010
1 2
2 2
1 2181
6 72
7 7
2 44
1 2
1 16
19 1470
1 732
31 10600
5 40
6 78
11 11
3 6648
2 10
1 1767
1 815
4 4
16 8624
5 25
19 102
1 11
7 539
6 1475
1 322
20 149
2 10
14 122
2 2
1 4027
1 62
8 79
2 8
12 12
2 138
4 20
5 250
2 2
2 3842
1 157
20 312
5 11210
1 3
22 2408
2 2504
14 18
1 6
3 6
1 3
7 579
13 28988
1 13
1 16
1 22
5 290
19 2225
5 5
14 14
3 3
3 3
3 12
6 6
6 6
2 8
2 116
5 20
1 2481
1 22
1 26
2 18
10 475
1 6
1 1292
13 13
1 47
2 6
46 1332
5 10040
14 14
1 44
1 325
1 283
1 9
4 523
2 2
5 5
1 37
2 6
2 4
7 7
3 3
2 2
1 730
5 1275
3 3720
10 54
1 2560
2 10
2 2
1 867
1 2
4 104
7 608
6 18
1 292
2 9312
1 5
22 2597738
5 12620
1 2477
10 270
1 16
2 3446
1 49
7 770
1 64
3 3
1 289
2 2
1 173
12 12
3 189
1 9961
3 12
1 16
1 4
5 295
8 168
31 27953
17 17
10 630
11 1735
7 16390
5 465
1 2
1 908
1 5
2 2
2 26
1 583
5 25
3 15
1 40
3 12
5 4540
1 3387
4 8
7 7
17 58
14 28
3 33
7 14
1 15
3 9
9 18
7 7
2 570
2 4
36 602
7 39
19 155
2 4454
2 2
1 223
1 327
1 5
2 2
1 885
4 1040
5 25
1 1951
4 84
5 5
1 3
39 3468
5 2895
1 13
2 2000
1 25
5 20835
3 30
1 57
2 2
7 5880
12 228
14 401
1 240
2 2
2 1656
1 2
24 27734
15 2344
2 2
12 120
1 588
1 2
1 498
49 390
1 303
1 2
18 36
2 2
3 42
9 225
5 10
8 232
7 7
1 329
2 162
10 256
1 172
7 112
2 16
1 2671
6 6
8 24
6 24
5 760
5 5
1 1598
5 21850
5 15
16 741
5 65
9 9
7 14
2 2
1 2227
16 16
1 10
31 1032
2 700
1 21
1 2
1 5
1 15
26 26
6 89
5 6
1 30
19 4320
12 24
2 2
15 967
21 9460
7 21
4 17
2 24
3 9
14 14
1 9
7 7
8 2408
3 3
7 5124
5 1880
1 344
1 9
1 9
7 40
4 4
7 7
2 2
1 2
1 5
1 67
7 28322
8 72
1 34
7 35
1 391
18 171
9 36
3 6
1 9
21 336
11 90
2 1158
6 384
10 13728
22 110
5 5
1 16
3 3
6 13
1 204
18 469
6 6
19 8711
2 88
1 2074
2 4
18 592108
1 5
2 2
17 3908
29 115
6 42
3 3
24 538694
8 2296
6 426
5 540
2 596
2 8
59 162
1 944
1 3
2 4
21 21
1 2
1 65
11 18
12 780
7 7
15 45
1 2
2 1232
1 67
10 74
5 5
7 264
1 4
10 10
1 38
1 3
3 6
12 45
12 708
6 384
1 5371
6 18
1 6
1 15
39 240
7 7
2 4
1 2
2 1220
2 8
1 2
1 8
1 4818
1 6
5 30
7 14
1 3
1 287
1 3
1 36
2 86
1 3
5 4236
1 2
8 19808
3 876
1 2
1 4
1 2
1 3
7 7
20 40
1 1302
1 116
1 15
2 12
2 126
1 5
14 5304
10 168
1 2
7 7
6 54
1 2
3 24
18 137
7 7
12 156
1 2
3 6
1 3
6 6
1 25
5 36
3 6
2 6
40 1982
5 10
7 42
1 5
7 53
1 3
12 12
1 10
6 12
16 32
1 340
16 199
1 2
7 7
2 162
1 27
1 13
1 402
20 406
11 1606
3 18
2 2
1 34
1 2
5 5
16 25
1 6
1 762
1 5
1 2
12 12
1 2
1 25
2 6
20 20
26 1676
1 1599
1 103
3 48
3 60
14 58
1 59
1 19
21 24461
1 3
2 2
41 2147
9 39
3 3
13 39
15 416
5 25
1 3
1 2
9 5880
1 46
2 1308
1 2
3 9
3 336
1 6
1 23
5 150
6 7957
2 2
2 6
16 4617
19 1178
10 2456
1 294
10 10
1 45
1 278
1 4
1 13
5 5
7 7
28 5182
2 2
2 38
1 6
6 6
1 10
6 557
1 4160
18 698
5 10
2 6
4 23544
5 440
2 2
5 285
7 77
2 240
18 32997
2 2
1 3
2 6806
21 297757
13 4238
4 40
1 2
7 7
1 2
12 876
1 11
7 7
3 6
12 96
5 5
1 2
2 6
3 6
29 80
2 14
45 242
10 2376
5 1485
5 715
1 3
12 324
2 2
7 1841
6 138
18 54
9 19944
2 2
12 12
8 2456
4 2370
2 32
1 326
1 2
37 703
12 24
1 4
1 161
16 271
13 7410
1 15
1 297
1 333
2 50
3 15
1 170
10 20
1 587
8 2304
7 245
4 4
1 2
1 1044
1 12
5 5
14 294
7 3864
7 14
1 47
1 18
10 9490
13 23
12 192
10 80
5 5
4 256
1 3
16 3645
12 348
6 6
5 70
13 42
2 68
5 30
19 627
1 2
1 49
7 42
5 65
11 2828
8 72
1 6
2 24
2 548
1 2
2 2
1 7
5 430
1 18
1 1995
2 26
1 158
1 15
5 5
5 5
2 134
1 148
6 36
5 5
6 6960
8 63
21 185
12 168
5 55
1 3
20 22760
5 5
7 7
1 27
1 3
1 5
4 4
1 32
4 4
5 5
13 13
16 116
15 15
6 6
1 2
4 8
2 10
16 20
1 6
3 12
5 25
24 20940
1 2181
1 3
14 14
2 943
3 3
8 40
1 4
2 4
1 587
2 2
2 2
1 96
1 10
1 4821
2 1424
1 7
16 41
3 12
30 96
1 288
2 4
8 8
5 60
8 24
1 3
7 35
1 2
1 561
2 3534
1 13
2 2
1 12
2 1082
1 58
1 2
5 24
4 16
6 6
2 16
1 11
3 9
1 5
14 1640
7 7
2 34
1 39
11 551
12 12
2 6
1 41
18 5465
1 367
5 10
17 17
1 302
1 440
1 4
9 9
2 588
1 2
2 1776
2 2
8 32
1 13
1 62
3 3
1 2
5 805
15 1035
7 7
9 5796
2 2
1 27
1 838
3 6
1 4
7 1756
1 222
5 1755
4 24
10 100
7 70
7 49
2 124
12 12
2 3992
6 6
12 12
17 1493
9 121
12 1080
2 38
9 9
1 828
11 2052
11 297
1 6
6 1475
5 5
1 12
24 21367
2 4
2 38
9 18576
5 30
1 287
15 23057
1 18
15 25350
21 21
7 7
12 643
9 145
8 8
1 17
12 72
3 3
7 14
1 64
6 5304
1 3
2 12
2 2
1 10
3 3
5 5
2 4
1 404
5 5
3 9
2 16
12 84
4 92
5 5
2 32
10 281
7 4570
2 2
1 7
3 6
10 12
3 8
19 12945
17 425
1 588
15 258
1 2
1 5
14 8022
1 19
2 4
15 5481
4 16102
1 4
9 11
12 672
6 1722
5 15
35 12481
11 11
2 26
1 4
20 40
26 9785
2 68
19 1335
1 18
17 21964
1 7
23 12876
1 19
5 45
2 2
6 3528
2 6
11 22
1 259
6 6
1 3
15 7956
1 2
1 5
2 6
1 4
24 63
1 58
9 11
6 6
13 33
5 621
5 5
1 22
18 3718
2 2
17 253
3 3
3 174
12 2184
6 6
7 7
1 9
10 10
1 591
1 4169
12 276
6 6
2 2
6 6
15 78
1 6
21 474
7 21
21 21
7 98
2 4
2 2
1 3
8 6559
2 68
1 143
10 12
7 2002
2 18
1 3
1 296
1 2
1 2
6 30
32 3384
1 18
10 2834
4 2190
5 6240
1 5
1 5832
3 1854
1 62
5 25
1 5
11 11
2 2
1 46
11 372
15 54
14 308
5 10
7 133
6 6
3 9
1 3
1 49
7 14
12 12
5 25
2 104
35 106
17 131
1 312
3 3
1 3
22 46
95 2232
1 70
11 18
5 5
1 15
10 135
2 4
1 6
1 4
1 427
1 448
1 6
9 9
3 3
17 25902
4 24
1 4045
5 30
4 12
1 62
8 52
16 64
6 1317
2 2
7 84
1 15
1 4
1 1972
21 128174
1 2
1 2
11 32
1 1399
1 348
1 2
1 4
19 12448
3 3
1 72
8 8
9 18
1 3
6 9211
1 549
1 8181
10 11696
5 80
1 10
1 2
3 9
1 157
1 6
1 25
7 84
1 5
7 112
1 288
1 64
2 4
5 30
11 11
12 384
1 89
1 15
6 27
12 84
14 37008
1 4
1 587
15 1181
12 72
32 1911
1 1921
1 1594
3 6
1 3
3 9
1 4
12 72
1 2
3 459
1 4
5 105
18 189
8 2280
14 5028
5 5
1 230
60 1874
1 20
7 1764
12 36
6 6
5 10
31 72
5 10905
21 49034
2 100
12 37
5 5
6 62067
2 2
12 120
33 52626
1 31
2 59
5 105
1 10
12 2016
5 5
1 36
1 64
1 6
7 14
1 4
8 8
6 54
7 115
2 2
5 2935
3 9
3 1047
5 5
1 91
2 3664
4 8
4 36
6 6
4 256
2 12
1 577
2 2
7 7
3 8
12 12
2 4
5 5
1 203
7 7
10 218
3 6
3 21
3 3
1 19
2 2
2 2
1 810
1 3
6 6
2 2
17 84
4 16
5 10
1 6
3 3
4 12
7 7
14 56
1 29
16 19
1 5
17 48150
16 48
1 8
1 50
1 164
1 159
5 695
12 2064
2 2
2 84
5 5
5 12
2 16
9 9212
2 4
15 26624
15 15
1 2
4 160
21 21
20 48
2 6
5 40
2 80
1 14
3 6
4 4
9 9306
5 5
1 20
2 14
21 57
2 10
5 55
1 4
1 221
7 21
1 79
1 53
7 7
25 36
2 3998
2 4448
2 2
37 87
1 2
1 884
26 26
2 2
6 6
2 4
1 15
6 6
7 238
32 109
2 4
3 9
1 1995
9 245
2 8
18 1386
2 54
1 36
12 48
44 936
3 1764
1 17
7 14
7 21
1 27
1 506
3 9
7 6160
1 57
11 1230
18 106
3 12
20 60
2 284
3 26
3 18
2 2
2 2
7 7
13 52
4 528
27 42
17 170
1 57
3 6
1 4
1 4
9 238
1 8
7 8
20 20
19 9273
2 136
2 4
16 79
1 2
2 10
1 42
5 85730
7 7
1 2
2 2
2 2
40 412
1 9
103 12576
30 7865
2 610
5 35
5 165
2 4
1 14
9 9
23 27
3 3
16 7040
18 145
2 2
5 1745
7 7
3 393
10 142
1 90
5 5
1 6
5 15
10 58
1 6
2 584
5 50
2 48
7 114
40 1980
1 292
1 6
1 592
5 25
6 120
1 7
7 7
7 35
15 311
1 2
2 4
1 2230
7 7
5 23720
45 4239
6 24
1 5
13 13
4 6
7 4022
2 430
5 5
1 1374
2 6
1 2
6 18
5 30
2 2
1 6
1 44
21 46027
7 147
6 14
3 9
10 20928
12 84
1 18
3 3
1 19
1 72
7 1988
2 2
8 28
1 7
1 2
12 828
2 12
2 8
7 14
1 19
12 72
6 6
1 552
2 2
5 2885
1 5
1 1690
3 10
3 9
7 14
9 106560
12 892
4 4
1 38
7 28
1 287
6 90
1 8
1 577
8 11
2 6
5 135
7 2023
1 16
1 14
5 10
12 276
7 7
6 6
1 347
2 2
5 2930
6 84
1 2
9 24
5 5
6 6
1 1503
1 269
1 4
1 10
2 4
5 1515
2 2
5 12803
10 1250
5 5
19 3166
1 264
1 794
40 1715
1 23
1 95
1 1276
1 4
4 56
1 2600
3 12
3 36
2 12
1 6
5 880
5 5
7 7
1 654
10 76
6 6
1 22
2 4
67 1658
1 29
1 24
4 4
1 25
12 10915
2 10
10 1024
24 13614
7 7
2 2
1 4
19 31957
7 3584
2 1884
1 3
4 4
1 3
1 859
1 276
1 159
3 6
7 7
6 102
1 2002
14 14
2 22
5 20
2 56
1 3
3 15
8 8
15 9086
7 1869
12 24
2 6
6 7
5 5
1 7
2 52
6 6
12 80
7 7
1 33
4 13823
3 3
5 5
1 13
1 4
5 10
13 149
2 2
7 2002
3 3
5 115
5 155
1 3
1 2
2 32
1 3
7 7
9 2421
2 4
2 2
6 26004
17 28
12 84
2 2
6 1716
20 28
1 8
1 2
2 64
2 2
1 12
1 5
2 2
1 13
1 15
1 3
2 60
1 1503
2 12
5 47
3 7761
9 9
1 85
5 195
2 8
1 2
1 10
1 35
21 1448
5 5
1 2
2 2
16 80
1 11
12 576
5 25
5 7335
14 1770
16 19842
5 45
35 1993
7 6594
2 5640
7 35
1 3
10 35684
1 10
2 4
1 255
4 4
1 223
2 2
10 1506
1 4
1 6
15 60
2 66
1 2008
2 2
18 35866
1 286
3 21
2 10
1 6
1 1168
8 1346
5 20
6 35
5 15
1 11
22 1528
7 49
1 11
4 52
16 51
13 65
1 8
11 11
33 166
3 3
15 15
74 89317
4 8
7 105
6 6
1 4
1 7851
1 292
1 2535
15 7110
4 228
6 4602
2 2
1 3
1 11
2 2
9 6939
1 14
1 49
5 5
1 260
3 3
5 5
3 6
3 3
12 12
2 3998
2 2
7 714
1 351
2 28
1 3
1 2
1 2465
1 1012
5 10
36 16165
2 6
2 2
6 6
1 847
7 7
1 588
6 342
19 43
1 2
1 11
1 30
12 12
1 16
2 2
1 15
1 14
7 14
1 4
7 70
15 63
1 9777
9 11
15 1390
1 5
4 4
2 86
1 1342
1 45
14 14
10 448
1 643
10 84
7 14
2 2634
1 6
1 62
5 2935
3 3
1 286
1 11
1 6
8 8
1 3
2 2
1 3
4 22
7 7
18 226
1 6
2 128
4 4
2 6
16 352
1 376
1 1805
2 2
5 15
1 8
1 584
10 8390
28 164
7 742
2 16
7 9555
1 2
1 4
16 589
18 610
1 62
2 4
17 6765
2 32
2 8
1 2
7 7
3 144
7 2492
5 10
31 39
1 4
1 5
2 2
7 14
1 2
1 35
2 2
39 20769
1 64
5 1770
5 200
3 3
20 23
6 3510
1 2
1 899
1 700
1 20
1 12
1 2045
1 2
2 6
3 15
6 17
12 60
1 7
15 3482
3 1647
2 3
1 1971
1 100
14 14
14 41
14 43
2 2
7 56
6 12
12 868
2 106
2 144
1 3
14 14
20 103793
8 8
1 5
3 12
1 52
11 3938
2 2
1 3
9 224
1 2
3 3
1 4
1 14
3 1362
1 301
44 939
1 2
2 4
6 7722
2 2
18 2142
2 4
1 1524
2 8
6 18
1 461
6 6
19 19
33 30911
1 4
7 7
9 520
1 6
2 4
1 3
3 4
1 32
8 726
5 110
3 6
1 4
1 23
1 8
1 1399
3 9
15 68526
1 395
34 294
10 30
3 1872
1 6
2 2
5 25
5 10
2 18
27 53
1 12
7 42
1 3
1 11
1 5
5 20
1 3
16 390
2 1498
7 2737
3 3
1 3
1 582
12 24
17 73
13 13
2 2
1 8
13 39
1 2041
4 988
1 591
1 11
1 2
2 6
5 15
1 14
1 283
1 296
3 3
19 38
1 7
4 12
7 7
4 12
1 2764
1 16
2 2
2 32
6 20
20 5824
1 51
1 3
22 66
1 9
12 2201
9 27
13 13
1 297
1 2
3 3
5 6645
5 74
18 1432
6 5040
32 438
5 14
1 6
12 84
1 149
7 56
1 117461
2 2
19 23010
1 7
9 53
14 28
5 10
1 2
5 30
5 30
9 54
3 3
2 6
2 1114
1 3
5 1315
5 15
17 29
19 351
1 62
2 4
2 2
7 7
5 95
6 28
1 19
1 908
11 11
1 80
12 12
1 3
1 50
1 94
5 5
28 42450
5 5
3 6
11 17
14 14
1 33
1 6
3 3
5 5
1 3
2 2
1 2
2 6
36 848
23 37
5 21090
2 4
9 9
18 18
11 29
6 22
5 5
1 2
1 1317
7 10731
1 297
7 112
2 9312
1 14
1 300
10 60
1 35
5 5
2 42
2 2
13 13
1 9
5 40
7 14
1 2012
5 10
1 62
11 17
1 62
2 2
6 168
6 1475
1 13
2 8
4 76
1 3
29 11426
2 1164
2 2
7 14
1 292
8 11
1 5
12 876
1 32
1 2
1 22
4 132
9 2415
2 2
8 8
8 76
1 25
2 2
11 28721
5 5
2 10
1 27
7 42
1 15
1 2
13 247
14 14
1 287
11 39379
1 64
5 20
9 27
24 4486
9 9
21 63
2 26
1 1124
3 10
37 1744
2 2
6 30
1 392
8 1020
5 20
2 18282
9 37
1 25
1 6
1 287
1 7
1 289
1 328
12 36
5 120
1 732
1 62
1 15
1 492
1 2
1 371
1 42
7 21
2 2
2 2
2 6
14 14
1 7
2 2
16 24
2 2232
8 40
3 14
2 10
2 6
1 20
2 4
2 2
1 17
13 13
2 2
12 348
1 2
3 6
5 5
1 553
3 9
1 2
6 51
5 5
5 15
1 5
1 1999
2 2
2 6
1 6
1 24
3 3
29 29
3 3
12 84
3 3
6 24
14 36
1 2
1 2228
1 57
5 1455
12 468
1 8
2 6
5 26805
7 56
5 15
3 36
13 78
1 2
6 36
7 175
1 5945
12 60
3 3
1 292
12 132
6 12
7 224
2 16
30 1401
7 49
28 37
2 14
1 2088
3 867
4 5
2 2
15 144
26 67
2 86
26 52
8 16
3 6
7 10927
6 1475
42 7741
8 630
1 44
30 63
5 10040
1 30
6 6
1 73
1 8
6 10
12 36
3 3
16 169
13 13
3 15
8 16
2 222
17 8835
5 5
2 10
21 420
5 5
8 8
10 20
10 10
13 13
6 6
39 76
35 106
2 24
2 28
1 14
7 33
1 3
1 68
1 2
19 11626
7 7
7 7
2 2
7 381
2 3056
1 2
1 3
1 281
2 2
3 3
5 70
2 415
6 9461
4 4
17 4862
2 2
36 36
1 64
19 4779
3 3
5 5
3 3
1 4
1 3
1 5
9 9
2 548
2 28
5 325
12 72
3 3
96 217
12 168
13 1064
1 292
1 3
3 3
1 10
6 18
12 600
10 100
2 4
4 4
1 32
1 281
29 66895
1 142
1 22
2 2
16 4316
3 6
3 201
6 24
1 288
7 170
3 6006
1 293
4 4
1 1769
5 1440
13 312
4 4
1 9
1 128
28 1634
6 54
2 22
1 5
2 98
1 11
1 34
1 147
5 12
10 318
12 852
1 2
2 52
1 98
12 72
2 1286
1 3
3 3
7 7
1 3
1 63
1 4
2 6
10 45
2 2
1 10
12 180
1 5
1 81
1 3
10 3608
12 168
2 10
19 155
1 16
1 2
28 196
4 36564
1 2
1 24
1 407
7 7
2 2
1 26
1 2640
12 216
1 32
1 35
1 17
12 12
15 631
1 10037
1 441
2 2
1 2
1 1996
1 3
16 108
1 76
11 11
1 29
5 5
12 84
5 65
8 8
5 30
2 4417
5 20
1 12
2 73
69 525411
65 132
5 5
5 30
2 34
1 15
1 3
7 63
3 3
5 25
1 3
6 36
3 39
2 8338
15 217
8 8
1 9
10 10
6 12
16 32
3 3
26 1272
8 11070
12 12
1 147
1 16
5 170
5 1435
7 14
6 73
1 13
5 100
18 5292
1 4
9 99
7 84
3 3
1 2
1 8
5 2625
1 17
4 4
3 9
32 17389
5 2980
2 2
1 231
1 5
15 15
8 4198
2 2
5 10
21 294
2 77
2 10
1 553
10 540
6 42
15 255
12 156
1 2
1 6
1 114
8 40
1 2
1 7851
1 2
66 122
1 3
2 4
1 95
2 1982
15 209
1 17146
1 1528
1 14
7 145
1 7
3 4
7 70
1 574
1 949
6 6
14 14
9 9
4 4
14 13160
2 20
15 16
17 163
1 9
23 82
1 147
14 2614
2 4148
2 2
1 21
16 686
2 2
1 2
23 22473
2 6
1 7
14 4018
18 2430
1 23
6 30
14 394
1 1525
2 6
2 2
3 9
29 29
12 84
1 2
13 13
13 212
12 12
2 40
1 943
4 9800
5 10
5 10
10 15
1 62
2 2
1 3
5 10
1 297
1 2
12 852
1 7
1 1603
1 1723
5 15
26 1104
1 5
2 2
1 474
1 18
2 10
5 5
12 2205
5 3715
1 376
2 8
2 2
8 56738
5 5
2 2
7 28
1 3
12 1164
6 6
2 10
5 5
6 21
1 95
9 1157
13 13
7 7
4 24
3 6
2 2
1 16
6 12
10 106
2 56
1 537
1 5
2 102
1 2
1 5
10 20
1 2
5 95
5 25
16 19600
1 6
2 30
9 29
2 77
8 40
2 8
2 8386
11 1799
1 19
3 63
5 12325
5 295
2 56
2 2
1 2
17 51
2 8
7 56
2 270
3 3
24 24134
5 70
1 15
4 1760
3 3
1 8
38 36969
26 255708
3 3
39 1312
5 130
3 3
14 56
3 3
16 22887
1 45
6 8
2 160
1 6526
2 2
32 1227
1 1050
1 2
1 2
1 60
2 2
3 3
1 1417
9 1838
1 5
2 2
1 2
1 5
7 7
13 310
37 125
2 2
9 7735
1 288
5 70
5 45
5 2960
7 7
59 890
36 1040
2 2
2 2
13 37243
1 2074
12 324
1 895
1 2074
1 1293
1 2
10 380
4 4
10 19
1 2
3 9
5 320
2 4
4 4
1 15
6 18
1 14
2 2
2 1816
6 3438
1 105
7 25860
3 186
3 123
7 63
7 14
1 1485
19 18558
2 10
1 19
1 580
29 73845
7 750
12 1080
29 7315
7 7
5 10
12 516
1 13
1 2
7 4067
1 1842
30 60
1 20
1 596
12 36
12 60
2 2
1 264
2 602
3 30
2 2
2 4
6 9
7 7
2 10
2 772
2 4
9 203
12 12
1 3
2 85
1 72
3 3
1 121
1 2
10 19
7 6622
1 1256
1 573
25 65
12 36
7 822227
3 3
2 2
5 91
15 15797
7 28
12 48
2 8
1 2
4 1239
1 55
2 2
9 1022
2 2
3 3
2 2
11 326
6 9
1 5
5 95
1 5
1 17
1 8
5 15
2 2
5 25
9 18
17 378
1 2
6 6
2 2
5 505
1 2
5 5
1 286
1 5
7 21
2 8
12 286
9 4842
6 60
1 10
2 18
8 9467
1 2
2 8
7 1967
14 15
2 4
2 2
3 5
16 23
5 60
2 210
1 33
12 12
1 8
9 144
13 301
15 2592
1 15
1 2
1 2
3 3
5 10
7 4021
1 37
11 220
1 2
7 7
7 21
2 34
1 2
2 232
14 816
1 6
1 937
12 13008
3 9
14 816
7 28
3 636
7 13986
1 4
1 15
1 110
1 62
2 2
1 335
6 6
7 21
24 3680
1 6
8 2152
1 16
1 16
9 189
6 12
1 64
31 40
15 34
9 153
10 8836
1 362
7 15267
2 2
1 4469
3 3
6 6
1 4169
1 942
9 39087
7 35
2 6
2 2
1 1723
22 275
1 5
1 4
12 216
1 4045
8 558
1 288
14 185
2 8
2 2
6 126
20 1353
2 12
2 2
1 2
1 9632
1 101
8 8
1 76
20 20
1 16
12 96
1 268
2 2
1 23
13 13
5 5
8 48
35 38831
1 2
3 906
9 117
7 7
4 32
1 1019
2 680
10 50
7 6594
4 4
5 70
1 3
5 145
3 6
6 6
1 4
3 6
1 376
1 2
2 26
3 15
3 3
3 5301
6 12
14 3129
2 2
5 7
4 20
10 18
1 32
1 2670
1 43
1 1603
19 1174
38 73
1 4
2 4
39 76
1 156
3 26
6 30
7 133
12 24
20 72
2 2
3 15
5 320
42 701
1 7
5 2005
12 588
1 5
2 2
10 946
1 87
8 383
16 4592
2 36
1 275
1 2
7 350
17 1969637
1 7
51 14399
2 20
20 60
1 19
1 5
1 2
1 1723
2 586
3 3
20 28364
1 64
1 3
1 2
1 13
5 20
5 5
5 5
10 67146
1 34
6 24
1 2
6 7
1 15
1 269
2 2
2 2
37 3232
6 102
7 21
1 2
1 22
3 9
1 8
1 291
1 595
1 46
1 154
1 3
12 204
2 6
7 98
2 4
2 10
40 243
20 64586
1 34
2 2
1 53
16 3528
8 90
10 10
1 27
20 155
1 269
5 7320
6 289
1 22
5 5
4 4
15 272
12 3146
1 2
5 24360
1 5
2 2
1 690
1 11
2 8
9 10903
1 575
5 30
7 16
1 12
6 1130
2 2
1 65
15 12301
1 6
1 10
1 13
67 1943
1 2
9 117
7 196
1 3
3 6
18 18
1 3858
6 328
5 1745
8 28
10 30
7 126
23 13432
1 5
2 4
1 2
2 42
1 579
20 2292
1 2
1 6720
15 6495
1 351
2 4
21 15362
20 118
1 3
2 4
3 3
1 17
26 245
1 296
3 3
3 3
9 17676
12 3612
1 4
5 20
2 4
1 7
6 204
2 36
1 77
12 120
2 8
1 5
9 81
2 2
9 117
6 30
21 1486
12 24
1 4
11 11
2 2
10 50
1 64
1 2
4 4
15 17
8 8
10 30
2 6
1 8282
1 10
2 2
1 1604
1 93
9 27
2 4
9 9
1 16
2 7
8 3542
1 2004
3 3
2 2
7 112
1 222
2 2
17 581
10 31
2 30
29 95
1 6
3 3
2 2
3 9
10 54
26 212
12 96
10 2850
5 8660
1 26
5 1275
1 4
5 200
1 277
3 3
5 20
1 3
3 558
1 2
4 52
5 4695
13 9490
5 52
1 1742
1 30
10 1132
23 147
4 4
1 287
1 16
16 195
10 104
1 5
17 347
3 12
11 975
1 20
1 4
7 343
1 8
16 19
2 2
1 4
7 6984
1 294
12 24
14 28
1 8
3 3
5 65
1 275
5 8
5 335
2 690
5 5
8 16
6 18
7 243
1 867
2 2
5 1465
38 5543
15 1234
1 64
1 239
12 6996
1 14
16 21040
14 14
15 390
1 32
1 292
8 66
1 2
1 2
1 12
10 204
7 11830
2 2
1 17
12 48
1 184
1 3
2 594
37 11632
17 68
4 939688
1 882
2 2
32 20817
18 699
11 44
20 20
2 16
5 660
40 226
1 1533
9 55
9 17676
5 5
1 24
2 18
2 16
2 2
6 9
2 2
25 82
2 44
8 600
3 3
1 7
2 54
26 8358
9 10
1 2
1 2
3 18
2 6
7 2009
6 12
2 2
1 7
2 6056
7 2604
1 7
1 2
3 3
14 14
9 483
1 6
1 3
6 8802
11 365
15 33
6 13
1 1195
7 21
7 21
6 6
12 60
1 67
5 116
6 36
1 2
1 29
31 8837
5 5
5 5
2 116
2 2
1 44
2 2
3 32
7 8382
8 1568
2 2
7 14
44 979
1 1951
7 7
1 12
2 2
26 84
10 180
9 18
59 97
1 15
2 550
1 3
1 10
11 356
1 2
1 136
5 281
2 46
28 258
1 12
1 27
7 49
1 25
3 6
11 11
12 876
4 4
2 12
3 3
2 460
16 159
2 18
1 3
1 3
6 18
1 10
25 25
12 36
20 220
2 16
7 245
10 2494
5 165
6 56
23 29
17 5015
5 5
4 124
5 30
5 21020
21 273
2 4020
40 507
18 18
7 889
10 74
2 2
1 5
1 2
2 130
2 8
5 5
1 3
1 11
6 6
5 7530
5 35
1 2
7 14
1 4
7 140
19 527
4 4457
3 3
5 25
1 3
2 26
1 8
20 34942
7 217
2 2
3 58
5 5
12 456
1 53
16 48
7 9618
7 7
9 10
11 155
12 24
5 170
1 8
16 16
2 10
4 4
9 9
2 266
4 108
3 12
1 47
5 135
1 97
7 49
1 19
8 8
1 14
35 1211
2 6
1 396
1 16
1 4
3 45
10 300
7 469
5 10
2 46
7 7
5 5
9 18
1 2
1 2
5 75
5 579320
2 24
10 285
1 3
5 5
5 5
1 14
14 14
3 3
1 18
1 21746
6 240
1 15
7 9051
11 143
1 2
6 6
10 71
1 2
2 2
1 59
5 5
2 16
7 8350
2 18
1 297
2 2
10 10
6 9975
5 5
2 6
2 4
12 512
5 5880
1 1767
18 18
1 2
12 120
2 12
15 1866
15 15
10 14670
20 172
1 90
1 76
21 21
1 8
2 2
5 15
1 3
1 656
4 4
3 1255
7 14
5 55
1 2524
7 6174
6 1475
1 2
1 3
16 32
1 4
1 44
1 5
6 30
1 1417
1 31
10 46
1 16
6 9
9 288
6 5304
12 12
6 13
1 7
2 257
1 4
2 18
2 2
2 2
5 6280
12 2316
5 33860
11 22
13 182
7 4025
2 576
12 96
4 136
6 7054
2 62
9 70
1 2
21 11580
5 70
7 10297
34 75
6 5670
7 7
14 14
8 8
17 3839
3 5988
1 6
8 5720
5 5
11 86
1 4779
3 3
1 4
5 95
1 5
3 3
19 4305
37 8655
1 2276
15 3575
1 4
1 877
5 5
5 10
6 12
2 2
2 6
1 132
2 2
2 666
9 9
16 1033
2 12
2 6
1 302
2 2
6 2897
1 297
1 5
16 48
5 5
2 114
5 10
4 5261
5 160
13 13
19 67
67 8765
2 4
42 99
1 3
2 76
7 7
2 2
7 49
1 523
1 12
11 36
3 3
6 342
2 8
9 27
14 14
1 4
7 115
6 1475
7 7
14 3990
10 40
1 94
3 3
17 349
11 146
3 855
4 24
2 10
2 2
2 2
1 59
1 304
1 2
33 2407
1 11
2 22
17 389
3 5985
1 2
1 347
7 7
22 44
3 39
7 21
10 11696
22 2523
13 39
1 8
1 10
1 7
6 12
15 87
1 3
5 2460
1 7
7 4319
1 1082
3 138
2 14
2 2
1 1579
7 7
7 9
7 14
1 2
1 26
7 15737
5 2920
1 2
1 302
15 20610
13 208
5 5
39 380
1 5
7 14
14 14
1 16
11 1016
1 8
1 587
15 225
6 9594
2 10
12 39
1 35
2 6
10 90
5 3325
5 10
4 8864
14 6566
5 25
5 5
9 9
2 2
22 22
2 22
12 1164
5 5
1 1971
5 5
1 5
10 130
1 176
1 19
1 55
2 2
1 2
2 2
1 106
5 5
42 417
1 23
1 7
5 170
1 9
24 140
1 2
1 3
1 38
1 6
1 10
1 44
1 64
2 766
13 12337
3 6
4 116
1 3
2 2
2 8
2 652
5 5
1 2
14 14
13 104
7 7735
1 1767
2 20
7 105
12 1247
1 286
5 135
1 5
1 53
5 5
5 4335
2 2
21 35
3 3
10 99
3 6
1 64
5 5
1 9
5 40
9 198
5 5
12 48
2 8
6 6
12 36
6 84
1 72
1 296
1 14
1 2
1 285
6 24
2 2
1 2
2 6
6 6
2 34
15 4350
3 18
7 10290
1 12
6 4920
1 6
13 13
5 130
2 2
2 14
1 5
2 2
1 5
4 109
2 1274
27 25024
6 180
1 17
2 8
6 408
6 3528
2 4082
1 4307
13 9800
2 2
5 5
32 10103
1 307
1 328
5 10
3 3
3 878
12 420
17 569311
2 2
1 2
1 2
1 42
7 2247
1 34
6 6
1 1563
1 6
2 68
1 2
1 1787
2 2
1 48
33 8744
20 352
1 308
2 2
3 1788
1 9
5 75
4 1019
14 12348
1 40
18 2032
8 77
7 98
3 3
1 3
2 128
16 32
1 57
5 5
2 7
12 468
2 16
3 3
4 76
12 48
2 2
2 10
24 8251
1 596
16 569
1 6
1 2
13 260
1 551593
1 13
4 20
4 13560
5 60
35 2174
2 1640
10 7014
5 530
1 14
26 26
1 3
1 3
1 3
1 3865
12 12
5 785
17 258
17 7090
2 18
1 3
5 15
3 6
12 12
7 21
1 43
6 12
9 135
2 4
2 12
1 20
5 2865
9 9
1 2
5 55
2 2
8 40
6 6
1 7
1 35
1 248
14 1058
1 6
1 1292
11 11
41 39200
9 17
2 18
1 1236
3 3
7 14
1 1602
3 12
5 1380
1 588
1 882
1 267
12 12
7 7
16 16
1 883
1 312
3 8
2 2
1 11
7 7
8 8
4 10008
1 40
1 25
21 112
5 5
4 2872
2 2
2 26
1 286
12 12
7 21
1 7
14 14
1 3
1 6
1 3
1 8
5 3650
1 9
1 2
1 125
1 15
1 14
12 24
2 8
1 4
2 4
4 116
1 3
2 14
1 12
5 5
4 4
7 341
5 35
6 1860
5 55
5 705
6 12
12 12
1 3
1 3
5 20
1 11230
8 90
2 68
3 3
15 95
1 12
12 96
9 266
1 9
1 292
4 12
3 3
7 6076
16 57
2 34
5 7375
1 11
2 48
1 278
1 289
7 269258
1 3
2 1454
1 264
9 4812
1 6
3 6
6 3528
1 28
5 1855
1 31
5 5
2 8
1 25
7 14
5 6
25 207
6 17
5 1430
10 7868
7 7
1 2
12 84
2 40
4 4
1 588
8 26
1 27
1 38
1 8
3 3
1 19
2 4
3 5295
1 115
2 8
1 9
6 27
1 7
6 106
1 7
20 20
1 2
1 968
9 9
6 1890
20 1069
1 2
12 36
4 192
6 6
1 2
12 36
1 58
1 286
15 15
1 182
34 1863
7 21
2 6
6 384
5 30
14 28
5 5
2 44
1 7
2 6
1 4
12 249
1 3
34 11981
4 26
4 4
12 8000
2 6
7 1274
1 5
6 344
1 16
15 15
1 4
1 80
7 98
7 7
14 43
1 4
5 15
1 882
1 5
7 35
11 11
4 20
2 28
1 1997
7 2863
1 3
12 840
2 366
2 59
1 2
1 62
4 4
1 3
1 105
2 2
7 7
1 2
1 44
2 2
1 16
1 885
15 60
2 2
1 14
23 23
14 14
1 2
1 2
2 28
4 66
2 250
2 4
6 208
1 9
3 3
42 387
7 77
1 2
6 160
4 4
1 739
2 2
3 9
7 125
1 5
2 208
1 4
2 14
9 288
1 2
1 2054
5 30
8 150
10 20
1 307
1 573
25 1432
5 50
2 96
6 6
1 14
24 58
11 767
2 2
13 13
5 25
1 14
1 20
1 4
4 3672
4 6012
1 2
1 65
2 230
7 7
1 288
2 8
2 6
1 288
2 14
5 15
26 26
2 2
42 2026
4 1870
1 14
1 10
12 48
2 1696
1 4
18 18434
2 6
3 3
1 34
4 127
14 140
28 35
1 304
2 574
2 6
2 4
7 203
1 5467
8 112
7 210
2 4
1 6
2 2
1 7
18 18
12 96
1 3
7 29234
1 5
24 1680
3 3
15 52
83 51733
5 5
2 2
1 592
1 2
5 25
7 105
1 12
1 93
14 98
2 4
2 2
1 7
1 62
1 5
2 720
31 14488
1 2
2 26
1 299
11 1879
7 14
1 944
51 352
7 126
2 2
1 55
1 4
32 31185
1 286
2 2
1 277
1 6718
15 480
1 82
5 15
2 2
1 1523
1 332
2 32
12 108
5 20
1 3
2 2
1 12
2 67
4 2516
9 1935
1 87
1 2
6 21
2 4
5 65
1 44
5 27220
2 2
1 3
5 55
1 4
2 4
7 21
2 2
5 15
2 2
6 6
12 24
5 10
1 1995
2 38
10 240
4 4
1 7
2 203
7 5717
1 4167
1 9
13 1917
16 4608
1 49
1 422
83 11201
1 2
12 228
7 133
2 10
3 60
1 3
3 39
1 2484
1 13
2 26
5 2120
15 1395
1 2479
1 32
2 2
5 70
1 14
3 24
23 23
2 1012
15 15
2 8
2 2
5 895
5 15
5 5
8 48
3 9
3 39
5 5
14 121
26 442
1 297
1 4
20 199
21 4074
2 1212
5 4425
7 42
3 3
14 18
1 1996
1 2
15 30
1 12
2 2
1 89
2 48
11 7956
11 6804
2 4
1 1541
2 46
1 2
2 2
1 2013
18 50
1 1725
23 370188
2 12
1 64
2 10
12 396
1 2
1 30
7 98
1 5
2 62
2 6
10 366
12 48
1 2502
2 2
10 10
5 280
1 1767
1 5
1 9767
1 7
1 2
3 42
7 811027
1 9
54 1828
5 75
1 4
3 3
1 289
5 30
13 14391
10 15
2 2
1 2
2 2
1 27
1 19
8 1194
5 5
1 5
16 54
1 33
4 2712
18 174
1 27
2 6
2 2
25 40
1 35
14 14
7 1242
9 27663
13 13
1 7
5 5
1 4
1 297
10 24
1 5
7 35
6 6
1 10
7 28
7 231
2 22
7 126
24 5572
1 20
1 3
17 404
12 276
1 95
2 2586
10 10
30 239
3 57
1 2
3 9
10 208
2 8
4 4
1 3
35 242
8 152
1 3
2 20
2 4039
1 14
9 45
1 2
2 384
1 13
1 582
1 161
1 9
2 2100
2 2
2 2
1 115861
12 12
20 5997
9 9
1 947
12 120
1 9
1 2
1 5
2 7
7 14
1 3
2 36
2 8
1 4
1 2
16 80
2 1764
1 2
19 1156
1 14
3 3
1 4
3 6
5 42
3 15
1 4
2 34
13 14
5 5
1 588
10 10
3 3
7 13598
1 570
5 5
1 2082
7 140
1 107
8 875
5 30
31 42916
1 13
1 9
2 4
8 3685
1 18
7 28
1 552
15 30
15 208
1 3
2 2
6 156
1 267
2 1766
5 5
3 6
1 2
2 724
9 2655
1 144
15 684
1 2
12 408
1 41
2 14
1 1254
3 4086
4 25
30 30
3 3
2 38
2 4
7 84
1 2
1 117461
7 6580
2 588
1 3
2 10
2 12
2 102
2 2
7 7
2 2
2 2
7 392
7 308
1 58
37 46
2 2
8 14
2 2
5 5
15 15
1 2
1 700
4 20
49 1031
1 3
32 1725
1 37
2 2
2 4
1 42
1 25
1 36
4 3836
12 108
2 10
1 10
3 3
1 4375
1 2
7 35
10 6505
5 6460
1 2
1 5
17 82
17 1666
4 448
7 7
2 2
5 675
11 49
3 6
5 10
2 2
6 6
1 6
1 4874
2 4
1 7
15 1470
9 9
12 60
2 2
1 19
5 5
12 3036
1 19
2 14
1 1350
5 5
7 14
2 2
1 681
1 3
2 12
1 294
9 36
1 76
7 25
2 1144
1 14
1 8
1 2
6 6
8 8
1 3
10 552
1 2
8 8
1 14
2 2
4 6179
1 3
1 8
1 34
2 12
2 2
3 3
2 2796
1 7
1 2301
6 1092
7 154
11 4887
4 24
7 7
14 19
12 72
2 4
2 64
31 58968
4 6250
5 80
1 351
1 65
1 6
10 141
2 12
1 16
10 32
12 156
2 2
6 1776
12 24
6 46
1 301
13 16
1 991
3 3
1 43
5 25
13 39
1 2
5 9995
3 6
7 3906
3 6681
2 86
1 156
5 4630
10 100
2 6
19 44
12 226
5 5
2 6
6 6
13 390
3 3
2 78
1 9
3 36
1 24
5 30
1 5
4 4
5 20
20 60
1 2
1 10
13 3731
3 26
2 22
2 32
12 84
15 44
1 3
1 2010
7 562
1 2
8 70
7 46
1 327
11 41607
7 7
3 72
1 4
1 295
2 2
1 291
1 5
11 12287
10 60
11 22
16 17187
1 390
5 3000
1 6
11 858
2 10
40 2413
10 10
1 4
9 27
2 18
1 297
5 19815
1 267
2 6
8 21
1 5
1 2
4 12
6 6
23 211
7 28
2 2
1 5
1 2
1 7
12 12
1 284
2 2
2 2
2 14
1 15
7 938
1 2
16 48
1 64
39 413385
7 7
1 5870
5 1550
11 11
4 140
1 293
3 3
6 1602
15 32317
12 12
5 10
1 252
5 5
1 6
11 20
1 283
2 4
5 5
1 4073
1 4
3 132
14 1232
1 618
1 5
17 11420
9 26
67 1075
1 34
1 437
1 32
1 6
6 37
1 3904
6 6
7 7
2 38
1 4
13 130
2 4
17 17
1 16
31 57
3 3
13 56
1 5
1 877
1 303
1 9
15 54
1 82
10 244
1 4112
19 495
1 2
1 5
9 320
1 23
12 48
27 20568
5 1745
7 125
4 3064
3 3208
5 45
1 1486
13 13
2 8
2 58
12 12
1 389
2 1754
2 2
5 40
1 3
7 7
1 100
3 94
12 15201
17 309
13 39
7 3926419
16 594
5 15
2 8
24 924
1 10
5 50
1 9
2 1106
2 4
1 301
2 4
1 29
10 66
14 6865
1 10
2 2
1 2
7 280
4 4
30 1087
8 88
2 6
1 1999
2 2
1 45
7 14
2 199
5 5
1 64
1 1948
1 33
2 4
1 2
3 825
5 5
3 3
3 3
13 17069
1 3
19 7993
3 30
3 6
3 3
10 45600
4 20
9 53
40 2492
1 29
7 259
9 9
1 7
1 2
1 3
1 2
2 114
1 24
1 2
6 146
6 36
12 1026
1 3
1 2
3 3
2 574
7 28
7 133
1 2
12 12
16 16
1 9633
1 9
11 16601
7 105
5 1495
2 128
9 259
2 2
1 145
1 92
14 14
5 170
15 90
2 2
10 24
2 12
1 6
7 7
2 28
13 1949
12 84
1 128
3 3
13 26
5 5
1 22
1 49
12 504
6 18
20 553
20 587
1 12
72 90
5 65
1 2
2 2
1 4
1 331
3 18
17 464
2 2
6 5286
1 2
5 7445
1 9645
3 1494
6 7
2 4
23 115
6 16
1 30
3 3
14 1943
1 3
1 25
11 3784
1 16
3 3
1 68
12 156
1 2
6 18
5 9795
6 12
24 6457
1 2
2 2
12 72
3 6
21 517
6 2916
11 26853
2 6
1 8
3 66
1 289
2 38
12 14
15 15
5 45
2 8
1 323
1 2
12 576
8 14
1 286
1 4469
1 142
9 5751
30 30
1 849
4 56
3 3
6 12
5 37
5 30
3 27
1 56
7 7
7 7
1 344
1 5
1 287
6 6
1 20
12 24
6 54
15 2820
1 9
15 8018
18 234
5 110
11 229
1 291
6 6
1 137
5 538
16 32
1 21
21 109325
20 32
2 8
26 168
4 8
5 53
1 427
1 11
5 5
2 12
4 4
7 483
1 968
1 4
18 166
2 3058
15 26
1 4
1 275
1 2
5 6245
1 11
3 3
6 49872
12 12
9 14
7 60
1 1531
6 3744
1 9
1 3
5 45
15 30
1 5
1 2
1 927
20 20
10 60
1 222
4 1600
15 15
5 1795
19 474
3 15
1 2
1 4
7 7
1 4
12 36
2 2
9 78408
6 24
1 6
1 4
1 7
1 3
1 17
4 8547
1 6
1 9
15 36
1 124
1 251
12 216
9 180
7 14
1 15
22 22
19 782
5 220
2 1176
5 5
5 90
9 9
3 192
15 40
13 78
7 70
14 28
14 14
1 289
1 947
3 16
2 40
1 3
12 12
2 6
10 20
2 1182
6 44
1 3
7 686
5 10
1 2
2 85
29 44
7 28
5 130
2 2
1 281
5 190
12 852
20 53
4 10
29 35
6 10
11 11
1 3403
2 6
21 17886
1 27
9 99
1 13
5 5
2 1174
1 1999
1 1995
9 99
2 6
1 939
1 939
2 26
1 29
5 60
2 12
2 584
1 287
29 16318
2 2
2 4
3 33
7 69
1 19
15 60
6 150
1 4
12 12
3 3
2 124
3 864
2 10
1 4600
8 24
21 21
2 434
5 5
19 4712
5 62
1 64
27 76
1 849
1 12
1 1708
1 549
2 2
1 2
3 9
19 341
5 1515
3 3
2 2
6 25
1 64
7 35
18 72
2 14
1 13
6 72
1 3
1 68
3 150
7 4060
6 161
1 968
4 16
1 10
3 87
38 1562
3 3
1 4
4 52
1 548
1 19
1 925
2 8
1 7
11 15
2 2
1 2
1 3
7 7
5 30
3 3
2 1898
47 1816
2 4
1 16
2 2
1 15
11 5472
1 4
2 98
1 19
5 10
8 16
1 882
15 3264
15 126
8 3724
5 5
3 3
2 8
5 320
1 3
1 17
3 3
11 11
3 3
4 1460
2 116
5 5
8 60
1 132
2 572
2 12
6 36
5 780
1 22
1 25
12 12
2 2
1 24
8 3734
13 53
19 25922
16 21
5 15
6 48
18 23062
14 108
19 34
6 36
5 5
2 2
11 162
1 9
7 28175
19 2970
1 72
5 5
2 2
14 829
18 143
18 18
12 468
4 4
2 48
1 585
2 48
1 75
1 585
12 852
1 2
16 9200
7 28
6 25
1 2
1 35
5 29725
15 22
1 21
2 602
6 24
1 5
5 929
1 11
12 237
1 2
1 4703
2 4
2 4
3 3
6 1092
2 574
1 588
1 100
25 257
2 2
14 17
7 56
19 19
7 28
1 91
1 30
6 6
16 1701
17 3817
5 475
2 2
30 30
5 340
1 7
7 30037
3 6
2 2
6 6
12 168
10 80
5 105
7 7
5 75
7 448
4 4
1 25
5 5
16 2465
4 4
3 6
19 9596
4 8
6 12
32 353
1 295
5 220
9 9
1 5
2 2
9 72
1 541
6 13221
1 302
1 299
7 42
2 26
2 2
2 3006
7 35
2 2
1 367
35 351
5 5
2 4
1 34
2 2
2 12
2 3446
12 1332
1 31
1 64
2 2
5 5470
1 35
6 6
7 35
1 926
4 4
2 4
2 2
2 2
4 8
1 421
7 14
2 2
21 185
2 10
1 35
1 41
7 7
4 12
16 81
7 7
10 8820
1 877
2 14
7 35
3 4
19 1178
1 408
1 3
1 6
2 4
2 14
3 3
1 371
1 3
5 27095
2 36
2 548
2 26
1 280
10 180
1 5
1 3795
6 6
7 14
1 2
5 35
7 7
1 46
1 328
10 10
3 102
14 28
7 336
6 3661
3 3
2 2
7 6265
2 1792
17 65
9 1316
3 9
1 6
10 10
28 203
2 2
1 4
9 390
2 2
1 344
1 2
12 12
1 11
3 3
7 21
11 515
33 229
1 7
1 5
1 3
2 2
1 2
1 5
19 57
5 570
15 15
2 36
1 2
20 20
1 553
1 22
16 158
2 2
1 10
10 22
14 1957
1 78
10 169
4 2292
4 201
4 4
1 18
1 304
1 10
2 32
1 8
2 2
1 58
3 4
1 686
1 288
12 36
1 2088
1 12
2 144
8 512
3 3
1 4167
5 80
3 3
1 4
1 946
6 300
16 63
8 5029
1 2
6 3176
2 8
12 5232
5 5
3 3
1 2
1 24
1 14
8 448
7 7
1 3
7 324
1 6
1 2
2 178
6 2832
19 6836
33 48
1 597
1 3
8 202
1 70
1 30
1 585
1 597
5 70
22 22
7 28
1 15
1 616
40 21563
12 12
19 132
1 287
6 11
12 168
12 12
5 25
15 30
1 556
6 38
6 6
1 5
12 72
6 11
1 44
2 2
5 70
22 52
12 576
1 1496
1 17
3 27
1 2
14 216
1 318
23 69
3 828
6 156
6 6
7 910
5 450
5 12625
1 2
15 511
1 9
5 15
2 4
2 524
12 36
13 3705
4 4
2 2
2 2
12 24
5 2910
7 441
1 3
26 33
42 19803
3 6039
1 263
1 3
1 10
4 7
1 10
1 10
26 174549
7 30590
1 3
1 6
5 5
2 12
3 18
1 20
1 8330
2 2
44 2183
5 25
33 456
1 942
5 20
7 91
3 3
2 42
20 7175
1 19
15 9942
2 59
5 15
2 104
1 2
1 2
1 16
7 15
1 3
3 9
1 3
1 5
3 9
55 154
1 286
15 37
1 291
1 5
1 11
5 5
5 40
6 9606
2 2
6 6
7 23
3 3
10 165
1 1690
5 30
1 169
24 8063
2 4
7 4116
5 1440
2 4
5 5
15 27
2 1520
1 939
5 670
8 105
13 143
12 24
10 396
2 238
2 2
1 11
1 45
1 4
5 795
2 12
1 4
1 33
13 13
1 2001
31 197
13 39
10 35
2 30
6 30
1 1600
6 344
1 49
26 38
3 4509
21 5520
6 6
10 84
1 3
2 4
6 9
1 347
2 10
1 295
10 17670
1 10
1 1614
1 2
1 327
10 10
7 14
1 24
10 34
2 2
2 2
7 2079
4 43
1 6
1 19
1 1266
1 304
2 702
1 11
7 4095
1 6
22 120
1 3
14 25
17 272
1 2
10 1682
19 38
7 448
1 3
1 5
30 674
17 3702
2 4
5 10
7 7
1 14
1 2
5 3590
1 40
1 29
10 240
2 2
2 2
19 6980
13 26
10 392
12 36
24 28377
11 3168
5 90
2 2
1 57
30 30
1 13
1 4
4 844
1 4
3 1752
7 633
8 8
11 629
1 2
1 2
6 12
5 10
1 286
3 18
3 9
5 420
3 3
7 49
2 2
1 15
5 35
1 471
4 1104
5 5
2 584
7 2254
2 2
6 9594
3 3
7 182
12 348
2 50
12 180
2 144
3 3
1 6
7 17
2 28
1 2
14 1367
2 10
8 8
2 12
1 1996
7 28
1 3
5 1745
12 108
3 3
3 3
5 310
19 435
1 64
3 3
2 2
1 940
1 18
1 286
1 67
74 134680
2 4
2 46
12 12
3 3
1 251
2 2
14 28
29 2065
12 84
7 21
26 212
1 404
5 65
1 28
3 6
1 2
3 2712
1 125
1 64
19 803
7 31
18 1443
5 15
13 65
1 18
5 75
1 558
3 6
5 5
5 10
2 48
7 1995
12 84
28 172
1 284
15 138
2 34
1 2
2 2
1 46
1 3
10 13042
1 44
4 68
3 3
1 288
1 13
2 2
1 22
13 429
1 326
5 5
14 42
3 3
7 18200
17 25
1 5
1 7
14 14
1 940
6 12
3 3
35 1219
1 3
3 33
2 30
2 4
7 84
2 60
1 302
3 51
2 82
8 70
5 60
2 1288
2 2
13 13
29 153
1 3
3 6
1 14
7 21
2 10
10 18
9 20
1 4
2 2
2 1836
2 14
1 3
5 690
5 15
12 60
2 10
2 5280
1 8
1 9
16 80
5 5
12 125
7 140
2 110
1 2587
6 8820
2 2
1 6
7 42
6 54
1 10893
1 287
4 44
2 2
2 24
2 2
7 105
12 12
1 4
1 56
1 34
7 7
7 7
2 2
2 2
1 289
1 2082
1 62
2 2
18 966
1 1329
2 20
12 108
1 201
1 70
13 13
3 3
9 48
1 13
7 406
10 15
2 4
1 35
1 2
10 49312
1 104
6 6
2 18
12 36
5 51
1 13
7 21
12 12
1 3
1 1293
5 320
8 8
12 3228
21 226
1 15
10 100
8 120
1 287
35 158784
12 156
5 5
1 2
5 645
5 5
25 69
1 289
5 10
1 2587
1 2
1 64
1 2
2 3840
2 16
2 2
1 2
1 3
7 92
7 448
3 1715
10 944
5 170
64 120
3 192
3 6
20 1866
27 54
5 10
1 2181
7 84
19 107
6 6
12 24
2 38
5 285
43 748
2 2
1 11
1 64
3 2631
5 290
4 4
1 272
1 10942
2 4
3 3
1 14
38 1140
1 34
4 44
8 48
29 107
1 3
4 12
1 3
8 16
1 4
1 2611
6 7
1 332
2 2
3 6
12 928
19 95
30 1005
10 20
1 2
5 5
11 66
2 2
8 8
5 5
29 208
1 7
1 1000
4 8
6 20
2 4
19 37624
2 8
21 27
12 276
1 33
1 290
1 1470
1 77
5 4590
2 4
18 10566
27 123
3 6
34 1622
1 5
2 6
5 70
2 4
2 80
1 157
376 1711
7 42
2 2
1 3
3 30
1 1822
2 2
1 2295
7 1841
8 868
1 37
3 3
1 4
1 147
1 15
19 1745
1 2
5 180
3 12
1 16
1 2
2 2
1 22
2 82
5 39255
12 1164
1 8
15 7502
8 8
3 1764
2 556
12 192
1 24
1 6
26 35
10 1610
1 4469
6 6
7 7
1 1294
1 8
2 620
1 3
1 6
7 14
6 6
3 1538
6 614
1 6
3 128
1 6
2 1886
1 4741
1 64
1 8
3 6
3 3
7 28
2 504
11 2430
1 2
1 68
1 25
8 8
1 5
13 39
2 2
1 4169
1 63
1 18
2 18
2 30
2 2
2 574
2 58
2 22
1 3
1 1524
11 1203
1 2
2 2
1 1213
4 4
5 155
5 17769
1 3
6 48
1 3
9 162
1 881
1 5
5 5
2 16
14 14
3 126
2 2
1 9
2 598
2 4
7 7
2 6
5 5
1 297
1 3
10 30
1 135
1 5
2 4
1 4
1 116
1 2
2 2
1 146
2 2
3 3
2 2
1 2
28 16841
12 36
1 3
7 15596
11 66
2 4
1 3
1 3
6 17
1 15
7 4109
3 3
2 4
1 15
2 3542
3 18
29 1980
5 9790
3 7506
1 867
2 4
3 9
1 33
14 711
7 112
1 8
3 3
1 22
2 22
1 2296
1 6
5 5
13 182
12 96
1 6
5 3695
1 152
1 232
21 6919
12 468
3 1379
1 285
8 2808
10 1560
1 885
3 9
2 112
22 48
20 12394
3 6
5 55
2 64
5 11080
26 2543
12 780
3 18
1 3
2 2
7 71
1 3
15 26
1 12
1 6
9 77
4 1489
5 6
1 185
9 11
2 2
1 328
12 12
1 5
5 5
7 7
20 2273
2 4
10 176
1 2
3 6
5 140
1 7
1 1040
1 289
1 2
4 2352
1 10
1 31
2 22
1 23
32 3114
7 7
7 13965
6 2454
32 490
1 6
4 4
1 10054
12 1205
27 1050
4 1148
14 14
9 216
5 5
13 136
1 7
1 307
3 27
1 3
1 14
1 36
1 588
3 18
5 10
1 39
5 30
1 17
5 5
1 2
1 16
2 128
2 8
75 78692
13 1144
15 510
2 22
7 21
3 6
1 5
1 22
9 4842
1 9
4 222
12 1685
1 3272
6 257
12 36
7 140
1 32
2 4
1 2
1 2
6 6
2 4
13 286
1 4521
5 2745
1 2
2 8
1 286
1 3
1 22
6 6
13 145
1 123
18 18
1 16
11 402
1 13
5 22140
1 8
4 80
6 47
25 38
1 940
6 24966
9 7515
8 29
1 5
10 48
13 1339
1 1443
26 1431
12 11016
2 2
2 4
12 324
1 2
2 2
5 10
9 27
13 42
1 8181
1 34
10 100
1 2
1 58
2 58
3 3
3 4
1 5
7 602
1 2
14 70
6 6
17 24268
1 15
2 2750
25 30
4 20
3 6
7 7
7 7
8 12024
10 14
1 355
1 269
2 2
14 14
1 7
5 5
24 8604
6 24
13 13
19 10731
9 9
2 48
3 9
1 322
1 3
1 29
1 19
10 2690
1 5
9 50364
6 750
1 52
5 5
5 2558
2 6
8 35
9 36
2 2
5 20845
1 2
3 4509
7 434
7 7
5 10
5 4380
7 7
5 6065
1 4
1 4
6 24
5 5
4 7028
1 3526
5 21535
5 5
12 12
1 3
1 5370
7 7
17 143641
4 4
22 328
12 72
7 7
1 2
1 6
3 3
15 75
52 1295
1 14
1 15
1 64
4 7996
2 8
1 6
8 16
1 3
15 206
1 42
19 154
1 18
1 27
2 2
1 55
1 6
8 49
2 2
5 30
12 216
1 2
7 21
40 1316
12 1332
7 7
10 148
1 2
32 576
7 6734
1 10
13 8971
1 36
9 161
1 2
12 12
1 582
27 32
1 6
1 1601
4 548
1 3
5 5
1 2
34 30843
1 2
12 12
4 4
5 50
5 5
14 42
1 6720
1 884
1 5
11 41
1 11
21 475
5 5
2 140
5 480
1 301
20 99244
1 867
2 6
3 9
1 2
3 54
1 1996
1 2
1 3891
2 4
2 310
2 2
1 3
1 3
1 8
5 15
2 20
7 7
1 5
21 21
7 14
2 12
7 7
3 9
2 10
1 693
1 15
3 64498
1 2
1 291
1 19
14 33
5 320
1 13
1 10
1 86
1 947
34 1466
1 3
13 1178
1 11
1 21
1 3
6 36
1 3
13 7696
1 3
1 6
5 425
14 67
11 11
1 492
2 2
1 737
2 26
32 801
12 36
1 5
1 30
12 12
1 376
2 32
3 38
2 3538
1 2
2 52
1 6
12 1332
2 6
1 7
1 3
1 4
2 2
1 12
6 48
3 3
2 1146
2 2
12 440
5 5
1 2
6 12
5 110
17 3595
2 2
18 21383
2 2
1 56
2 104
2 10
12 72
1 5
1 6
1 884
1 16
3 15
5 5
26 25317
1 592
3 3
11 262
12 168
2 2
1 4
5 65
12 3192
7 7
2 10
1 6
1 2
7 11
1 3
20 44
2 4
8 510
8 529
1 539
2 2
26 1374
2 4448
2 1176
3 1227
1 14
3 3
5 10
7 7
20 108
21 21
13 156
13 208
3 6
1 1998
1 351
7 105
1 79
8 2219
2 2
5 5
17 8364
19 1124
7 112
5 10
5 15
15 181
2 2
1 75
2 12
1 2
4 4
2 2
2 2
20 40
3 6
1 19
1 310
1 1094
1 2
1 4269
12 889
5 75
5 50
1 45
12 4056
1 329
5 880
1 24
2 4
1 297
1 171
1 125
14 18539
6 18
3 3
2 12
1 17
9 9
3 3
10 868
6 6
5 5
5 20510
9 10
1 351
5 34
12 48
2 92
20 20
9 21
7 7
1 127
1 6
2 2
12 2661
1 115861
1 2
1 9
3 1788
15 42
5 235
1 294
1 5
5 20805
5 5
2 2
1 2
5 8010
15 2306
1 270
1 279
18 713
12 1164
1 263
18 18
17 4879
1 1723
1 6
6 40
1 312
7 14
6 78
2 16
3 3
9 126
15 4394
7 441
1 14
3 3
12 192
18 161693
1 35
2 2
7 236
10 66
1 301
1 367
18 1465
1 2
1 14
1 10
3 21
1 11
5 389
10 108
1 13
1 87
9 15327
13 65
2 21
1 10
1 4
2 12
15 15
2 2
2 12
41 130124
7 413
1 2227
1 12
5 250
1 301
5 30
1 2
7 14
2 2
2 136
3 12
1 2
24 9939
7 35
1 3
2 2
1 540
1 1522
2 544
23 897
1 573
7 384
29 23377
1 2
2 4
1 29
1 31
1 1287
2 34
1 3
13 13
2 292
10 266
3 1498
2 2
1 24
5 45
5 460
12 300
2 2
3 27
18 180
1 1265
1 34
2 2
1 1245
5 45
19 6666
9 81
7 1281
1 2
7 98
1 14
1 64
5 1460
2 118
2 28
5 10410
1 2
7 546
1 23
45 82
1 616
5 2370
1 7
1 3
7 49
1 4
1 1250
1 7
1 591
1 5
1 354
1 3
1 8
2 18
2 2
3 6192
2 4
2 2
1 2
12 96
6 6
4 36
2 4
23 111
1 10
5 15
7 14
2 2
2 142
1 31
30 25650
7 1876
3 6
3 13
10 81810
2 6876
6 259
1 2
5 6820
1 3
1 3
1 2
2 22
1 2
1 2
7 7
2 4
1 12
8 36
7 7
3 3
2 2
2 4
29 42
5 14711
6 6
12 240
6 6
5 805
1 25
7 945
1 2
1 14
4 4
2 4
15 925
11 12895
7 679
1 2
1 176
5 5
12 14
7 7
1 23
2 10
3 12
4 4
2 2
6 48
5 66220
2 2
5 1655
1 3
1 3
16 32
1 1563
17 17
2 8
5 5
1 441
17 1956
7 1183
7 451
1 20
6 30
9 16
6 30
1 777
1 12975
7 154
28 22775
1 14
7 7
2 26
16 76
1 3
2 594
2 44
16 34
18 18
2 2
9 359
26 26
24 24
6 6
6 368
1 1467
24 120
2 26
1 63
7 7
7 84
2 622
33 2069
1 6
1 2
1 286
1 10
9 47
1 4
3 183
2 14
3 168
1 2
6 6
1 11
4 4
5 5
2 4
23 46
1 2
1 4636
9 27
2 2
12 108
4 52976
3 39
12 312
7 42
1 4375
20 14914
3 3
1 288
5 10
1 1525
1 9632
1 275
9 36
1 4
1 2
7 56
1 2
7 7
7 427
1 310
12 888
4 1755
1 15
7 1883
1 3
12 12
1 4
14 1318
8 2980
6 24
1 2
1 292
5 675
1 5
15 99
1 286
1 4
1 2600
21 61
1 3
2 94
2 2
2 2
1 71
14 14
12 228
24 10088
5 20
17 34
3 3
12 2004
9 1640
1 44
1 486
1 1317
1 5
5 5
3 3
2 2
3 3
1 5
24 2482
1 2
1 11
5 5270
2 32
1 44
1 14
1 7
10 118
12 3516
6 114
1 13
1 3
4 4
2 114
24 13147
1 22
2 64
6 1581
1 289
1 3
1 7
4 43
7 21
5 1644
2 2
32 1292
2 8
1 2
10 6860
7 7
6 6
6 6
1 1176
5 5
16 32
1 6
2 16
20 3586
12 672
1 9
2 70
2 2
1 12
3 3
48 6090
43 8261
3 27
9 2682
5 321
1 2002
3 81
2 2
8 8
1 88
10 42
5 45
2 212
15 51585
1 3
2 586
2 2
1 11
9 77
36 955
5 2460
1 5
6 6060
19 19607
1 4
1 7
1 11
2 6
7 1190
1 2
1 132
1 2
9 153
1 75
2 2
16 20
2 66
5 165
8 41038
13 13
1 4
18 2239
1 9
9 56
5 825
1 570
2 2
20 60
12 55
1 5
2 12
6 63228
4 3936
1 11
12 24
3 3
13 3663
12 96
12 36
19 24062
11 15
7 7
10 243
31 444
2 22
15 34
12 1332
1 19
1 20
1 3
22 46424
4 60
1 3
2 2
1 19
4 68
6 6960
11 220
2 96
1 2
2 4
6 6
2 4
1 1528
1 1012
10 24
1 24
1 6
4 8256
10 970
14 294
1 3
1 8
1 9
15 1491
1 2
1 574
1 29
2 2
5 1056
11 273
13 3572
1 12
1 3
1 66
12 360
3 42
2 4
7 9
4 4
1 9961
1 1959
1 44
1 2
11 10315
1 5
4 5
17 3490
3 9
2 2
1 64
12 12
3 21
26 1428
5 25
1 103
22 51
2 2
2 696
2 20
18 13012
1 4
1 12
2 54
2 2
5 12185
1 12
1 574
5 5
8 16
1 19
7 76251
1 4
1 2
7 9
1 4978
1 10
1 12
1 2
7 448
1 17
1 3
1 4
12 12
5 5
1 2
2 4
2 180
1 10
17 17
4 100
5 3465
12 120
3 867
1 2
7 210
1 1092
6 378
1 4
5 10
2 10
5 5
11 891
6 26766
22 300627
7 42
1 2
3 63
1 9
2 42
4 4
1 24
1 90
7 21
4 4
1 2
13 13
1 1092
1 64
1 10
1 4
1 14
5 10
9 18
5 50
1 3
2 2
1 877
14 266
6 5682
1 7
5 10
1 294
1 6
1 2
19 155
1 287
5 8
17 94
7 473
5 443
5 5
2 60
5 655
6 6
12 3000
5 25
10 2687
1 3
13 13
93 122
35 44
7 10668
10 635
2 2
2 10
7 42
2 2
1 50
1 64
1 2
19 57
12 12
2 2
2 2
4 137
14 14
1 1252
2 2
2 4
13 15106
10 60
1 1768
1 125
30 12559
11 6798
1 1725
2 4
5 295
10 237
11 6668
1 4
1 75
12 252
1 3
1 34
10 477
12 12
7 7
12 1332
2 2
3 177
29 88
28 98
2 2
5 1200
1 268
13 247
6 6
2 12
1 2
7 49
2 2
18 7085
2 2
12 312
1 2
23 27
2 126
11 2560
5 185
6 11826
20 20
1 3
11 176
7 35
13 543
2 570
1 13
10 19
1 56
1 4741
3 13110
1 31
5 310
4 5
2 2
5 885
5 5
1 3
1 3
19 9359
1 2
1 15
2 46
1 35
12 36
7 14
5 5
1 56
5 5
1 592
19 8484
2 2
12 4464
1 261
1 2
35 626
1 5
1 2
2 8
2 124
2 4
7 14
15 77
10 874
1 16
3 3
2 58
20 60
1 9
7 1139
15 60
6 6
5 1745
9 27
3 4584
2 30
2 6
7 28
2 64
2 4
3 3
9 16
1 77
7 77
7 7
1 7
5 48236
1 31
1 21
63 63
1 296
3 3
1 575
1 30
1 2
1 15
6 28
2 2
1 459
1 34
18 157020
5 1405
1 11
1 597
1 16
16 3664
4 100
4 4
1 64
1 66
3 27
8 4631
52 83025
1 48
9 18
2 30
2 200
6 12
3 3
1 2216
1 1197
1 2
5 20510
8 29
2 4
2 4
16 614
1 21
9 187
16 2752
1 21
2 2
20 15991
14 20
10 303
3 12
4 654
1 2
14 18
1 2
2 6
1 3
1 32
3 8339
5 5
1 87
2 2
6 144
6 54
2 83
6 44
1 11
3 20160
2 142
1 9
1 1742
5 48155
15 375
5 5
1 16
9 16
1 365
1 2
11 9647
2 14
1 344
2 2
3 204
1 6
10 60
1 540
1 4168
2 12
5 10
7 1036
4 4
1 3
1 5
12 12
1 2
5 205
1 274
5 4330
1 248
2 2
7 196
4 4
5 30
1 2
10 28
13 13
5 305
1 4074
2 4
5 3735
1 5
26 26
5 10
1 23
3 3
27 3681
2 40
2 4
1 1601
1 637
7 7
1 14
1 5
7 161
2 16
2 48
11 33
29 29
10 86
2 2
12 156
16 46
13 48685
5 30
8 441
2 2
1 1771
1 588
19 1537
1 12
8 16
14 462
5 30
22 88
1 1160
12 108
3 51
1 877
17 349
1 2
1 15
10 1469
7 98
1 49
19 987
5 60
2 2
2 2
11 19
2 2
1 4
5 290
1 2
4 680
46 4191
2 18
1 2
3 3
1 3
1 105
2 4
1 3
12 12
2 17
11 25
7 16
2 50
1 6
6 12
11 22022
1 40
4 16
9 64
17 41
1 57
3 3
3 6039
5 40
5 1015
5 5
1 20
2 8
3 3
4 4
1 22
5 1460
2 572
1 2
1 12
1 2
8 32
1 13
2 2
5 385
1 3
7 2030
13 13
7 49
1 3
1 10
18 35379
1 32
2 2
18 1020
10 2876
11 13
14 572
2 2
5 13
5 5
16 19497
1 7
6 6
3 21
2 2
1 926
6 29
1 10
2 2
6 12
6 629
1 98
1 268
1 12
1 170
2 2
5 1485
7 167
1 5
1 323
1 287
1 13
6 6
2 2
2 10
15 342
1 8
16 22542
2 20
1 167
1 2
1 288
4 1968
2 24
2 2
1 867
17 17
2 2
5 48160
14 14
3 3
1 42
7 14
1 168
7 7
1 6526
3 6
1 9
1 14
2 2
2 134
2 4
12 72
2 2
3 3
10 246
2 2
43 584
22 12848
8 28
2 2
3 3
2 8
2 2
7 31
1 25
3 3
1 10
1 287
2 2
35 39
24 2122
1 3
6 12
2 6
1 7
1 41
1 6
1 2
1 7
2 2
10 20
1 1116
1 287
6 12
1 4
2 2
1 312
23 23
2 2
52 136
9 3808
20 334
3 12
2 88
1 2
7 3508
12 12
2 6
9 9
5 5730
1 289
1 2
1 6
35 21459
7 7
5 42
14 48492
1 896
45 22187
8 560
20 24008
1 20
1 1757
2 124
7 21
1 885
1 51
7 31
10 10
3 3
2 7508
9 61
3 3
2 2
5 4335
2 2
9 18
9 9
1 30
1 31
2 2
2 2
18 18
9 9
2 9482
3 18
5 5
16 3444
1 6
2 2
7 14
1 6
18 18
2 4
17 34
12 72
1 4
2 2
10 67
2 10
3 6
13 949
12 156
6 24
5 655
6 384
20 4300
1 10
17 3817
1 176
5 5
20 250
1 248
2 2
1 2
10 15
6 6
31 24841
38 381
12 156
3 12
39 1944
10 48
1 1999
5 5
1 3
25 51600
2 4
5 50
1 76
4 4
2 4
6 3510
6 1806
1 6
1 226
21 1347
26 257
5 195
5 10
2 2
3 3
10 246
1 33
1 471
8 8
1 867
7 7
1 9
7 4123
5 1510
16 28
2 6
1 1767
28 38
8 161
1 32
4 424
1 1757
2 2
1 4
18 6472
2 12
11 81
3 15
1 3
1 40
2 446
1 37
1 2
1 1971
3 18
2 2
12 72
5 24090
47 674
1 43
2 8922
1 3
28 43
1 10
12 24
2 2
13 39
1 10
2 6
1 2
2 2
2 28
3 3
1 5
5 85
1 19
1 1292
36 163548
1 22
3 858
18 2277
1 348
12 12
1 3
10 10150
1 4329
1 288
1 7
7 1051
18 152
1 19
1 1525
2 10
1 275
17 1159
2 2
1 50
2 6
40 456
9 44
3 1764
1 269
4 4
8 21
1 21
3 837
4 46
2 2
1 37
1 3
3 3
1 82
14 14
1 5
13 43
12 1980
1 2
12 24
6 6
1 45
2 12
38 74
8 4704
1 775
3 3
12 348
3 6
12 1368
1 88
1 326
14 23
1 19
8 2296
1 5
9 9
5 5
5 5
1 14
1 5
1 4
8 23
20 537
17 27268
10 146
2 2
3 1383
1 288
7 9
9 9
1 4
1 50
5 15
5 5855
1 35
1 20
12 60
15 3433
1 28
42 364
5 40905
11 6083
10 38
7 14
2 2
2 4
1 3
12 1164
1 15
5 10
2 2
2 30
17 139009
2 2
4 12
16 35
2 2
13 3562
13 3497
1 8
7 7
1 276
1 2
16 31
1 9
28 84
3 54
2 1630
38 3294
1 45
25 25
1 2088
9 9
7 2331
4 7012
13 19918
6 18
1 14
12 12
5 5
2 2
12 2988
5 111
1 7
5 2870
6 38
18 1227
1 40
9 469
4 109
1 2
1 537
10 144
9 189
31 31
2 2
1 17
24 9029
4 572
6 30
1 1039
1 354
5 2460
1 134
9 2968
6 8032
11 66
4 4
3 3
1 612
12 72
13 14
4 4
6 2403
2 2
13 78
1 654
1 3
2 12
1 304
12 36
1 87
15 60
1 286
7 611
25 594
5 5
3 7443
5 25
8 8
2 4
2 6
10 30
5 620
1 354
12 804
1 1959
12 96
1 5877
7 8811
3 5916
4 1755
3 69
11 44
6 121
1 11
1 4
12 2988
20 72
7 14
16 1715
2 2
11 13890
12 12
7 357
3 15
5 27070
3 183
13 3952
12 1932
2 135
9 9
4 1816
1 4
6 46
1 4
23 69
14 14
3 2115
12 840
3 36
5 20
7 7
4 8
2 2
1 2
1 3
1 21
17 4981
12 252
1 292
2 64
1 4
2 2
2 1282
5 30
7 126
1 5
2 2
1 2
4 3596
2 2
18 7592
2 10
5 5
13 32526
2 6720
12 12
24 3410
1 2
26 647
3 6
2 6
5 175
1 908
5 335
12 12
1 350
11 89
3 3
2 10
12 2184
7 7
2 124
1 31
5 52
16 23
2 2
5 12
1 4
5 10
3 12
2 4
12 12
5 250
3 21
6 30
12 55
5 30
1 7
7 35
7 452
2 2
9 18
1 31
1 2
1 2
7 168
2 2
1 1485
10 1130
1 8
1 9
13 39
3 9
2 2
12 45
32 912
4 24
28 31
5 7515
2 10
4 8
3 15
1 2
1 6766
1 43
14 14
5 5
8 40
1 1995
18 9046
11 1016
5 10
7 77
1 3
1 2
7 35
12 10118
1 18
2 4176
18 1824
2 22
5 5
7 21
1 11
1 5
18 25
2 2
1 22
17 9892
3 995
2 2
1 4160
2 2
1 44
9 9
1 6
1 497
1 2
1 12
1 588
6 2934
1 7
7 14
7 391
1 3
1 6
3 51
2 8
4 20
1 2
1 5
2 2
1 2
19 7372
10 45
5 20
1 2
7 41
3 6
10 311
2 2
6 6
7 14
5 5
1 339
2 8
1 8
1 14
1 3
1 3
1 17
1 2
5 5
8 8
1 2
6 18
4 22
1 286
15 12582
7 19
24 60207
34 2074
8 4095
1 537
20 416
1 3
1 1291
1 286
1 64
1 10
3 36
2 2
5 5
1 11
5 1460
7 35
9 147
6 84
1 283
5 5
5 2695
7 7
10 328
12 96
1 2
1 5
15 2084
7 2009
12 12
2 2
2 2
3 6
15 20533
13 13
5 15
1 10
2 2
5 6260
5 10
7 28
10 10
2 56
8 971
1 907
18 73
10 1328
6 282
1 11
3 3
2 5886
2 116
2 2
1 5
1 1708
1 2
4 4
2 2
25 83456
1 4
1 16
1 2
7 30961
9 27830
7 7
5 5
3 3
24 19544
17 31
1 22
2 2
1 11
4 44
2 96
2 128
6 108
2 10
1 4
6 24
14 43
2 4
3 18
1 5
3 3
2 6
10 84552
8 8
14 14
14 4491
7 434
2 2
10 5486
8 32
1 3
5 10
1 286
15 542
2 8
2 10
5 430
1 21
1 13
3 4410
7 28
6 45
6 1475
5 1280
1 23
7 243
7 7
12 276
7 12146
2 8
5 5
1 64
1 15
14 1273
2 36
1 6
12 168
2 562
1 63
2 2
2 1184
1 574
2 2
8 8
5 65
3 3
2 574
16 16
1 574
1 6
1 26
9 252
1 383
7 7
5 1505
1 21
3 6
5 10
1 6
5 5
1 2
1 50
1 757
1 418
7 4116
3 12
3 3
11 27
18 2211
9 9
3 33
3 15
1 33
1 134
6 30
6 13344
6 1475
2 70
3 22
1 9
1 5
2 4
5 10
1 6
7 7
14 14
1 1489
8 96
3 9
1 120
13 3718
2 4
2 2
42 578968
2 4
5 10
2 496
1 2
2 24
7 182
6 18
10 90
3 3
6 48
3 3
1 5
1 1604
3 15
3 9
13 62
1 14
1 7851
5 35
1 1021
2 88
1 6
2 2
2 2
6 91
2 2
9 80
3 36
2 2
1 2
1 15
5 10
17 17
1 16
16 16
1 13
2 336
1 291
19 167
8 87998
1 12
5 10
5 5
2 2
12 348
5 20
6 8
20 115
2 6780
35 654
1 124
2 109
8 903
1 69
5 45
2 12
17 1799
5 29160
5 10
1 176
24 91875
1 108
2 2
1 9
3 3
7 840
18 270
2 8
9 19
19 41185
9 6975
1 2
1 9
1 2
1 4
1 881
1 59
28 31
1 2
5 30
2 2
1 1383
1 3
26 52
1 23
1 787
18 6792
21 12639
1 8
24 3053
1 297
3 3
1 3
9 9
21 2085
2 46
12 24
3 39
2 82
19 349
7 7
2 2
12 264
1 179
1 16
12 12
8 1130
1 4
123 8527453
3 3
1 947
4 1096
3 3
2 84
7 112
1 3
6 42
2 2
1 139
1 16
4 4
7 7
6 18
15 900
30 170
2 48
1 328
1 21
4 8
8 8
1 2
1 2
5 7320
4 28
18 18
12 7428
11 81
1 592
1 14
2 6
1 297
21 1420
1 4
12 26784
2 10
2 2
2 164
7 8498
1 12
1 25
23 5033
3 5109
22 88
7 4020
9 45
5 230
1 164
12 96
23 328
1 2
12 384
5 5
2 22
1 115864
5 1510
12 3839
7 63
3 72
2 2
1 5
7 7
1 10
9 9
2 2
1 31
2 2
1 297
1 17
9 18733
1 895
19 395
3 876
3 6
7 1795
1 587
5 45
1 40
21 42
3 3
2 8
27 27
5 60
40 90
5 12505
5 5
5 5
1 93
7 1008
11 857
1 4
5 130
3 15
2 128
1 5
8 49
1 64
7 21
1 14
7 14
15 225
1 68
5 15
2 2
4 4
5 5
10 30
2 2
7 2478
20 107
12 636
28 86
1 11
6 18
5 10
12 36
6 7
2 4
50 711
5 30
1 72
24 6670
1 2088
5 5
3 3
1 184
24 9248
2 2
3 336
1 53
4 4
5 5
11 2430
2 2
1 1723
8 16
4 16
1 3
5 3241
18 74
1 61
1 557
5 15
1 4
5 5
4 1480
1 9
1 289
6 12
1 3
4 12
1 26
1 7
1 3
1 33
13 34
1 332
2 38
12 36
12 120
3 3
1 6
1 592
15 60690
2 2
12 36
2 204
1 1533
1 6
1 3
2 66
5 5
7 7
8 3516
13 28
16 215
3 3
1 70
1 79
21 63
12 72
5 10
1 364
1 2
7 272
1 2
6 75108
7 4025
2 2
2 2
65 14032
1 2
9 39
1 558
8 296
10 358
6 1711
1 2942
26 18939
1 2052
4 17
32 26578
2 2
1 7729
5 30
1 287
