3 128
3 6
35 117
2 1770
1 8
6 24
1 5
1 13
2 2
6 12
3 24
2 3
1 2
3 642
1 90
2 6
2 4
12 840
1 3
5 10
1 2541
1 597
6 12
5 5
1 35
15 2580
1 6
2 16
3 102
2 250
1 28
7 35
3 9
2 36
1 4
8 16
1 5
1 5
1 287
18 2277
3 3
6 138
1 2
7 20
1 409
63 153
1 5
12 108
2 8
1 82
3 9
1 867
6 11
1 140
1 3
7 161
1 2
7 115
3 8327
6 36
3 9
2 26
1 286
1 7
12 72
7 448
1 72
1 6
1 5
13 26
7 49
13 39
42 7777
6 10
2 8
1 618
14 70
1 13
7 133
1 6718
9 18
7 21
7 42
1 582
12 768
7 140
11 11
18 18
1 10
3 11536
1 2
15 95
2 2
1 13
3 15
2 2
1 10
7 21
1 6
1 584
5 5290
1 947
3 1227
1 2
1 748
6 18
3 15
1 600
1 392
2 3544
1 575
12 1932
1 75
1 2569
5 60
6 10
26 26
1 2
14 41
14 43
12 1408
1 14
1 3
14 572
1 294
2 4
12 108
1 2
1 487
12 12
1 3
20 48
36 955
1 10
1 304
2 2
7 7
1 4
2 18
1 944
1 4
1 4
1 6
1 28
4 70
1 288
1 2008
5 1795
1 45
1 87
15 30
12 72
18 52
1 3
19 72
1 17
3 3
3 3
2 6
6 18
2 10
1 42
2 42
20 5997
1 2
2 38
1 3
2 2
6 24
3 3
6 6
1 39
1 116
6 18
14 14
1 33
1 349
10 10
2 12
4 4
1 581
1 1755
1 2
5 5
5 20
1 303
1 3
2 44
2 2
3 3
1 8
1 64
8 8
1 3
2 2
2 10
1 2074
5 35
20 36509
2 32
1 2
1 115
1 2
10 2400
7 115
12 72
7 4109
5 5
1 1723
13 13
1 19
6 18
1 26
8 8
1 5
1 15
1 2
2 6
1 2
6 6
1 5
1 908
2 12
1 25
37 125
1 6
1 62
7 10
1 2
5 1455
5 5
18 50
2 550
7 11
1 2
1 5437
79 534
1 877
11 22615
10 300
1 3
3 3
1 4
2 136
12 636
1 5
21 17886
5 1430
8 16
12 216
5 3000
2 6
6 11
1 20
5 10
19 18530
8 16
9 576
5 30
15 1470
9 18
12 780
6 6
7 7
5 1880
1 18
7 7
1 616
11 12285
1 277
1 12
7 532
2 16
1 2
7 49
1 4045
1 1999
1 6
17 272
36 36
1 16
1 291
12 1205
2 6
1 5375
7 16
1 19
3 18
1 2
1 2
1 312
2 696
20 7478
7 189
1 64
7 2492
1 288
4 109
4 1498
13 23
1 4
1 822
20 20
40 2050
5 1440
9 252
7 7
5 5
10 184
5 1745
16 81
12 636
7 105
5 165
12 60
3 3
1 4
5 10
1 42
6 5670
18 70
9 50373
1 9
7 154
5 15
1 286
6 6
2 4
2 6
1 13
8 8
8 35
1 890
4 4
19 627
3 6
12 55
4 70
7 84
3 9
2 140
1 1723
1 33
6 4614
2 2
14 1770
25 109
9 5040
16 119
3 874
5 8765
10 2175
15 6568
3 3
1 739
3 3
2 2
23 5049
5 135
6 78
1 4
10 6860
1 2
19 3474
9 27
3 12
13 156
10 56
1 4158
1 8
2 2
2 4
3 33
1 293
3 6
12 96
7 35
5 5
17 383
1 33
12 432
44 7285
13 1976
1 2
1 3
5 5
2 38
22 48
29 35
17 17
12 12
5 5
1 10
9 78408
1 3
2 3992
1 587
3 12
1 2
5 15
18 845
13 560
1 926
1 13
3 3
5 25
2 22
1 1503
2 4
2 62
2 2
14 14
31 197
1 3
5 15
17 48158
1 4
2 2
1 588
7 7
5 5
7 49
1 4163
103 12576
5 1280
1 58
6 18
1 6
1 5
3 3
1 5
1 582
2 8
7 42
5 285
1 7
2 104
1 4
1 812
7 35
17 3904
1 288
1 2
2 2
7 210
6 3528
3 3
1 11
2 144
3 3
9 9
13 13
24 9248
5 10
1 11
1 87
12 12
60 1874
14 394
1 27
26 402977
9 4865
1 1167
1 307
2 2
5 1665
2 110
1 103
1 18
2 2
1 31
1 587
2 4
2 6
3 7607
9 53
2 10
26 25328
15 450
11 3201
2 28
7 30590
1 1481
17 25
1 895
7 63
2 4
4 4
1 582
1 20
5 220
5 895
10 3608
3 18
2 2
4 24
40 1982
6 6060
5 5
6 21
13 949
1 15
1 5
1 5
2 8
6 3570
7 21
1 9
12 96
2 4
1 296
3 6
12 36
1 2
1 5
3 21
1 2
1 157
2 4454
3 3
2 2
1 144
1 35
4 4
1 96
2 6
1 2
1 85
5 5
42 1335
2 574
24 168
2 2
26 1553
1 716
7 14
7 1617
9 18
3 3
6 545
7 98
1 19
1 3
1 3
1 5
1 2
5 17941
1 3858
2 6
2 2
10 57195
1 2
1 98
1 2
7 7
2 2
9 5880
8 529
15 7110
4 40
1 584
4 4
5 35
1 80
5 10
23 92
5 5
1 2
2 4
2 4004
1 1995
10 630
10 19
3 3
4 48
1 3
1 9
6 44
3 3
19 154
1 169
3 3
1 65
1 34
1 588
1 24
13 312
18 36
42 4491
5 5
3 3
2 6
2 2
1 12
19 325
1 2
1 8
5 35
1 2
1 11
3 3
3 10
5 5
6 18
1 2
7 63
1 2
1 133
5 70
1 2
12 156
12 12
5 110
2 18
1 2
10 62
2 4
1 18
1 41
7 4095
40 1980
1 18
5 192
3 4410
7 7
13 86
1 6
2 72
3 36
2 124
6 6
37 10514
1 3
9 1838
24 9942
12 36
1 1162
2 1120
7 35
3 3
1 3
2 26
1 596
2 2
2 2
2 4
5 290
1 2524
1 7
31 52130
1 34
2 2
1 21
3 6
9 9
12 36
2 2
10 36
26 1272
1 15
12 72
4 56
1 2
6 44
14 15
52 136
1 296
1 2
12 636
3 3
3 6
9 121
1 5
1 35
5 5
1 140
9 9
19 432
5 12620
2 3840
1 17
11 1016
1 9
2 2
12 12
1 2481
6 30
12 24
7 42
3 4
5 5
1 232
15 2820
2 588
2 83
5 6065
1 62
13 39
14 1232
4 8
13 3497
27 498
12 5232
1 392
1 269
5 15
1 2
5 5
1 2
2 2
10 15
4 10
6 20340
2 2
9 27
9 37
1 68
7 143
4 20
9 9
10 4846
1 16
1 3
2 128
16 4608
7 42
7 14
3 36
3 13110
5 5
12 24
20 92
5 30
6 138
6 42
2 2
5 7360
1 308
1 3
1 10
1 4
4 4
1 784
8 8
1 333
5 20
3 12
1 20
1 288
32 10151
2 12
3 3
5 15
2 56
1 22
1 16
5 1485
18 10060
15 90
1 4
1 10
21 2085
1 87
18 1152
6 18
11 402
5 30
10 45600
20 317
8 903
10 10
1 24
18 422
1 1964
2 1146
1 70
1 2
1 1691
1 71
3 27
1 1102
2 2
1 4
11 615
9 182
1 11
2 2
6 344
1 5
13 25
7 7
1 26
6 6
12 156
6 7
8 77562
1 280
1 8181
1 289
2 2
18 5292
1 58
1 24
1 3
12 348
1 37
2 14
2 602
5 25
5 3325
9 845
2 4
5 20
5 5
2 2
1 1162
5 2385
21 4071
1 14
28 28
1 134
19 167
3 18
2 14
1 35
5 1805
3 7
2 20
7 35
1 30
2 144
1 56
12 120
1 7
2 2
1 31
1 981
1 2
1 13
1 6
1 5
12 120
1 2
2 14
1 3
7 14
2 2
12 276
9 5404
7 7
1 547
2 4
2 612
1 3
12 1678
5 250
2 8
7 28
1 6
1 4
2 2
1 30
2 84
11 81
3 6
6 12
7 203
8 8
35 1138
8 72
6 12
5 281
1 2
10 5700
7 13
1 96
5 52
3 3
5 430
1 3
13 12337
2 2
1 100
22 120
1 10900
7 7
1 2064
17 163
10 146
3 2712
1 15
5 1430
20 60
10 68
1 939
1 17
55 143
5 1745
1 2
2 2
16 4316
1 15
17 27268
12 96
1 867
8 40
1 2
2 28
27 25056
2 2
12 2988
4 4
16 18
13 56
11 1731
5 5
1 24
5 10
5 268
1 9
5 11130
8 16
3 3
1 297
2 164
3 9
1 1292
5 5
12 39
5 5
7 70
95 2232
27 411
5 66165
1 6
11 22
2 2
1 2587
6 264
12 216
1 286
1 595
11 220
1 1999
1 78
3 6
2 2
2 2
2 2
5 275
1 10
16 158
4 5
1 1361
12 840
1 3272
1 466
5 5
1 7
2 2
1 10
1 291
5 25
3 3
2 4
1 44
3 3
2 566
3 45
15 60
16 16
2 4
10 35684
2 8
2 1106
1 3
1 585
6 342
7 14
1 29
1 33
17 45
1 2
2 2
1 580
2 42
1 334
7 26
1 3
1 44
36 172
1 3
1 58
9 84
1 6
2 10
6 89
4 5176
2 2
1 1995
3 3
6 1475
8 77
2 2
6 72
1 8
7 14
1 2
2 44
1 16
1 741
12 12
5 40
11 6668
7 7
12 8000
6 30
1 14
1 1921
3 6648
1 818
4 4
16 8624
3 9
5 25
19 103
1 2
30 239
1 2
7 539
3 48
7 1771
2 2
1 5
1 62
1 63
2 8
2 138
3 1723
1 12
5 170
13 13
1 3
1 3
3 72
1 34
5 11210
3 3
36 163533
2 2504
16 594
4 32
2 4
1 3
1 2
1 1602
1 12966
1 13
5 50
17 73
2 12
19 2225
3 3
6 6
2 8
1 2481
1 22
2 16
20 416
10 475
25 594
1 64
2 2
7 4570
5 25
1 376
13 13
1 2
1 50
9 16
46 1332
2 60
10 106
5 10040
14 14
1 2
35 106
1 324
41 43178
9 182
1 283
4 523
2 2
1 11
1 37
1 5
1 25
1 71
2 2
3 3
1 284
5 20
1 731
5 1275
3 3720
3 3
5 2960
1 11
2 2
2 2
1 2
1 574
7 1281
7 12146
11 11
4 104
1 143
2 36
1 3
3 30
10 10
2 40
2 9312
1 1187
5 25
12 12
5 5
1 2477
9 106560
1 5
12 36
2 3446
1 33
1 33
19 7998
2 2
3 3
2 4
3 3
2 4
1 173
9 198
12 12
1 2
1 5
1 9961
7 16
2 4
18 767
1 4
31 27953
31 444
1 2
9 2968
13 130
1 908
10 1610
1 2
1 2
1 1523
2 26
6 6
7 4319
1 583
20 5824
3 15
5 4540
1 18
7 7
2 4
1 3387
2 2
7 7
17 58
3 9
1 15
9 18
1 5877
5 5
2 4
36 602
13 149
19 155
2 6
1 223
7 7
1 5
3 6
2 2
6 18
9 9
1 885
4 1040
3 39
1 1951
1 10
9 15327
13 13
1 3
39 3468
5 2895
1 7
1 72
2 2
34 30843
7 25
2 1998
1 24
8 16
67 1658
1 459
17 11428
2 2
5 60
12 12
17 15310
18 35866
5 5
2 2
3 30
13 182
12 228
14 372
20 817
1 240
2 4
8 28
2 1656
2 2
1 551441
2 30
1 7
15 40
12 120
6 16
1 588
1 2
2 30
1 498
49 390
7 7
1 3
1 287
15 7956
7 11837
3 42
5 8
1 7
9 225
5 10
7 4021
7 7
1 16
1 110
10 256
2 2
1 172
2 2
1 2671
5 1510
1 286
6 6
8 16
2 2
1 15
2 6
7 10731
1 1598
7 1869
3 6
1 6
1 276
1 4741
9 9
7 14
12 156
1 12
1 36
19 1745
1 10
1 5
1 21
1 286
19 981
9 27
1 2
14 14
3 3
11 39379
1 5
1 15
2 4
1 76
7 56
2 2
5 10
5 6
1 328
33 911
1 4
1 30
1 4
12 24
3 6
2 2
2 8
1 693
2 24
6 18
2 2
14 14
1 9
3 3
7 7
8 2408
2 2
1 3
7 5187
1 689
1 344
1 9
24 2503
7 40
17 339
2 2
1 2
3 6
5 5
1 67
8 72
1 391
6 2916
1 3
1 334
14 14
9 36
1 4162
3 6
21 336
11 90
12 12
2 1158
1 11
22 110
1 3
2 18
5 5
2 2
1 16
1 201
8 558
12 252
19 8541
2 88
1 12
1 57
28 31
2 774
1 354
6 46
1 5
7 7
6 42
14 37008
24 24
8 2296
6 426
2 596
5 5
2 8
2 6
59 162
6 6
3 4
6 14
21 21
2 4
7 8811
11 18
12 780
14 19
7 7
6 37
11 1016
15 45
1 67
15 974
7 7
1 11234
7 264
2 8
1 16
10 10
1 40
18 469
6 384
1 49
1 11
12 708
1 176
5 5
4 220
5 2670
6 18
4 4
39 240
7 7
7 448
2 1220
2 66
7 161
12 132
3 3
20 99244
29 29
1 2
33 2180
7 21
24 60244
20 60
6 48
1 3
1 3
2 2
2 86
1 3
5 4206
7 7
8 19808
5 320
2 2
2 2
1 1095
7 7
20 40
1 1302
5 20830
1 15
2 126
11 33
1 176
12 12
2 602
5 780
6 6
1 2
11 11
1 289
1 2
7 7
15 480
7 105
3 6
1 3
5 30
5 36
3 6
2 6
1 5
12 12
1 1116
2 1112
15 15
2 2
22 46432
6 12
1 944
1 5870
6 21
16 199
1 2
10 20
1 31
7 7
25 273
13 208
1 13
27 20576
1 397
1 115893
11 1562
3 3
2 2
1 34
1 5
16 25
7 7
1 29
7 7
1 939
3 3
2 2
11 26859
1 2
1 2
1 25
2 6
1 1599
1 103
1 2
2 2
41 2147
21 475
3 9
9 39
9 135
2 2
35 12481
2 4
8 88
1 46
7 2331
1 69
3 336
2 2
1 6
1 23
5 150
6 7951
2 64
2 6
19 1178
8 154
6 7
1 2
1 45
5 7320
1 2
1 356
1 22
2 38
1 6
6 6
1 10
18 698
2 74
4 23544
14 5405
1 24
6 6
1 23
1 2
5 285
2 240
1 4
18 32997
2 6806
3 92
13 4238
4 40
1 2
7 7
2 180
12 876
14 266
9 4812
12 96
3 3
1 2
2 2
1 6
29 80
2 570
29 208
12 1080
1 11
1 3
1 11
1 3903
7 1841
6 138
18 54
2 2
12 12
1 30
1 64
2 32
24 13150
1 326
9 207
3 45
1 2
37 703
12 24
1 116
1 3
1 333
12 14115
14 1943
2 50
3 15
3 3
1 10
10 180
7 7
10 20
9 99
12 12
7 245
1 1020
7 7
1 41
4 84
3 18
14 18
7 14
16 48
1 18
15 31
2 32
28 16844
12 192
1 3
10 80
10 10
4 256
1 231
16 3645
2 14
1 13
12 348
1 304
14 14
5 10
13 42
1 2
1 49
7 42
5 65
1 6
2 24
16 51
2 2
1 7
1 18
1 159
1 17
1 148
6 36
6 6960
11 33
1 18
12 168
1 637
8 5033
7 7
1 14
1 4
1 5
1 33
7 49
5 25
7 546
3 3
1 763
1 13
4 8
2 2
1 6
3 12
5 25
1 4
24 20940
3 15
1 15
1 2181
14 14
1 289
2 4
1 587
1 2
1 10
2 1424
7 7
3 3
16 41
3 12
2 4
1 7
2 2
1 13
8 24
7 35
35 1993
1 10
10 8390
2 2
1 2
22 46
2 4
7 63
2 2
1 693
1 858
2 2
2 1082
1 2
4 16
5 5
2 16
1 33
3 9
18 226
5 5
1 39
2 116
1 2
1 48
1 5
18 5575
5 10
1 3
9 9
1 2
2 1776
1 284
2 2
1 132
1 4
1 11
8 88
5 805
15 1035
9 5949
20 155
2 2
2 2
18 18
3 3
1 4
1 132
6 6
4 24
7 70
15 75
2 124
1 1350
4 16102
1 268
12 12
1 3
18 1443
14 14
2 40
10 1250
1 13
7 140
1 828
2 20
2 96
5 5
1 12
1 2
2 38
9 18576
5 30
1 287
15 23122
1 2
1 306
7 28
4 4
2 2
12 629
9 145
1 31
6 5304
24 1680
2 12
2 4
1 3
2 2
9 477
5 55
1 294
5 5
2 4
1 3
5 5
12 24
2 2
1 404
5 5
8 16
2 16
12 84
1 7
37 3232
4 92
5 5
5 5
2 32
1 3
2 156
3 861
2 2
12 120
1 2
1 7
3 8
11 132
5 1515
28 256
1 65
12 7428
17 425
16 35
7 7
1 4
15 258
1 4
5 5
1 94
11 21989
1 2
14 14
1 2181
1 62
9 11
1 5
12 672
6 1722
1 2559
7 386
2 26
1 5
1 3
20 40
4 680
7 2597
1 7
10 146
7 2030
10 30
2 2
1 654
7 21
9 70
6 3528
11 22
7 7
16 569
1 261
1 3
5 5
1 2
1 5
7 14
2 6
1 4
26 2519
1 58
5 7
5 621
18 3718
2 2
1 882
12 2184
1 9
1 294
10 10
1 591
1 42
1 4163
4 5
7 7
12 276
2 2
1 260
21 46027
11 55
6 12
2 2
15 63
1 6
7 21
11 33
1 940
21 21
7 98
17 3817
1 312
8 8
1 474
1 19
1 2
4 24
2 64
10 12
1 21
1 1767
5 60
3 864
2 18
5 10
1 3
11 20
1 2
1 296
1 574
1 908
5 6240
1 62
1 7
7 7
1 46
7 133
2 22
4 4
6 6
3 9
5 15
1 49
3 878
4 4
1 7
14 14
1 3
5 170
1 70
1 288
2 2
1 3
1 90
12 48
4 4
1 6
1 427
1 451
1 222
9 9
1 11
2 1636
17 25902
2 2
2 801
4 12
3 3
8 50
16 64
13 13
8 8
5 320
1 1977
21 128174
10 2494
11 32
1 348
1 2
1 4
1 573
3 3
2 16
1 72
9 18
10 10
1 544
54 1795
10 11696
1 371
20 118
67 8765
5 80
1 9
1 75
3 9
1 153
1 6
1 297
1 25
7 84
1 62
1 5
1 1768
5 5
16 32
1 6
1 3
2 6
13 39
2 2
1 2074
5 1460
1 4
5 30
1 14
11 11
12 384
1 89
12 84
1 4
11 1160
2 128
1 587
7 35
5 12
1 2
1 1594
5 45
7 14
5 5
3 9
1 4318
2 4
3 459
1 4
5 100
18 189
8 2280
7 7
2 8
11 18
1 14
12 12
12 36
2 2
11 29
7 6601
2 10
5 10
7 611
2 100
12 37
1 2
2 50
2 2
1 5
6 62067
20 769
2 4
1 2
33 52626
2 2
1 31
2 59
5 100
1 34
1 10
12 2016
1 292
1 36
1 587
1 6
9 20
6 54
1 585
9 9
3 3
5 2935
3 9
3 1047
10 32
2 3664
4 8
4 36
21 21
1 14
18 3449
12 12
4 256
13 48685
5 3655
1 3
7 7
3 10
4 4
2 2
1 27
3 9
1 24
2 2
8 248
12 12
1 19
1 64
2 2
1 3
6 6
19 41412
19 618
3 3
2 1182
17 84
1 5
3 3
2 10
1 6
4 12
1 29
5 5510
16 19
1 5
1 3
1 8
2 4
1 163
8 410
20 12394
25 691
5 695
1 276
12 2064
5 1770
5 5
1 20
15 26624
15 15
1 2
4 160
7 10290
1 58
15 15
2 80
1 304
3 6
1 898
7 1190
1 2
1 117493
1 2
9 9342
2 12
1 20
21 57
4 2190
2 10
7 69
5 5
6 6
32 1227
11 176
2 2
3 3
2 4448
2 2
37 87
1 364
1 8
1 2
1 884
5 55
26 26
1 2054
2 56
2 4
1 15
3 9
1 1723
2 6
2 2
32 109
6 8820
2 4
3 9
1 1995
19 2692
3 3
12 45
2 54
1 36
12 48
14 14
44 936
3 1764
1 2276
2 536
5 5
1 16
5 700
7 14
7 77
17 4896
1 6
2 18
1 27
4 52
28 196
1 3
1 8
5 5
1 57
6 24
11 1071
20 60
1 47
3 18
2 2
1 1691
50 4359
2 18
2 2
1 19
4 528
1 10
8 34
1 57
3 3
4 13823
1 4
1 8
2 4
20 20
15 2340
2 136
1 58
1 3
2 4
1 3
1 2
1 25
5 5
12 12
5 85735
1 296
1 14
1 2
2 2
40 412
1 2
1 5
2 610
5 35
2 4
2 2
10 2496
9 9
23 27
1 8
5 290
7 840
16 7040
18 145
1 2
31 40
5 1745
1 14
2 2
5 10
1 64
1 6
5 15
1 2
10 58
6 11
7 7
5 50
7 84
2 54
1 8
7 236
1 882
1 6
2 2
9 9
1 3
1 2
1 7
5 5
7 35
15 311
7 7
7 7
18 484
1 2
1 2230
8 4095
1 8
2 4
45 4239
6 24
7 7
1 327
1 312
17 24274
2 430
5 5
2 6
5 10
1 2
12 15202
20 553
1 7851
1 29
7 4025
7 56
7 147
2 10
3 9
1 20
2 70
5 95
12 48
1 28
2 4
7 1988
2 2
14 1957
5 110
2 16
2 2
1 6
1 3890
13 286
23 211
19 19
1 552
17 21964
1 144
3 10
1 59
10 50
7 14
12 892
7 7
7 413
1 95
1 38
3 6
7 28
7 7
1 3
6 90
18 1432
8 2296
3 3
2 6
13 39
1 16
1 103
6 8
12 276
7 12754
15 450
5 2930
6 84
1 2
9 24
20 24
1 281
1 524
9 61
1 1503
5 1510
7 7
1 11
11 276
2 2
19 3166
1 2
1 2
1 803
40 1715
21 27
1 1276
1 4
2 9482
1 2
1 1974
5 21850
5 880
6 6
7 7
1 323
4 4
1 25
6 28
12 10915
1 13
1 3
2 10
17 349
5 5
7 7
1 17
1 2
2 32
12 2004
1 9
8 16
1 4
2 18
15 3575
5 295
1 35
7 3409
2 1884
1 3
4 4
13 275
1 93
2 2
1 8
1 154
7 7
2 574
6 120
1 2295
1 3
3 3
2 60
1 4703
5 190
12 24
8 168
2 6
1 15
8 40
2 52
12 59
7 7
1 33
5 5
13 39
8 8
6 12
1 2
1 4
6 6
5 10
2 2
5 115
5 155
4 43
3 3
1 3
9 56
1 585
9 2421
2 4
5 130
6 26004
17 28
1 10
1 105
12 84
2 4
6 1716
1 9
2 6
1 2
2 74
2 4
4 22
1 2
2 2
1 15
1 3
6 6
16 169
8 5720
5 5
11 457
7 21
10 26
5 47
3 7761
7 441
1 2
5 195
8 63
1 10
1 35
21 1448
5 5
8 11
2 86
16 80
2 2
1 2
1 301
5 25
1 1851
35 2174
15 126
16 19842
5 20
7 6594
1 422
1 940
1 22
5 30
1 585
1 223
10 1506
6 17
38 36969
1 12
15 60
1 15
5 5
14 5028
1 2008
5 20
2 8
1 16
8 3542
1 2
5 1485
2 10
8 1346
1 50
1 1040
22 1528
2 2
1 267
7 49
18 9025
10 385
1 4
2 700
3 15
33 166
12 2010
7 7
5 2120
4 8
2 702
9 2655
1 3
2 116
5 5
4 228
1 946
1 3
1 11
5 480
14 14
1 49
8 2219
5 5
1 72
5 5
2 2
5 5
3 3
1 24
12 12
2 2
2 2
15 5481
1 2
1 1012
3 3
7 154
2 6
2 2
1 13
6 84
6 6
15 3482
6 342
2 2
7 21
1 2
12 12
2 2
34 1622
1 15
1 14
7 14
1 19
4 20
2 2
7 70
15 63
5 2460
1 33
1 288
1 125
4 4
1 2
5 10
1 1342
3 3
2 574
3 5
1 640
10 84
24 21363
24 8254
1 5
10 30
2 945
1 6
5 5
3 3
1 3
4 22
1 4
10 20
4 4
2 128
4 4
5 5
14 18
1 1805
1 4
5 34
1 8
1 2
1 584
2 38
3 3
5 10
11 13
7 742
2 16
1 3
1 13
1 24
17 544
2 4
2 2
10 19
1 937
2 4
17 6807
2 14
5 5
2 32
8 29
5 1745
10 317
5 15
1 4
1 4
1 5
2 2
2 2
1 35
2 4
6 49086
1 5
1 64
3 852
1 10054
6 3510
1 2
1 695
1 20
4 4
1 4
2 8
1 14
2 14
12 60
19 19607
8 49
1 7
1 4
1 258
3 1632
2 2
1 10
2 2
1 159
7 56
11 262
5 75
6 12
12 868
5 5
2 106
1 3
23 111
6 56
20 103768
3 3
8 8
3 12
2 2
6 42
1 351
2 6
3 1362
1 301
1 2
6 7728
18 2109
2 1174
5 385
2 10
1 1524
1 31
2 8
1 573
9 9
1 2
12 12
7 7
9 520
14 14
7 140
1 6
1 22
1 44
13 13
2 2
13 39
2 4
5 2010
1 4
5 110
1 2
1 4
1 23
16 20
4 4
14 713
15 68310
1 390
5 85
5 60
10 30
3 1872
1 6
5 25
25 65
1 12
45 82
6 6
1 11
7 42
5 20
11 975
23 29
1 1995
1 3
16 390
2 1492
7 2737
2 8
8 21
10 144
1 3
1 582
1 63
18 13012
1 4
1 652
5 1770
3 3
1 8
14 31
4 988
3 2758
1 591
7 9
13 65
1 2
1 506
2 6
2 12
15 209
2 6
5 15
2 104
1 4045
12 276
2 4
19 38
1 7
4 12
7 7
4 12
3 3
3 3
2 10
13 13
7 7
1 8
12 2201
13 13
2 12
3 3
5 74
5 15
32 438
1 4
5 14
3 2631
1 3
1 16
1 6
12 84
7 2079
1 5
17 1970181
2 1792
7 14
1 7
14 28
1 6526
2 3998
1 2
6 51
3 3
1 556
2 6
5 15
2 4
2 2
7 7
1 2
1 13
2 62
30 30
14 294
1 80
16 221
1 13
11 32
1 3
1 50
3 6
2 2
3 6
11 17
9 77
1 8
24 28381
1 17
11 356
1 267
1 58
2 128
23 37
5 21090
1 3
1 64
9 9
1 2228
1 587
3 54
1 867
7 112
2 9312
13 13
1 297
5 50
1 13
7 7
5 2980
1 35
4 20
5 40
38 777
1 2227
1 1012
7 14
1 2012
1 269
3 6
1 7
1 9
5 5
26 168
1 22
1 62
13 13
6 168
1 13
1 5
2 1164
1 64
1 5
12 876
1 2
1 5
1 137
1 22
1 253
19 10731
4 43
2 2
8 8
2 2
2 4
5 21035
6 2897
8 76
1 25
1 37
2 10
1 75
7 42
5 10
13 247
5 805
2 1308
1 64
2 2
21 63
1 6
2 26
1 7851
1 12
1 21
8 1015
5 20
6 27
2 18212
12 48
1 25
1 6
2 2
20 23
16 21
1 466
1 2
1 328
2 208
1 289
1 492
7 21
4 939944
2 2
2 12
2 6
1 142
14 14
13 158
12 24
1 7
2 2
16 24
6 9606
1 2
8 40
23 23
3 14
2 6
1 77
3 3
21 297976
1 3
1 10
12 348
10 67
1 542
3 9
3 3
22 22
2 1754
1 2
3 1524
5 60
2 2
2 2
5 15
2 2
50 711
2 6
1 3
1 6
9 320
1 129
1 8
3 3
12 84
6 18
376 1711
3 3
1 4046
20 24008
1 2
1 2
1 2764
1 6
1 57
12 468
1 8
1 105
42 579486
6 6
7 56
3 15
4 4
6 36
26 52
1 19
2 10
7 175
10 22
1 9
1 2
1 264
12 60
5 9995
30 1315
2 2
8 448
7 49
7 5752
2 14
7 7
2 24
26 67
1 597
2 90
8 87998
14 20
2 2
2 6
7 10927
1 301
1 573
1 2
2 14
9 18123
1 44
30 63
1 6526
9 238
5 10040
5 281
7 35
1 30
5 25
1 73
31 5094
1 5
8 252
13 13
2 218
2 8
17 8835
15 631
3 144
3 997
15 802
7 10297
2 2
15 26
10 20
2 4
1 302
2 2
39 76
1 14
11 159
2 4
5 760
1 19
7 33
1 290
1 757
1 4375
2 19
34 413510
1 6
1 3
16 16
6 1711
26 38
2 2
3 60
2 462
7 7
6 12
16 80
2 2
7 381
2 3056
1 618
6 2934
5 70
2 415
4 4
17 4862
7 357
1 64
1 5
51 352
6 6
4 52932
2 2
5 325
12 72
3 3
12 168
13 1016
14 816
1 10
1 15
7 41
1 8
2 199
3 1854
2 6
1 32
1 1019
2 4
1 294
29 66895
32 26662
7 7
1 11
3 201
18 174
6 18
1 288
2 2
7 170
2 12
1 3
2 24
13 42
5 1440
13 312
1 9
1 128
2 12
1 12
5 26800
5 320
7 7
1 11
28 1634
6 54
2 4
6 36
1 147
8 16
12 852
6 1475
11 11
1 6
3 26
12 72
2 30
11 2430
9 9
2 1280
1 492
2 8
1 6
1 3
7 7
1 3
2 6
10 45
2 2
18 152
12 180
1 5
5 460
6 6
4 56
2 2
12 168
7 224
26 212
1 302
12 2285
2 10
19 155
4 7
5 5
7 56
1 3
14 56
4 36424
1 3
1 849
1 407
7 7
18 1824
3 174
3 884
1 26
2 2
12 216
16 32
1 1600
2 4
1 154
12 12
5 5
1 441
6 30
1 15
1 1996
5 10
1 86
7 7
1 29
5 5
12 84
5 30
5 29150
1 10
2 4417
2 73
65 132
13 39
5 185
1 15
1 3
5 25
1 3
6 36
3 39
2 8326
15 217
3 3
8 8
15 1395
2 2
6 12
3 3
6 43
2 2
1 145
2 2
1 16
2 26
1 18
1 5
7 21
2 2
2 98
1 13
14 23
5 95
11 859
5 5
29 16336
1 2
1 2
24 8061
9 2682
1 149
4 4
3 9
7 579
31 72
1 5
8 4198
5 10
1 287
1 9
2 77
25 1432
10 540
5 5
15 1390
1 14
15 249
2 17
1 2
1 4
1 2
1 297
1 2
66 122
1 3
12 12
20 1069
7 35
3 156
1 94
2 1980
1 17147
1 17
1 1528
1 14
7 145
7 641
1 7
5 55
3 4
7 70
2 12
1 949
2 20
14 14
15 60
4 4
6 6
13 13
12 12
1 9
1 147
2 8
14 2614
2 2
11 22
1 37
2 2
1 5
1 170
16 686
4 4
5 10
1 2
23 22473
1 7
14 4018
18 2430
1 23
6 1475
6 42
2 2
1 29
9 9
1 1525
2 6
1 4
1 16
10 10
12 84
13 233
1 292
2 4
12 12
2 40
4 9800
5 10
10 15
24 3683
9 231
2 2
10 17670
2 8
1 30
1 3
5 10
12 852
6 24
5 30
5 5
9 11
26 1257
12 324
1 5
2 2
2 1238
2 2
2 22
2 8
8 56738
10 13728
7 28
1 4
1 2
12 1164
2 10
7 7
1 94
1 12
13 13
6 6
15 542
5 5
2 524
5 1495
4 24
1 16
1 5
6 12
2 58
1 5
2 104
1 3
2 3998
1 2
2 2
7 28
5 25
16 19600
1 6
3 3
1 292
1 867
2 77
1 14
2 2
2 8
2 8386
20 406
1 3
1 19
26 1431
5 165
3 3
3 63
1 7
21 5520
1 2
1 2
17 51
1 296
2 2
2 8
13 2821
1 8
2 270
16 23
2 22
2 2
4 1780
2 66
1 8
2 2
39 1312
5 130
3 2115
19 307
16 22887
6 8
2 180
10 20928
1 14
6 6
15 15
1 13
6 48
1 1054
1 2
1 60
3 4
1 5
15 25365
37 125
4 4
1 5945
1 58
4 4
8 4631
5 45
7 7
59 890
2 2
1 38
14 462
33 8596
1 596
3 864
1 15
4 20
1 93
12 324
5 15
1 59
20 334
2 2
1 1772
1 1293
11 220
1 497
1 2
3 9
5 320
2 4
2 10
12 36
1 5
6 18
2 6
1 14
3 1255
2 2
2 1816
20 40
1 107
23 12882
5 10
3 186
5 5
3 123
1 534
7 14
2 10
2 8
1 19
29 73845
12 72
7 750
7 7
5 15
6 6
1 2
1 3
30 60
7 7
1 20
12 36
12 60
7 126
2 68
3 189
1 31
1 8
2 770
2 4
12 12
1 3
2 85
12 24
1 121
7 6622
3 6
1 1256
1 3
3 3
6 25
3 3
1 7851
5 89
15 15797
1 2
1 10
8 8
1 55
2 2
2 2
6 6
14 28
2 2
19 19
2 2
2 2
5 25
1 2
6 6
5 505
10 448
1 286
16 16
1 592
9 4815
1 6
21 9460
6 60
8 9467
5 30
1 2
2 8
11 114815
16 23
17 1493
1 33
1 8
9 144
21 75
2 130
5 23735
13 288
5 5
1 15
10 296
1 2
1 4521
1 2
8 14
3 3
1 37
1 3
2 34
3 1788
1 125
1 3
1 2
2 232
1 6
1 10
7 3864
1 3
12 13008
1 5830
7 13986
5 1435
1 62
1 267
1 6
1 143
5 20225
3 4
10 104
1 16
1 16
7 343
7 4067
1 29
14 140
6 6
1 64
15 34
9 153
11 11
1 16
13 13
3 21
1 361
7 15267
1 58
3 3
6 6
9 235
1 942
2 2
24 2046
2 6
2 4
6 6
5 200
12 216
14 206
2 8
1 2088
1 288
12 12
2 2
20 1526
2 2
1 2
6 1602
12 72
3 34
1 289
1 101
11 162
1 1470
13 78
1 2
1 2614
12 36
4 4
2 2
6 295
1 23
7 56889
2 2
2 26
35 38831
1 2
9 117
7 9
15 495
2 2
2 2
14 108
2 2
14 6940
4 4
1 34
5 70
5 145
3 9
13 390
6 6
3 6
1 376
1 11
12 24
10 10
6 12
2 2
1 8
14 3129
1 4
1 2
10 18
2 4
1 6
1 2670
1 43
1 1602
3 18
1 1604
2 4
39 76
1 2
1 14
12 24
2 2
29 29
3 15
1 251
42 701
1 7
12 588
1 881
7 231
13 73
3 3
10 946
1 2
1 3
2 16
15 2112
20 60
1 19
31 58968
1 2
15 684
11 25
3 3
6 24
7 9
1 276
10 10
2 2
16 352
1 2
2 2
5 6645
31 8364
5 20
5 5
10 66858
9 53
6 24
3 27
1 2
1 1382
1 156
6 3438
5 5
2 2
2 2
6 102
7 21
1 2
1 301
3 9
1 8
1 46
13 13
10 240
7 98
5 12505
6 2454
20 1858
3 3
40 243
1 297
1 34
1 53
3 12
2 28
2 2
8 90
1 27
1 9473
41 8253
26 26
1 7
16 4592
16 16
2 2
7 21
10 35
16 157064
12 1932
2 22
5 5
15 272
1 6
1 5
5 1704
2 6
5 30
1 6
5 29
1 13
2 98
9 135
1 3
18 18
5 1880
6 328
10 30
12 3612
7 119
23 13432
5 15
1 3
9 9
1 14
1 5
2 4
2 46
1 579
20 2308
1 6720
1 25
1 2
2 8
1 3
3 3
1 7
4 4
1 5
26 245
3 10
7 42
2 336
9 17703
7 770
2 4
2 3534
1 7
1 5
6 204
2 5896
7 822451
16 3528
1 31
1 77
2 8
7 231
9 72
1 264
3 3
21 1490
2 14
6 18
1 4
2 2
4 4
8 8
5 465
2 6
1 8282
6 6
1 22
11 36
7 35
16 116
1 16
2 7
6 35
2 2
1 1769
1 376
1 222
30 132
18 610
10 31
29 95
2 144
19 57
1 90
14 58
21 273
1 6
6 7
10 54
5 5
19 1020
8 8
1 7
4 17
2 48
5 8685
2 20
1 277
2 2
3 558
13 3731
4 52
3 3
1 1378
1 5
48 6090
1 11
5 52
1 1748
10 1134
4 4
1 15
16 195
1 1603
1 2
1 20
7 231
2 26
16 19
1 15
1 4
7 6984
7 441
12 24
1 5
1 8
5 60
5 50
4 4
3 15
1 15
2 690
5 5
8 16
3 9
2 2
18 166
38 5543
19 1174
2 46
7 707
1 64
1 237
24 9013
12 6996
2 42
2 4
5 12615
16 21040
1 281
1 2
1 12
1 68
1 17
7 35
14 294
1 7
15 148
1 184
1 3
37 11632
2 2
1 108
6 12
27 53
5 20
20 20
12 156
2 88
1 5
1 5
3 3
2 48
14 14
9 17703
5 5
1 18
1 20
25 82
2 44
27 42
2 4
1 62
3 63
2 54
1 4
9 10
1 1297
1 6
4 12
1 3
6 11856
2 6
3 6
7 2009
6 12
3 3
2 6056
1 7
1 20
3 39
1 10
2 6
1 6
3 3
17 349
15 33
1 1195
8 6559
7 21
3 9
7 112
2 3446
64 7400
12 60
3 3
1 11
1 4
2 22
26 686
1 67
5 116
7 42
2 2
2 2
5 10
18 610
11 410
5 5
1 588
2 122
1 44
2 2
6 3726
2 2
1 577
3 15
7 14
44 979
1 1951
7 7
1 12
1 2
26 84
1 94
1 1997
2 8
5 1515
1 1768
1 3
2 40
1 486
20 28
1 136
2 46
1 6
28 258
4 76
7 49
13 13
1 25
123 8525281
2 34
3 1342
12 876
1 9632
5 42
7 7
1 7
7 21
1 7
2 21
16 159
1 3
7 35
1 3
25 25
1 21
20 220
7 448
2 16
7 245
2 4
19 38
16 16
1 1996
2 2
17 3817
17 5015
13 78
4 124
1 332
5 30
10 60
2 68
2 4020
1 27
12 216
3 12
5 710
1 88
1 5
5 540
1 2
5 15
6 18
2 588
2 8
5 5
7 91
1 13
1 2
9 126
7 14
1 6
9 55
1 4
2 2
11 554
21 185
37 8655
4 8547
5 25
1 21
2 10
24 3002
20 34942
7 217
2 18
1 1350
3 58
5 5
1 3
5 2558
7 49
1 24
12 456
1 53
1 231
16 48
2 2
7 7
1 287
3 3
9 10
1 1039
12 24
12 36
5 170
1 8
2 10
2 266
4 108
4 496
5 135
21 49034
1 104
3 3
5 25
35 1211
2 6
1 399
5 25
1 4
1 3
1 1948
1 171
5 10
8 296
1 288
6 90
5 2640
7 686
18 18
9 18
1 8
1 2
6 6
23 27390
2 24
12 261
5 5
1 14
5 440
3 3
1 21747
2 4082
6 157
6 1130
7 2254
10 71
72 90
36 1040
6 5028
2 2
1 2
2 16
16 1551
15 12301
2 18
2 136
1 335
7 189
1 4779
6 9975
2 2
37 360
2 2
26 1670
2 4
12 512
5 30
1 2
5 5
6 1430
21 21
5 1460
1 944
1 1787
17 82
1 3
4 4
1 21
5 40
3 3
1 32
1 3
3 3
6 28
21 474
1 2
22 52
16 32
3 201
1 32
1 534
10 46
9 288
6 5304
3 3
1 15
2 2
25 83456
6 13
2 257
1 4
3 6
2 34
4 1239
9 12
5 6280
12 2316
1 4
1 2
12 96
1 2
17 4981
4 136
3 18
2 30
2 62
1 9670
1 2
15 495
1 32
19 782
34 75
1 11
7 7
1 12
3 5988
1 6
3 3
11 79
19 1118
1 4
11 22
1 5
1 91
1 2
3 9
1 4
7 7735
1 877
1 64
2 984
1 1496
3 12
5 10
6 12
2 6
2 666
2 6
5 430
14 816
3 36
6 6
4 4
12 12
1 286
6 384
6 16
5 220
1 5
4 56
16 48
16 108
5 10
2 2
6 2838
25 29
3 6
2 4
42 99
7 7
1 1587
1 12
1 19
1 15
1 1995
1 9
1 285
19 43
7 7
15 416
12 276
1 4
1 11
6 22
3 3
30 25650
5 670
14 3990
3 15
2 276
16 2752
1 2
11 146
3 855
1 8
2 10
3 3
2 2
1 117493
2 230
1 5
2 26
17 373
3 5985
6 6
4 4
1 27
2 2
2 4
22 44
7 21
32 1911
10 11696
1 2
22 2523
1 2088
1 8
5 620
31 39
18 1465
9 12
3 3
11 7977
1 1082
3 138
2 2
1 1579
7 7
1 2
7 15737
5 2920
1 3
8 484
2 6
1 205
13 208
1 289
39 380
1 5
7 14
3 6
8 63
1 16
2 2
2 2
1 587
6 9594
5 1315
8 29
2 10
12 39
2 6
7 28
12 12
1 2
2 2
4 8864
17 404
1 42
12 12
5 5
2 2
22 22
12 1164
5 5
1 19
1 3
1 176
1 55
1 2
2 4
7 7
1 106
4 4
2 16
28 31
42 543
8 105
1 2
5 170
1 281
1 6
1 45
6 6
1 289
5 450
11 1735
2 42
4 248
1 3
2 2
10 10
1 2
2 10
1 4
13 182
2 652
5 70
14 14
1 2
1 2
1 2
1 16
13 104
2 6
2 2
2 2
2 20
7 105
12 1217
7 7
2 2
2 2
4 100
10 135
1 312
13 33
1 53
14 14
1 9
4 8
1 4112
2 2
21 35
1 4
3 3
10 99
1 291
13 13
1 62
5 5
1 9
11 6083
3 6
13 312
2 8
1 4
1 72
1 299
1 14
9 279
7 1967
1 2
1 285
13 43
3 6
2 6
3 18
1 64
21 112
3 6
1 12
6 4917
1 6
2 10
8 28
5 55
24 65
2 14
7 14
1 264
6 192
2 2
20 951
13 62
9 90
6 3528
1 2
13 9800
18 2032
12 420
10 84
5 15
2 144
1 16
17 569311
1 2
2 2
1 57
7 451
1 2
5 75
1 2
1 42
7 2247
1 34
6 6
1 1563
5 25
5 10905
1 7
4 109
2 4
1 30
6 6
1 10
1 62
2 2
1 9
5 5
14 12348
1 11
7 7
2 1684
1 55
1 5
2 128
12 36
5 110
9 27
12 468
3 3
17 17
12 48
2 2
1 6
1 2
11 11
15 95
4 13560
1 1723
4 12
5 60
2 1640
6 17
10 7014
5 530
3 62
2 2
12 36
1 15
26 26
1 3
1 3
1 3
2 2
1 162
5 45
9 9
17 258
17 7090
2 18
1 2
3 6
1 3
1 43
6 12
1 13
1 2
1 1399
5 1015
8 40
1 7
6 6
1 7
1 248
1 9
5 22145
1 35
3 3
8 8
9 17
6 2403
7 35
10 477
11 629
24 24150
3 12
1 588
1 882
12 12
1 883
11 4887
7 13553
3 8
1 3
1 2
23 46
40 226
19 155
8 8
1 40
3 1788
1 19
4 2872
7 133
2 2
2 26
6 35
12 12
1 7
1 289
5 75
2 2
7 1143
9 54
4 4
5 5
3 168
1 3
1 3
1 14
12 24
5 1435
5 5
1 2
3 3
4 116
14 14
1 331
1 3
2 14
1 12
10 54
5 705
2 36
1 5
29 115
5 39255
2 3842
6 12
8 90
2 68
3 3
1 9
8 48
1 12
12 96
1 4
1 654
10 90
7 1756
4 12
3 3
16 57
1 3533
5 7375
1 11
2 203
5 579480
1 278
1 14
1 3
2 1454
1 6
9 27
1 6
3 6
6 3528
1 28
1 31
26 1428
3 3
6 9
1 25
19 1474
1 167
2 2
1 8
1 3
11 2349
3 3
7 14
25 207
13 13
12 84
1 286
4 4
1 588
5 5
2 4
8 26
1 8530
1 35
5 15
7 7
1 19
2 4
1 115
7 28
12 3000
2 8
1 9
15 1190
1 7
1 15
1 7
20 20
1 968
2 2
14 14
5 6980
10 392
1 1995
4 192
3 3
1 2
2 2
10 10
1 182
34 1765
6 6
2 2
2 12
1 14
2 6
8 420
12 72
14 28
1 7
2 6
1 4
1 877
12 237
34 12038
4 26
1 12
2 40
7 1274
1 5
2 14
19 527
1 16
2 48
1 295
5 75
15 7502
1 4
5 15
1 7
20 20
18 2211
1 217
1 4375
10 18
1 3
5 5
6 6
12 840
2 59
1 3
2 2
13 1144
1 2
12 120
1 44
2 2
1 10
1 885
1 3
2 2
5 5
1 534
1 1292
6 1475
1 2
2 28
2 250
1 43
2 4
42 387
6 22
4 4
21 6919
7 125
1 2
5 9975
5 1380
12 12
1 4
2 14
2 88
1 2
10 20
5 15
5 1855
20 22760
2 2
5 25
1 4
4 3672
1 6
1 65
7 7
1 3
1 1533
2 14
5 50
5 15
2 2
2 54
5 5
42 2026
1 14
12 48
1 3
4 127
10 380
2 2634
1 3
2 4
3 21
13 34
24 13617
1 5467
5 42
3 669
1 6
18 7106
12 96
1 3
5 175
6 12
2 84
2 30
15 52
9 9
83 51733
2 2
1 2
1 2
7 105
2 6
2 1772
6 91
14 98
1 7
2 2
1 968
19 4779
1 62
1 5
6 12
31 14381
1 10
2 130
29 44
2 12
2 26
1 4
1 253
7 126
6 6
1 286
5 320
1 6718
5 15
31 24841
1 332
9 9
2 32
3 6
2 22
12 108
2 2
1 12
2 46
4 2516
1 24
7 196
6 6
9 1935
1 2
2 4
4 4
1 64
1 44
17 347
5 27140
2 2
1 2
29 11415
2 2
2 6
2 2
5 15
2 12
1 3
12 24
2 4
11 28754
1 2
1 7
1 9
6 6
6 6
1 2
12 214
7 133
2 10
3 60
1 3
7 84
1 3
1 2484
1 13
2 16
7 7
2 26
1 2479
1 6
5 175
14 43
2 1212
2 2
1 32
5 70
13 13
1 14
3 24
23 23
15 225
8 48
21 12639
1 2
10 10
6 6
26 442
5 5
1 3
1 14
5 5
12 96
7 42
3 3
6 186
1 13
1 12
2 2
1 89
1 573
7 70
2 4
2 46
1 2
21 34439
1 31
1 597
1 2013
1 30
1 1725
2 12
5 30
1 291
8 40
12 396
1 287
7 98
5 65
20 4300
4 4
2 64
2 6
10 366
2 67
6 378
1 2
12 48
1 15
1 2502
5 22
6 24930
7 14
7 1883
3 3
1 9767
1 7
3 42
3 30
7 23
1 4
3 3
2 10
1 3
3 3
5 30
2 12
2 574
10 15
1 15
2 10
20 20
2 2
1 294
1 387
1 1768
8 1194
5 290
3 3
1 5
2 12
13 310
4 2712
1 27
6 408
6 6
25 40
1 7
5 50
7 14
9 27663
1 553
1 4
1 301
1 7
2 1274
1 2
7 28
1 4
1 3
3 45
15 181
1 20
1 3
4 60
1 3
2 572
3 3
47 674
7 7
2 2586
1 91
4 4
13 26
2 8
1 3
35 276
8 152
10 100
2 2
2 4039
1 15
9 45
2 384
1 13
15 15
1 161
2 5274
2 2108
2 2
6 12
10 20
3 26
12 12
9 9
1 947
2 568
7 14
1 3
7 7
1 9
9 9
1 5
1 2
1 2041
1 5
2 7
7 14
1 1467
5 5
2 36
1 58
2 6
5 5
16 54
2 14
1 2470
4 1019
5 5
19 1241
7 651
3 6
12 72
2 2
1 3
1 2
1 4
1 2
2 34
1 5
10 874
1 4
2 68
1 588
6 8
5 280
1 570
1 2
1 2082
7 14
1 107
5 30
31 42916
1 13
3 3
2 76
8 3685
1 18
1 34
1 4
7 28
1 552
18 36
1 3
1 65
1 5
6 156
2 1766
1 62
7 28322
1 44
1 9632
2 2
5 10
2 722
1 62
12 408
2 12
1 1254
1 100
3 4086
1 3
1 4
1 548
7 811251
1 2
2 2
5 60
7 84
7 6580
1 3
2 6
5 48155
2 12
15 22
24 538783
2 102
1 2
7 7
2 12
2 12
1 9
12 1080
1 588
1 2
7 308
2 2
1 58
4 1866
12 96
1 9
8 21
3 3
6 6
5 5
2 2
1 2
1 3
1 2
1 695
4 20
49 1031
32 1725
5 5
1 656
1 24
12 108
1 64
3 3
2 10
1 408
2 24
1 2
14 1975
5 4840
10 6505
2 2
1 2
1 5
24 8604
1 82
9 189
17 1666
4 448
1 574
2 588
7 7
20 107
5 45
5 675
5 10
4 4
5 10
6 1486
1 64
9 9
5 1755
1 6
1 1481
5 9820
1 2
8 217
1 3
83 11201
1 7
12 60
1 19
4 4
2 2
12 3036
1 19
1 3
1 3
2 14
1 1999
9 19
5 5
2 2
1 371
7 14
1 3
2 2
1 701
1 3
1 573
9 36
1 74
10 10150
18 18
1 82
1 3
7 7
19 4305
1 8
10 10
1 3
14 28
20 153
1 3
1 3
10 552
13 14391
1 2
8 8
1 14
4 6179
1 21
1 2
5 5
1 286
7 14
7 14
1 8
1 34
1 4
2 80
19 83
5 5
2 2796
6 1092
7 154
2 48
1 19
4 24
12 72
2 64
2 8
1 351
1 5
10 165
2 12
5 2935
12 24
4 12
1 312
3 7
1 2
1 12
1 990
3 3
13 39
1 12
1 2
3 6
5 1275
3 9
7 3906
1 156
5 40
1 2
2 2
12 226
7 1869
5 655
6 6
3 3
2 48
1 24
5 30
5 5
4 4
5 250
5 20
6 48
1 2
13 39
1 2
2 22
5 5
12 84
2 2
9 224
3 116
1 2010
7 21
4 16
2 4
7 284
11 41688
3 72
1 4
1 64
1 295
2 2
1 291
11 22
30 7868
16 17187
1 392
4 4
1 6
17 3702
11 858
2 12
40 2413
2 12
10 10
10 60
3 64498
1 4
1 15
5 5
1 44
2 18
1 544
1 288
14 14
10 635
9 39
2 2
2 6
7 7
2 506
8 21
1 5
1 2
1 5
3 3
16 28
4 12
28 37
5 45
7 105
10 108
2 2
1 2
7 7
2 10
7 28
7 112
1 15
1 5
6 9
1 30
1 88
1 2
18 7592
1 7
2 2
2 14
1 1236
12 12
1 284
5 5
1 3
6 12
2 2
1 4073
2 14
2 2
1 15
5 10
1 22
7 903
1 2
16 48
1 4779
1 3
5 10
1 20
4 140
1 301
4 4
1 2
3 3
2 2
5 5
1 6
2 36
11 45508
1 8
2 2
1 354
7 8491
5 5
1 2
1 18
1 4
1 9
3 132
1 5
67 1075
1 11
1 34
1 437
1 32
2 36
1 6
1 6
2 18
2 56
5 660
14 266
2 4
23 4787
17 17
1 33
12 12
31 57
5 10
1 6
1 9
26 8432
3 6039
7 14
10 260
1 2
1 5
4 3824
8 2808
1 11
15 36
1 23
1 15
7 125
4 3064
3 3208
5 2370
3 3
5 20
1 1484
3 5295
2 124
12 12
2 2
1 70
5 12350
3 6
1 297
11 239
11 3908
5 15
2 8
10 142
2 4
2 2
7 28175
1 1399
15 42
10 2690
18 171
2 4
1 29
10 68
13 39
1 4
1 3
7 280
2 2
30 1087
1 302
1 2
2 6
2 2
1 45
7 14
1 132
5 5
5 24370
5 40
2 2
1 33
2 4
1 2
12 600
5 5
3 3
13 17069
1 3
3 6
8 150
1 27
2 2
40 2492
30 1076
1 29
2 548
15 59
9 9
1 7
5 130
1 2
1 2
5 60
1 2
2 114
6 36
5 70
2 2
19 9521
1 14
3 3
17 17
45 242
20 20
14 13138
17 41
7 28
1 2
1 2
16 16
1 14
1 9617
1 9
2 2
39 1944
7 105
2 12
12 156
6 9236
1 14
1 4
3 3
1 140
1 92
14 14
5 170
1 882
3 36
2 10
5 20780
11 17
2 52
10 24
5 5
8 8
1 6
1 2
2 28
13 1949
12 84
1 128
2 6
16 19497
1 739
1 47
1 553
7 112
30 30
7 14
20 571
7 7
21 11580
3 3
5 65
6 6
12 1026
1 3
10 80
1 12
3 18
32 20645
17 464
5 5
6 5286
1 4
2 2
1 9645
17 161772
3 1494
2 4
23 115
2 10
1 30
11 3784
3 18
1 16
1 15
1 22
12 156
5 15
11 81
2 2
6 8802
1 24
1 296
1 3
2 2
13 9503
1 327
7 77
2 4
19 1537
6 72
12 14
5 45
18 18
1 323
1 14
1 2
13 34
16 9200
7 21
1 2
3 9
1 27
1 4469
3 3
9 147
3 3
5 80
3 3
2 8
5 65
12 12
2 1012
2 2
5 37
1 10
9 30
5 30
1 16
5 2870
1 4
7 7
7 7
1 885
1 344
1 6
28 22795
1 7
5 55
18 6808
1 288
1 2
23 147
1 9
6 20
15 8058
18 234
7 14
5 541
21 109325
10 50
1 10
2 2
2 2
3 888
20 64436
4 8
5 53
22 275
1 27
2 10
1 44
7 483
1 961
1 4
2 3058
1 4
1 2
20 108
5 6245
4 17842
1 10
6 49872
9 14
1 1531
3 177
3 3
2 2
1 15
13 34
24 6471
5 45
15 30
1 927
5 1440
1 222
4 1580
15 15
8 120
19 474
1 2
1 16
3 15
7 7
12 36
7 71
1 9
7 28
2 2
1 275
1 7
5 5
1 124
2 2
2 7
12 216
7 14
22 22
29 2065
1 2
2 1176
1 87
5 5
1 4
5 90
2 2
9 9
1 292
3 192
11 2052
7 7
1 421
14 28
12 1332
1 4
1 289
1 947
5 5
2 6
10 20
3 6
5 5
5 10
1 3
1 2
2 85
9 187
5 40
9 18
5 5
12 852
20 53
2 2
18 162
5 5
101 497
1 3403
6 243
6 24
21 17886
1 28
9 117
1 440
5 5
1 13
7 7
5 35
9 81
5 110
2 6
3 1383
2 20
2 26
1 2
1 29
3 3
2 12
10 208
2 584
2 2
1 50
1 2
5 5
3 5301
6 150
12 12
3 3
2 124
2 10
1 4601
8 24
2 20
21 21
2 444
19 4712
1 64
13 1917
2 4
14 6552
1 844
1 14
1 1708
2 22
1 549
9 19944
13 14
19 377
2 2
1 2
1 19
1 6
2 4
6 344
5 10
2 14
1 5
11 515
2 2
1 68
3 15
31 10565
7 7
5 10
6 259
6 384
2 2
3 87
38 1562
6 24
1 4
5 5
4 64
1 36
7 25868
14 14
1 4164
2 8
1 7
1 11
7 7
2 586
1 9777
5 30
2 1898
18 18439
5 80
7 175
47 1816
1 16
2 2
2 98
8 16
2 2
3 3
26 1671
1 3
1 27
3 3
1 2
2 8
8 60
9 19944
2 578
1 25
12 12
2 128
8 3734
4 1460
1 268
6 48
18 23056
5 110
5 5
1 5
6 36
2 2
2 2
7 14
2 2
1 5
1 289
22 310
19 2970
3 84
22 66
14 829
2 4
2 2
1 1541
18 18
12 468
7 7
2 48
1 472
12 852
1 1117
1 11
1 3
3 3
15 15
12 120
1 21
12 12
1 5
5 938
4 4
1 11
9 3787
1 267
3 3
6 1092
1 300
1 588
5 3695
1 3
1 161
2 2
7 56
1 4469
1 1974
7 28
1 140
1 577
7 608
1 30
3 9
16 1701
1 14
3 9
1 32
9 6948
11 19
3 6
12 168
1 3
2 2
9 27
7 448
14 18
5 5
16 2516
7 77
5 12
3 9
24 27734
1 73
5 295
1 13
4 8
6 12
32 353
11 13890
1 295
5 135
10 10
7 14
9 9
2 2
9 72
7 6174
1 541
6 13221
1 252
1 299
2 4
12 120
1 18
1 553
2 2
6 6
35 351
1 2
4 4
8 600
1 4
2 4
4 132
12 1332
2 4
10 204
11 1643
1 31
7 28
1 64
2 2
23 328
7 452
44 939
1 35
1 8
7 35
2 2
26 255071
1 9
4 16
5 15
9 77
7 21
2 14
2 2
40 507
1 41
74 89422
4 12
1 654
1 4522
2 3006
19 23046
1 22
5 12798
7 35
8 2456
19 1178
1 787
2 2
8 11
8 120
2 2
2 8
1 3
1 6
1 2
12 12
5 27185
3 16
2 32
3 3
2 32
7 4025
1 280
3 9
2 2
10 180
6 84
1 5
1 20
7 28
1 2
5 35
1 46
2 12
1 328
3 102
1 8
9 29
14 28
2 4
1 2
5 5
7 70
8 12200
19 349
7 6076
6 3690
10 2687
3 3
6 6
11 2889
5 55
7 6132
1 6
28 203
12 828
1 3
9 390
2 2
1 344
5 5705
1 8
1 10
1 5
5 5
1 8
2 42
1 2
1 2
1 3
1 2
7 14
1 15
1 12
1 2
7 434
9 189
2 4
3 3
20 20
3 3
7 7
1 10
1 78
1 8
10 194
1 9
3 3
4 201
4 92
1 5
4 4
3 12
1 8
2 22
28 35
1 686
24 19551
12 36
23 239
7 114
1 274
8 512
1 36
16 63
15 50
2 8
12 5232
1 2
1 14
1 5
9 3766
1 2
2 178
6 608
2 584
19 6788
9 128
5 10
7 210
8 188
1 70
2 2
3 6
24 3595
19 8484
13 16
6 106
1 287
1 289
2 4
12 168
12 12
5 25
15 60
1 105
1 351
12 72
2 4
1 7
2 26
2 8
1 17
1 3
3 27
1 3
1 318
23 69
3 828
6 156
7 910
8 12024
15 20533
3 3
15 481
1 9
2 32
1 7
9 9
2 2
2 2
3 3
5 2910
1 3
26 33
19 6666
42 19803
1 263
1 2
1 13
8 875
1 11
5 20
26 174549
5 5
1 3
1 37
4 24
3 18
15 15
44 2183
2 2
1 1999
5 25
2 34
13 13
1 849
20 7175
3 3
1 19
1 5374
5 200
2 2
15 9942
2 59
2 4
5 650
1 2
7 1051
7 15
2 78
1 2
3 9
1 5
3 9
15 65
2 2
1 5
4 4
7 343
5 40
2 2
1 4
3 3
10 165
5 3465
2 210
3 3
7 4116
1 297
6 1475
2 2
5 30
15 27
2 1552
13 132
12 24
10 396
1 2
6 6
2 2
1 45
1 4
5 795
5 5
1 2
5 3735
9 12
6 20
10 176
5 5
6 36
5 50
1 43
2 2
1 49
3 4509
1 303
1 10
7 140
12 48
1 354
2 6
10 10
2 2
12 72
1 19
1 2
2 140
1 1614
1 327
19 19
1 24
6 30
4 4
2 2
20 28373
10 58
3 3
1 97
5 5855
1 3
14 36
2 2
1 1266
2 2
1 11
1 42
1 456
1 6
1 3
14 25
1 2
2 6
2 12
5 5
10 1682
1 3
1 3
10 4920
1 5
7 243
2 4
3 36
3 3
5 10
7 7
1 14
1 2
5 3590
1 41
1 307
5 5
3 3
19 6980
2 6
7 7
12 55
37 220
11 3168
2 2
5 5
3 1752
1 64
1 2
13 78
1 2
6 6
7 9044
10 90
5 420
1 293
17 170
1 64
7 49
1 15
5 35
3 3
4 1104
1 53
5 5
12 12
6 9594
3 3
1 322
7 182
12 348
29 88
12 180
1 6
24 916
59 97
2 28
1 2
5 10
7 28
35 1219
12 108
3 3
1 1767
15 4350
7 31010
1 64
1 22
1 7
1 4818
1 940
2 76
8 49
1 67
2 2
1 22
74 134680
2 36
2 4
4 70
3 24
2 2
2 4
14 42
3 3
12 84
7 21
1 404
3 6
1 3
9 36
21 24461
2 2
7 31
10 266
52 1295
1 17
7 7
1 558
2 4148
5 5
2 40
5 10
1 20
3 3
3 12
2 54
1 2637
7 1995
12 156
12 84
28 172
1 284
1 2
7 29967
10 13052
4 72
3 3
1 13
20 344
6 7
2 2
5 20
1 22
1 2
13 429
1 65
5 5
13 3848
3 33
3 3
4 10008
2 26
6 6
8 3479
1 2
1 26
1 11
1 5
1 7
1 2
3 3
21 420
7 562
1 3
3 36
1 2
2 30
1 427
7 84
2 60
3 51
2 82
10 270
1 896
2 1322
7 7
2 2
29 153
3 6
4 6250
2 2
3 6
1 561
2 10
9 20
1 3
2 102
2 1836
1 17
2 14
6 11
1 3
5 15
12 60
16 80
8 8
15 60
2 106
1 2587
1 6
7 42
5 25
6 54
7 35
1 3
1 10873
7 7
2 2
14 236
13 156
12 12
7 7
2 114
1 56
5 5
16 46
2 16
6 24
1 3
1 2082
1 62
5 10
5 5
2 2
1 25
2 20
12 108
1 201
3 12
1 70
14 18
11 11
1 17
4 100
10 240
9 48
1 13
7 406
1 4156
1 35
1 340
5 5
7 91
1 1350
1 2
3 15
10 49312
1 104
16 1033
5 5
5 51
1 11
7 21
8 16
12 3228
21 226
1 15
30 674
11 372
5 165
1 297
35 158106
1 1999
36 16165
12 156
1 285
5 5
1 3
12 72
5 310
5 5
17 309
1 3
2 2
13 7410
7 24731
1 6
1 64
1 1533
8 588
2 16
1 2
1 2088
1 3
2 6
5 2870
2 2
64 120
9 10911
5 5
7 259
18 106
7 7
69 525411
3 192
14 14
5 2460
7 476
3 6
27 54
5 10
1 2181
19 143
5 285
43 748
1 64
1 6
2 2
5 290
1 2296
1 13
4 4
1 2
5 5
1 1382
5 1480
2 3538
1 10906
38 1140
5 1655
4 44
1 5
11 58
2 2
3 5997
10 2850
3 3
1 3
1 534
1 4156
1 4
1 116
1 2
1 19
5 20
1 2
12 928
19 95
29 981
10 20
1 3
1 2
1 2
11 66
2 4
1 544
1 332
7 7
3 9
9 504
3 6
1 7
3 3
1 999
4 8
19 9383
1 312
2 8
2 134
1 33
2 2232
5 4590
18 10566
27 131
5 100
2 2
3 30
15 15
1 25
1 5
3 3
2 4
7 17
1 556
2 78
1 157
7 42
5 20
2 2
1 3
1 3
5 21535
1 82
5 5
1 5
33 2407
7 1841
1 2
1 37
2 56
3 3
13 13
1 147
1 6
1 15
1 2
5 180
4 76
1 1292
3 12
1 16
1 3
13 3705
5 570
1 2
1 94
7 98
9 9
2 4
12 1164
18 141
3 3
8 8
3 1764
5 15
26 35
1 4469
1 1294
1 8
1 3
3 6
1 6
7 14
1 45
18 21075
1 6
3 128
1 6
1 4741
1 64
8 1568
1 8
6 30
1 5
3 6
13 3718
7 16
1 9
3 3
3 12
12 71
1 287
1 59
1 5
1 312
4 4
5 5
1 18
7 21
7 5388
1 286
2 22
1 44
2 574
2 58
14 14
7 8
13 39
6 38
1 2
2 4
4 4
5 155
19 11647
5 17769
8 441
6 46
2 16
14 14
2 2
3 126
2 2
1 7
5 5
2 2
6 1581
1 3
1 135
1 5
2 8
5 5
2 38
3 38
1 19
2 2
1 146
1 14
3 3
3 3
1 2
1 3
7 15596
11 66
5 20
1 4
1 2
2 4
1 3
1 741
1 40
1 15
1 2
2 8
1 14
1 15
3 18
5 5
2 2
1 6
29 1980
3 7506
20 20
1 62
2 2
1 33
7 112
2 4
3 3
1 5
1 6
5 715
10 944
19 25924
2 2
12 96
1 20
13 13
15 26
3 39
3 3
7 9079
14 43
12 468
1 88
1 7
1 285
11 11
10 1560
3 9
1 56
1 3
2 36
7 861
1 6
2 112
3 9
3 6
2 6
5 11080
16 82809
6 114
2 4
17 17
12 780
1 2
3 18
1 52
6 30
2 2
7 14
2 720
1 3
1 354
1 5
4 1489
2 10
1 185
1 16
7 8372
1 868
9 11
12 12
1 5
1 10
2 4
1 22
1 2
3 6
12 2988
6 1806
1 2
1 7
1 2
4 2352
1 31
1 1213
16 3444
11 155
5 15
1 23
7 13965
6 2454
3 3
32 1189
1 6
2 8
4 1148
1 326
9 216
6 1776
8 8
1 9
3 74
31 8751
1 7
24 58
2 2
1 36
1 588
3 18
5 10
12 12
11 1203
2 16
5 20
5 10
1 4
20 180
1 16
2 128
1 3
2 2
5 5
2 2
6 750
3 6
1 1999
1 940
3 6
1 1503
2 10
1 16
1 22
9 4815
1 76
12 36
2 116
2 4
1 2
1 45
2 4
9 9
1 20
5 2720
2 2
2 2
1 2
14 4651
2 32
1 301
28 42452
7 9646
8 2304
1 123
5 25
5 10
1 11
1 13
1 8
1 3
4 78
25 38
3 6
3 12
9 7515
6 24
10 48
4 6
2 10
10 7868
6 25
1 2
1 26
13 1339
1 1443
7 11228
1 289
13 13
4 4
12 11016
25 36
12 324
1 2
1 2
2 16
1 34
2 2
10 100
22 19549
2 56
3 3
1 5
7 637
8 8
32 3435
23 23
4 20
1 11
7 7
11 5472
6 6
10 14
1 269
7 14
1 7
8 66
1 5
6 12
12 12
2 14
5 5
2 26
2 2
18 753
13 19918
2 8
2 2
1 4
1 29
1 51
1 5
1 14
7 2023
2 6
2 14
9 36
3 4509
1 306
12 576
6 1320
7 7
1 867
5 4380
1 3
3 6
1 6533
6 54
13 13
4 7028
12 1164
2 32
1 5
1 2
1 6
12 276
20 15991
1 14
1 64
1 2
4 7996
14 42
2 4
2 2
8 16
23 895
15 206
11 1801
19 34
1 18
1 27
1 304
1 6
11 11
1 62
1 6
1 76
5 30
12 216
7 324
7 7
6 6
7 21
12 276
8 72
12 1332
3 15
10 10
10 76
32 576
7 6734
13 8971
13 13
7 2002
1 36
2 2772
9 161
1 2
12 12
9 39062
2 2
12 12
1 16
7 2604
1 1601
4 548
1 3
1 366
1 3
9 9
1 3
15 17
4 4
5 50
1 22
12 125
1 6720
1 884
2 22
1 285
1 5
4 4
2 2
5 5
7 350
1 301
9 43
5 450
3 54
1 1996
1 252
1 2
14 14
2 4
2 310
1 3
5 10
1 2
7 14
19 37665
1 114
3 9
2 10
5 1745
1 15
3 6
1 37
19 44
2 2
5 5
2 8
7 6160
2 2
1 19
5 20
1 942
1 10
1 91
1 947
1 3
34 1466
3 66
1 3
13 1230
1 2
12 36
1 3
2 2
1 3
2 2
5 425
22 2598442
11 11
1 3
14 1273
2 2
1 80
1 732
2 26
1 2
24 140
22 78
32 760
12 36
15 16
37 1744
4 4457
12 12
1 2088
1 16
2 32
2 2
7 4020
12 12
1 2
10 8836
2 52
6 7
9 2415
1 5
2 2
1 7
2 6
5 5
2 64
13 78
2 2
2 200
2 2
34 2069
1 35
17 65
5 2885
5 30
16 614
12 440
1 140
1 2
2 6
1 3
17 3595
5 4335
18 21258
2 2
1 56
12 72
1 5
1 6
1 884
1 16
6 73
1 4
1 64
12 576
5 5
7 60
1 592
1 14
66 1584
4 16
12 168
5 60
12 3192
7 7
1 161
2 10
7 9555
1 6
1 3
20 44
15 30342
8 510
6 9
5 70
9 18
26 1374
14 28
2 2
15 15
6 6
19 19
19 12916
2 4448
2 1176
2 2
5 10
18 50
1 5
93 122
21 21
2 2
3 6
7 7
1 1998
7 105
1 79
17 8364
17 139009
12 3157
1 2074
5 15
2 10
1 2
2 2
1 44
1 838
1 6
1 27
21 315
3 6
2 2
12 3839
12 934
1 3
5 50
26 9785
1 581
3 906
12 4056
1 334
5 880
2 4
6 120
1 125
9 9
6 6
6 18
2 12
9 3930
1 18
2 2
14 14
1 5
1 93
10 868
5 5
2 2
2 28
5 20510
9 10
1 296
1 57
29 7315
2 86
20 20
1 3
9 21
4 12
1 68
7 7
6 1475
1 127
1 6
1 2
2 2
1 12
1 44
1 926
2 6
51 14399
3 6
6 156
8 32
2 2
5 5
8 2116
14 17
1 4307
15 2266
12 12
21 21
1 3
1 2559
17 10196
1 263
18 18
9 31
1 1723
14 122
1 6
29 113
6 78
3 3
1 13
12 192
10 66
2 10
6 6
6 16
5 5
7 392
1 301
14 14
1 366
9 5751
1 365
1 17
3 21
1 11
5 389
6 9
1 5
6 6
6 6
2 4
7 2002
2 8
1 10
5 785
28 84
5 6460
1 275
2 60
2 2
41 130124
1 12
29 17310
2 4
40 2376
1 2
2 2
7 7
7 14
4 424
18 645
7 35
13 3562
3 32
1 534
1 1522
1 286
2 544
1 2
1 20
1 2
3 3
2 2
1 31
1 1287
2 34
2 284
3 3
3 1500
1 3
1 24
12 300
2 2
21 15362
7 14
7 21
13 13
2 8
1 34
1 16
1 1245
5 45
2 2
9 81
1 2
1 4
1 4
1 64
7 119
1 14
2 14
1 64
19 132
2 2
5 10410
11 11
1 23
17 64
9 9
1 616
5 33860
1 5
5 10
7 49
1 1250
1 7
15 208
1 354
1 8
2 680
2 18
3 6192
2 4
2 2
1 2
4 36
19 7372
1 36
2 4
7 7
7 28
19 31956
2 130
11 16506
1 31
8 1184
10 81810
1 14
10 1032
1 2
2 6876
10 30
1 14
1 3
4 4
5 10
2 2
5 5
1 19
8 16
7 7
7 7
2 4
1 10
7 7
8 36
2 4
29 42
5 14736
12 240
3 3
1 28
7 945
1 3
2 4
15 925
3 5109
17 34
7 672
17 17
8 11086
3 6681
1 1489
12 14
1 23
1 4821
15 30
1 2
8 8
64 480
30 30
6 48
10 60
2 4
19 351
5 20
1 2
6 12
6 6
1 5
7 112
1 3
16 32
1 1563
2 8
5 5
1 441
6 30
1 5
7 1183
9 16
1 765
96 217
1 2589
16 76
2 162
2 594
7 35
2 44
18 18
1 1329
2 2
9 360
26 26
2 2
5 5
33 456
6 368
1 10036
24 120
1 10
2 612
3 9
1 2
10 281
5 10
7 448
5 5
5 5
5 10
1 17
1 11
1 286
2 4
12 24
16 31
2 162
9 47
1 4
2 14
1 2
1 4074
2 4
1 301
1 33
2 4
3 3
2 2
1 12
12 108
2 1144
6 40
3 45
12 312
7 42
1 2301
5 10
10 124
1 3
12 840
7 2863
2 28
24 10088
1 2
2 2
5 15
1 1525
25 30
1 2
1 2
4 4
7 413
12 888
4 1755
1 15
2 2
7 16390
7 60
5 5
1 4
1 5
14 1318
8 2980
3 6
1 2
1 295
6 74
34 103
1 592
5 675
1 5
15 114
5 15
5 475
2 4
1 286
18 36
2 94
2 2
3 3
1 3
2 2
12 228
2 10
1 55
9 1640
1 5
2 2
1 5
1 30
7 406
3 3
6 17
5 5
3 3
2 32
23 370323
5 110
5 30
1 2
4 4
1 15
18 1386
2 114
8 808
2 2
2 64
9 19
7 21
32 1337
4 12
1 4
6 6
16 16
1 6
2 16
12 672
2 2
1 9
1 9
2 66
1 12
7 14
3 3
43 8261
3 27
5 321
2 2
2 598
1 3
10 42
5 2865
5 45
2 2
2 212
15 138
15 51585
1 21
1 47
2 2
10 100
9 77
5 15
5 2460
3 3
1 23
1 8181
1 2
2 6
1 2
10 9490
1 132
1 2
2 4
1 7
1 2
3 42
8 41038
18 2246
1 9
9 261
1 1148
5 825
2 2
2 2
1 570
18 1024
5 75
20 60
5 10
1 4162
13 7696
2 12
5 7445
6 63228
4 3936
8 383
12 24
3 3
7 84
12 12
13 3663
12 96
11 11
11 15
1 2004
1 4
6 6
10 243
1 39
1 291
1 19
1 3
17 1946
20 3318
1 3
2 2
4 68
6 6960
2 60
1 2
11 41
14 14
1 3
5 5
1 301
33 229
10 24
1 6
1 1767
4 8256
1 492
10 970
5 5
1 9
15 1491
1 2
20 352
13 26
2 2
5 1056
31 39
6 7054
1 2227
9 55
13 3572
4 44
6 6
2 82
12 360
2 4
13 30072
1 9961
1 351
1 44
1 30
10 68
1 2
1 46
11 10323
1 5
3 9
2 28
12 12
2 4
5 25
1 103
22 51
2 2
5 8010
2 696
2 2
1 4
5 12185
6 24
1 12
5 5
6 18
7 76111
1 288
5 1745
1 2
18 73
27 294
1 35
1 12
30 12550
1 17
9 11
2 2
12 12
5 10
14 28
15 32320
2 4
3 867
1 2
1 23
2 10
1 1912
12 1332
6 6
20 211
1 4
5 10
7 5866
11 891
1 288
6 26766
11 767
7 35
1 10
1 2
7 3508
4 2378
1 24
1 88
1 5
4 4
2 2
1 2
1 294
6 6
1 1092
1 4
1 14
5 4630
5 10
9 18
1 3
1 877
6 5682
1 7
1 3
1 34
1 303
1 3
10 60
8 8
4 4
5 5
6 121
15 1866
5 443
5 5
5 655
14 48755
22 301162
1 3
1 49
17 349
1 10
35 44
7 10668
1 2
1 8
1 10
2 2
1 4
1 2
3 6
1 6
19 57
12 12
14 1640
11 66
17 3839
5 75
4 137
14 14
1 1252
5 35
13 15106
1 20
6 6
6 6
1 125
2 2
1 1725
1 301
3 3
10 237
1 15
12 237
5 6
1 34
5 4425
5 20
2 6
6 6
12 1332
1 588
2 2
1 907
1 4
28 98
5 1200
1 268
13 260
2 16
7 49
2 2
12 312
3 81
23 27
2 126
1 5
11 2560
1 4
2 4
1 3
3 21
13 543
10 19
1 56
5 340
6 1475
5 5
5 310
9 1157
4 5
2 2
5 885
1 3
5 15
26 18939
1 41
1 15
2 46
25 69
7 14
5 5
1 592
2 2
5 9815
12 4464
1 261
10 38
1 45
5 5
2 2
1 9
35 626
1 2
5 5
2 124
4 66
15 77
6 6
2 86
20 60
1 8
13 37180
10 12
3 4584
17 131
3 9
2 64
23 90
9 16
1 75
5 5
7 7
5 48236
5 29725
2 2
12 192
9 9
1 2
1 4978
1 5
9 943
2 2
1 575
3 6039
2 588
1 304
1 11
5 5
1 2
16 3604
1 286
2 556
10 10
14 1058
13 13
11 377
1 64
1 66
1 347
3 3
1 7
2 2
11 2933
5 1485
18 18
6 12
5 5
1 2216
1 1198
5 20510
1 1021
2 6
2 4
3 3
1 20
1 21
2 2
1 4
7 7
10 12
1 4
6 18
3 9
10 303
6 6
4 654
2 30
2 2
2 2
3 15
2 6
7 348
24 6939
1 32
15 803
5 5
7 7
24 4576
2 2
1 939
6 132
6 54
5 10
1 11
7 7
3 6
3 20160
3 3
2 138
1 9
1 1748
15 15
3 3
15 375
33 111354
2 62
2 8
7 14
11 9647
1 344
2 2
2 2
1 6
6 47
3 12
1 2
2 2
1 30
1 286
10 30
1 2
9 9
12 36
2 10
7 1036
16 79
4 4
1 3
1 4
5 205
7 158
3 3
5 4360
1 248
1 58
1 9
7 196
4 4
5 30
10 28
1 87
5 305
2 4
5 3740
1 23
27 3681
2 4
1 1601
7 7
2 2
10 10
5 1275
10 86
2 2
1 270
1 2
1 3
1 591
1 64
2 2
1 4269
13 65
3 3
1 19
1 10
1 16
16 64
22 88
1 1160
12 108
3 3
1 877
1 6
1 2
1 867
10 1469
7 98
6 1890
1 2001
2 2
1 296
1 2
3 3
3 3
19 495
10 8820
2 2
5 20
1 16
7 35
13 13
2 18
20 14914
1 3
15 930
2 6
1 3
13 3944
1 4647
9 9
1 4
10 108
2 50
1 6
16 16
6 12
5 24090
28 43
15 9086
12 276
4 6012
1 57
3 3
5 40
2 10
17 1735
2 2
5 19810
1 4
11 273
1 79
7 7
1 1822
3 3
26 26
1 5
1 15
5 70
1 2
1 67
2 10
8 32
2 2
18 18
14 18539
7 49
2 2
1 16
18 35379
1 351
18 76
4 7996
10 2876
12 36
22 2420
9 153
2 2
1 10
5 13
6 6
3 21
2 2
9 192
1 9
1 6
1 10
6 12
6 629
4 4
1 12
8 232
6 36
1 170
1 32
6 18
37 46
1 307
2 576
2 2
1 323
2 4
1 287
1 1996
2 4
12 36
7 2009
1 2
15 351
14 67
1 8
16 22542
1 2
7 269322
6 300
1 5
6 208
2 24
1 4
17 3490
1 1767
2 2
14 14
1 45
3 3
6 3176
1 2
18 18
1 42
7 14
15 15
1 14
1 168
6 12
7 7
3 6
1 5
5 5730
1 9
14 1341
9 27
2 144
18 592868
1 3
7 41
2 4
2 2
7 8340
1 895
2 2
43 584
22 12848
2 4
11 12887
21 185
10 90
1 302
1 2
2 2
4 1968
5 25
1 10
1 287
17 68
35 39
1 12
1 2
1 3
1 72
6 12
2 6
17 17
5 40905
2 8
1 43
1 6
7 49
1 2
5 7335
2 2
1 7
10 20
10 1330
2 366
6 6
8 2152
1 11
1 287
5 120
21 294
1 3
6 12
1 4
5 15
2 2
1 6
1 294
2 2
52 136
5 5
9 259
2 2
1 5
2 4
12 12
4 20
1 1999
1 5
2 228
35 21459
1 50
35 106
45 22331
5 5
15 34
1 3
2 2
1 355
1 6
1 11
3 3
1 1757
2 124
3 3
1 885
1 51
7 31
19 12448
1 366
2 7508
2 2
8 8
9 18
1 8
32 31101
2 6
2 2
5 5
3 18
2 5640
1 2
1 6
7 14
1 6
18 18
8 3724
1 10
1 13
1 2
17 34
5 170
3 393
6 384
12 12
32 689
8 1258
1 3
2 2
5 5
2 2
1 248
2 2
38 381
12 156
20 2272
1 52
5 5885
25 51600
1 2
2 4
5 50
7 1008
7 21
6 3510
1 2
21 1347
26 257
5 205
5 10
2 2
9 27
3 3
1 221
1 269
2 2
10 246
8 8
3 24
5 15
7 4123
1 4
1 882
1 1092
6 1860
5 50
28 38
2 20
1 11
3 3
1 32
2 2
1 1757
1 1176
1 5
5 20805
12 2661
1 4
1 4
2 14
8 28
11 81
15 15
1 3
1 40
2 446
6 29
1 2
3 18
2 2
12 72
2 8922
1 4
5 5
11 297
2 2
1 2
2 28
3 12
1 5
7 4144
6 6
5 30
15 15
7 21
6 30
1 2
1 62
10 10
7 14
1 22
1 348
15 60690
1 12
2 2
1 16
1 1525
17 1159
6 6
1 389
3 9
2 570
1 34
2 6
40 456
3 1764
1 269
6 27
2 16
4 4
1 3
6 17
4 46
2 2
1 2
15 225
5 1405
14 14
7 210
5 5
12 1980
8 616
7 7
18 1227
12 24
3 3
32 876
5 29385
3 3
1 45
38 74
8 4704
1 791
12 348
12 1368
1 297
1 326
1 297
2 38
5 5
1 19
3 30
5 5
5 5
20 555
8 2970
1 287
2 2
7 92
1 5
1 4
1 34
5 15
30 30
3 6
1 3865
5 25
1 2
15 1246
1 20
1 4027
13 13
12 60
1 3
15 3433
1 28
42 364
7 14
2 2
3 999
7 7
2 4
2 2
12 1164
1 7
5 10
2 2
7 270
2 562
1 20
7 63
6 6
33 30911
2 2
2 22
1 8
19 1351
1 287
1 2
1 9
38 3294
12 576
25 25
11 6804
1 1528
4 7012
3 3
6 18
1 14
12 12
5 5
2 2
5 111
1 7
26 212
3 24
1 40
1 289
31 31
5 5
15 20670
1 2
1 18
4 572
6 36
1 354
1 134
75 78857
10 74
1 134
6 8032
1 612
16 153
12 72
1 4
3 882
9 162
1 3
1 80
2 12
2 4
12 36
12 504
1 87
1 580
1 1124
10 15
5 35
3 7443
5 15
1 2045
6 6
2 2
2 2
8 8
2 4
1 35
1 574
1 3
21 42
1 226
6 9
33 48
12 804
4 4
14 14
6 6
12 96
2 8
3 5931
5 30
4 1755
11 44
10 50
20 72
2 2
25 11484
12 12
5 26990
3 183
13 3952
1 2
2 2
2 135
1 925
4 1816
8 868
2 2
1 6
7 28
1 115893
23 69
12 26784
1 15
34 8121
2 1880
5 15
1 6
7 7
12 48
4 8
2 22
2 2
1 2
1 3
12 252
13 13
1 4
2 1276
5 30
7 126
1 44
1 5
2 2
32 3159
4 3596
2 2
2 10
1 287
13 32526
2 6720
14 308
1 5
1 2
26 647
6 6
2 6
1 908
1 15
5 5
1 8
67 1943
13 13
1 287
2 86
5 35
10 30
1 302
3 3
1 350
21 6006
19 24066
2 2
2 10
12 72
12 2184
3 6
1 8322
7 7
21 63
1 31
6 30
5 12
1 4
5 48160
18 971
5 10
41 39414
63 63
1 7
12 12
3 21
5 30
20 3586
1 152
10 1130
1 43
1 5
10 10
1 17
5 4475
1 81
2 2
2 2
4 24
1 11
2 10
4 8
1 2
1 43
15 54
5 5
8 40
1 1995
3 3
8 687
6 7
29 29
1 4
1 2
7 35
2 30
12 10058
5 7320
13 65
2 14
1 18
11 11
7 21
41 22938
2 2
3 9
6 6
18 25
1 22
3 183
2 4
1 10
7 7
12 516
2 2
9 9
3 3
2 10
4 5261
1 6
1 2
1 588
3 13
3 855
2 2
1 2
10 10
1 115896
7 14
13 130
7 391
1 3
11 141
2 6
1 6
3 3
7 29234
3 54
1 288
1 8
1 2
1 5
4 4
1 10
7 243
29 107
10 45
9 1008
2 38
1 295
10 2834
9 1316
3 51
12 84
1 340
2 8
3 39
5 5
1 8
1 3
8 112
1 17
1 10
1 4876
16 4617
5 10
8 8
1 27
1 287
1 286
6 18
15 12582
15 2414
5 10
3 3
1 1291
14 109
1 64
1 10
13 13
13 53
2 2
1 1999
29 23377
9 9
12 36
5 5
1 14
6 6
1 2
7 35
12 36
5 7515
2 2
52 83199
2 2
10 14670
5 5
10 328
5 105
1 347
7 18123
5 10
12 12
2 2
1 275
2 2
3 6
10 130
38 73
5 10
5 180
2 30
5 135
5 15
2 6
7 7
2 6
1 98
1 3
16 215
2 10
1 3
1 7
5 6260
26 39
1 285
8 971
5 340
6 282
3 3
2 2
2 8
12 3564
1 27
2 65
1 35
1 1708
1 95
1 2
11 11
9 27830
7 14
1 3
3 3
4 20
1 4
21 517
1 22
14 33
16 32
7 7
2 2
4 38
2 128
1 3
6 108
3 3
7 1242
2 2
6 24
13 13
5 5
1 15
1 5
10 84552
18 270
6 6
6 9461
1 287
7 434
10 5486
8 40
1 287
2 12
2 594
1 4
7 7
1 13
7 28
6 45
1 23
2 8
1 15
2 2
1 299
19 4320
2 36
5 3233
18 90
1 10
12 168
1 44
1 63
2 1184
1 21
1 286
8 8
6 126
5 60
1 2
9 44
1 574
1 87
7 4016
1 4
1 9
5 1505
1 20
14 56
3 6
5 10
1 6
1 3858
1 4
1 50
1 3
4 28
1 419
7 4116
2 116
11 27
2 2
18 143
9 9
3 27
3 15
8 8
1 3
6 24
1 6766
40 1274
6 13344
6 1475
3 9
3 22
1 9
2 4
6 257
2 584
7 7
2 2
14 14
8 96
3 9
1 120
1 2
2 496
1 2
6 18
2 2
15 15
1 6
5 290
1 5
3 15
1 2
3 9
13 260
1 15
19 9273
1 1141
1 31
5 4335
39 20769
20 5166
9 80
3 33
17 17
7 7
18 6487
2 2
2 78
1 17
1 12
5 10
5 70
14 8022
5 5
1 72
2 2
12 348
1 3795
1 1964
20 115
2 6780
9 9261
6 30
15 38835
2 30
35 718
2 109
1 286
1 52
5 60
1 69
2 40
5 40
2 12
17 1799
2 2
1 176
13 14
24 91875
1 4
2 2
8 26
11 6798
2 6
7 4060
2 48
9 7119
4 16
1 2
1 22
1 4
1 881
6 75102
2 2
1 1375
1 327
5 135
6 41
26 52
46 4216
1 8
9 9
2 2
1 2
1 3
5 340
2 46
21 61
40 21421
5 5
1 11
7 7
2 2
12 264
2 118
8 70
1 181
12 12
1 4
5 5
5 5
1 4163
1 947
4 1096
3 3
7 112
1 1604
1 16
27 1050
16 64
4 4
7 7
1 10
6 18
15 900
30 170
20 32
1 332
5 5
1 21
4 8
2 4
1 1974
1 376
11 15
4 28
10 218
1 3
5 70
6 6
1 592
3 3
1 6
1 14
9 9
5 5
21 1422
2 2
2 10
2 2
14 14
1 12
9 7686
5 95
22 88
9 27
5 230
1 5
1 163
12 96
1 4
7 7
16 271
5 5
1 2
12 384
1 2589
5 5
16 743
1 2
2 2
1 2
2 2
1 2
1 2
1 124
9 9
34 294
24 5572
1 7
2 2
4 2292
2 10
1 4
1 11
9 18733
3 3
2 2
19 290
3 885
3 6
7 1795
3 69
5 215
6 142
5 4695
47 628
1 40
1 11
5 60
3 3
27 27
40 90
1 1265
5 5
1 4
1 2
5 130
1 22
3 15
1 5
1 64
7 21
1 14
7 14
2 2
12 286
1 67
4 32
2 2
3 27
5 5
3 3
1 3
1 592
6 6
7 2478
2 548
5 1550
12 636
28 86
5 60
3 3
12 36
2 4
5 30
24 6642
1 184
7 14
1 3
3 336
1 508
1 3
5 5
9 266
17 143692
1 64
1 54
5 10
2 4
1 5
1 11
3 3
20 250
8 16
15 4454
3 26
5 290
12 12
1 3
17 4879
18 42
1 61
2 2
2 4176
5 15
1 4
4 1476
1 9
1 58
1 3
1 26
1 7
1 9
1 3
1 332
12 36
1 5
1 592
9 281
5 90
28 5182
2 2
6 6
6 54
2 202
11 44
1 6
1 12
7 3925355
5 5
5 1745
1 286
8 3516
13 28
1 70
4 844
2 28
5 15
4 20
5 5
1 2
1 10
3 6
65 14032
1 40
1 15
1 558
1 8
3 9
10 358
1 2947
1 2053
1 1524
4 17
1 7728
5 30
1 292
1 18
1 7
1 287
