3 128
3 6
35 117
2 1770
14 572
1 10
1 6
10 30
3 3
5 5
1 13
7 35
3 24
2 4
12 840
12 12
1 3
5 10
5 2870
12 48
2 250
1 24
1 26
1 4
2 2
1 5373
8 16
1 5
7 4685
1 2
20 802
1 7
2 2
14 98
6 138
1 2
8 112
5 100
2 770
1 2
7 20
1 408
63 153
93 122
1 5
1 5
12 108
3 9
6 30
12 36
1 23
1 140
7 161
15 6516
2 4
7 49
1 4
6 5670
7 49
1 10
2 8
51 352
2 2
1 618
2 2
1 3865
7 7
1 13
2 6
4 56
1 6718
7 42
1 582
1 3
1 3
12 768
6 6
2 2
1 10
15 20533
5 2460
19 38
5 55
1 13
1 64
3 15
12 1332
5 15
28 35
1 2559
15 15
1 10
19 4320
2 10
1 584
4 28
1 947
33 111491
5 220
1 390
1 747
19 127
2 36
6 18
1 29
2 2
1 599
5 30
2 34
1 3
1 2566
1 307
5 70
7 28
1 2
5 5
5 465
5 5
1 1524
12 1408
1 14
10 4920
12 108
1 269
7 9
1 2
1 491
12 12
3 9
1 10
10 60
1 4
6 74
15 15
10 644
1 4
1 4
1 6
1 2008
13 13
2 2
2 12
1 45
2 17
10 104
1 87
6 18
16 32
1 86
12 72
18 52
12 12
2 941
19 72
3 3
5 70
13 23
3 6
6 18
28 31
2 42
1 2
2 38
2 2
1 2
2 2
5 450
2 2
29 208
1 116
6 18
6 7
1 35
1 349
12 3564
2 2
7 14
1 470
1 581
1 1756
1 2
1 2
5 5
5 20
1 3
1 7
5 60
1 2
2 2
5 185
2 14
2 68
5 35
20 36495
2 32
1 115
1 93
2 2
1 2
2 4
5 5
1 19
1 4522
1 58
1 51
1 2
2 6
18 7095
5 290
13 14378
16 16
7 14
1 907
37 125
7 10
75 78722
5 30
1 5437
79 446
21 420
2 4
11 22615
1 2
2 2
12 1164
3 3
5 40
2 136
12 636
1 5
21 17886
2 110
5 1885
12 216
2 6
1 16
18 18434
13 3718
10 12
1 2
7 7
3 3
8 16
5 320
9 576
1 2
5 6460
5 12505
9 18
12 768
1 8
1 19
1 4046
5 80
9 9
7 7
1 275
1 277
1 12
2 22
4 109
1 16
2 6
7 14
1 19
16 4316
3 18
6 30
5 5
6 1475
2 698
7 189
1 64
1 25
1 822
20 20
1 13
9 162
40 2050
9 252
5 1745
3 3
9 55
24 27710
10 240
4 4
12 636
7 105
12 60
2 2
1 51
5 10
1 42
1 90
1 365
18 70
15 3482
1 18
33 48
6 340
2 4
2 4
4 2292
1 886
1 33
3 9
3 3
1 40
2 104
2 2
25 109
2 10
9 5040
16 119
3 876
12 24
5 8765
10 2175
11 19
1 2
1 838
1 89
2 2
5 130
17 4981
1 4
14 14
9 37
1 4
16 81
19 3506
3 12
1 21
13 143
10 56
1 4162
1 3
1 6
1 2
1 4
1 574
7 35
17 383
12 432
44 7285
13 1924
1 293
1 4
1 5
1 2
2 2
11 2889
17 17
1 3
1 222
2 6
20 205
1 67
1 4
1 2
5 15
18 813
13 560
14 70
18 139
1 16
13 13
5 25
1 1767
2 22
5 5
1 133
1 1503
2 60
10 61
2 2
2 8
1 4167
1 3
5 20
5 15
2 2
12 24
7 49
5 1267
15 209
19 527
1 58
6 18
1 6
1 1999
1 2
1 287
1 3
10 74
2 4
2 8
7 42
5 285
1 2
7 446
1 4
1 137
7 210
6 3528
3 3
1 2
7 7
5 5
1 1020
6 12
1 5
7 9
1 5
1 2
5 10
2 10
12 12
2 2
26 403133
9 4893
2 2
6 6
1 1166
1 15
3 63
1 5
1 103
1 8
1 31
1 587
1 4
7 7
2 2
2 3
3 7589
2 30
18 166
15 435
2 2
11 3201
2 26
1 29
7 63
1 941
2 4
3 867
4 4
3 3
10 30
3 15
2 2
4 24
3 6
10 218
7 14
2 10
1 289
1 885
2 2
5 5
21 294
1 247
5 10
1 5
3 3
1 5
1 15
1 5
1 56
1 5
6 3570
1 8
1 294
2 4
1 2
14 1640
3 12
1 12
3 6
40 590
7 1199
3 3
15 15
1 139
2 30
4 4
1 107
2 6
21 27
1 2
35 39
1 3
10 2690
1 1687
6 384
42 1335
1 587
7 7
24 168
26 1548
1 716
1 10
1 5911
7 1617
11 25
1 3
7 21
2 2
1 2
1 3859
5 5
10 57195
6 6
1 2
3 9
1 52
2 4
9 9
2 128
4 36
1 584
1 7851
16 594
1 293
2 2
1 41
5 10
2 2
23 92
5 5
10 266
1 2
2 4
2 4004
1 1995
5 55
2 2
4 48
1 3
5 10
6 12
1 8
10 90
17 68
3 3
24 2060
1 65
1 35
1 588
13 312
1 64
1 287
1 19
2 42
18 36
1 906
19 783
42 3912
5 5
4 20
2 6
2 38
17 3699
1 12
19 311
12 12
1 12
1 1768
5 35
1 11
3 3
6 6
5 1405
7 4109
6 24
5 5
1 10
2 2
1 2
2 18
1 587
2 504
2 8
19 320
2 16
22 337
10 62
3 26
7 7
1 3
1 4
16 677
2 2
1 2
3 858
1 18
8 16
5 192
1 25
7 7
13 86
2 72
37 10482
1 3
1 126
7 7
1 2
12 36
1 1162
2 1120
2 2
2 28
2 4
3 21
1 553
3 6
31 52061
2 2
9 27
1 18
2 10
14 31
4 73
9 9
10 36
1 15
1 24
67 1943
6 7
1 22
4 56
1 17
2 2
69 525411
5 5
6 340
49 78
5 5
12 636
1 1382
3 6
2 2
1 26
1 5
1 140
1 3
5 10
3 2631
5 5
6 84
1 16
5 1745
1 2
29 29
8 8
12 12
1 2481
7 7
12 120
1 289
5 5
1 270
5 10
2 4
5 135
8 440
1 14
12 60
12 48
15 54
20 48
1 63
5 5
13 39
7 283
8 16
2 10
1 2
1 62
7 413
4 8
27 344
12 5232
5 12335
1 264
1 395
5 5
1 90
6 6
5 340
2 46
15 465
1 1292
22 48
6 20340
2 4
2 8
2 2
1 2002
3 3
2 2
1 68
7 128
6 157
36 1040
9 9
13 3993
10 4846
3 3
1 5
7 14
5 5
6 38
20 92
6 138
5 2995
1 3
6 24
1 4
8 8
1 334
1 19
14 4683
13 13
1 26
19 37654
2 12
5 4335
2 56
1 25
11 11
2 6
2 4
9 3787
1 2
2 2
5 10
14 140
3 9
18 10105
18 35866
3 9
1 4
2 6
1 87
18 1152
5 10
67 1658
1 2
2 30
5 30
2 2
20 317
18 519
1 7851
1 70
1 74
5 5
10 135
14 28
7 7
25 65
5 106
1 4074
1 2
1 5
6 6
2 18
5 100
8 77554
1 280
1 60
1 24
1 2
4 4
12 348
2 14
16 4592
2 2
2 10
9 9
9 845
5 15
1 1162
5 2399
28 28
1 117
1 10
1 2
3 18
1 1999
24 10109
1 36
5 1815
3 7
5 5
7 28
15 1390
1 29
15 974
2 144
13 39
13 30596
5 400
1 1399
3 3
1 5
1 10
2 2
1 981
12 24
1 3
1 6
1 65
6 30
2 14
1 3
1 4
12 276
9 135
7 7
2 4
2 2
9 189
7 7
2 6
7 28
1 6
1 31
11 81
3 6
35 1138
21 5520
5 5
4 4
6 12
5 281
7 13
21 298065
7 91
12 1080
2 42
2 2
14 43
11 33
5 30
1 3
1 10901
3 3
2 22
1 2064
10 146
5 1430
20 60
5 5
5 39255
8 48
1 2
2 2
2 578
2 6
12 96
1 1142
1 2
2 8
4 4
2 2
16 18
11 20
11 1731
1 3
5 5
5 10
5 267
1 9
5 11125
11 81
2 2
1 40
8 35
8 868
7 56889
1 52
12 39
7 70
27 411
18 187
11 22
6 264
32 8671
3 16
1 59
1 78
7 7
20 110
7 21
1 15
5 275
1 17
1 9
2 2
1 1362
12 840
37 1192
2 124
16 32
5 5
18 744
1 170
1 389
2 10
16 35
15 225
5 25
1 44
2 566
3 42
7 14
27 20572
1 50
7 9541
12 156
3 3
1 2
2 4
7 140
1 3
5 2865
1 327
2 8
7 14
1 12
5 5
1 2
5 5
2 8
14 14
1 580
7 7
31 8364
1 331
1 13
12 1205
1 3
1 2
6 6
6 7054
1 23
8 120
15 2592
2 26
1 161
36 172
1 2
1 942
2 4
1 11
2 5280
1 9
3 3
33 2407
9 26
1 58
5 5
9 77
1 6
2 12
33 459
4 5172
1 1995
3 3
2 50
7 7
2 524
1 2
2 2
6 72
1 7
7 14
1 3
2 44
19 1174
1 16
8 21
1 751
5 40
12 72
1 2
9 9
3 6645
5 5
1 815
4 4
2 2
4 13823
16 8624
21 15362
1 267
52 83179
5 25
3 69
5 10
7 567
2 984
2 2
1 618
1 62
2 8
2 138
5 5
5 165
9 1176
5 11205
2 68
2 2
2 2504
3 3
10 10
1 3
4 5261
4 4
6 257
1 3
2 2
1 1920
1 13
1 2
6 48
2 2
19 2194
3 3
6 6
2 8
1 2481
1 22
2 16
26 52
5 10
10 475
17 27268
12 12
1 63
1 6
1 8
7 352
13 13
1 49
13 156
3 21
16 19497
46 1332
7 406
5 1460
14 294
5 10040
14 14
1 323
1 4
3 3
6 6
3 3
1 283
2 10
4 527
8 11
2 2
5 5
1 17
2 158
1 37
1 301
5 3325
3 3
1 730
18 6477
5 1275
2 10
2 32
3 3720
8 40
3 6
3 1854
2 2
12 12
5 5
17 349
4 20
1 2
4 104
11 220
4 4
7 469
1 1236
13 1144
2 9312
14 14
2 2
1 3
22 2598090
1 2477
4 76
3 6
11 5526
1 2
3 15
2 4
2 3446
1 15
3 1788
1 32
5 450
5 6870
3 3
1 944
2 2
1 2
5 55
5 1485
1 173
2 2
1 2
5 25
12 12
3 84
1 9961
2 2
1 4
31 27953
1 3
9 5880
48 6095
1 97
1 908
2 2
60 1874
1 5
2 2
1 2
1 188
3 26
2 26
1 583
5 1745
1 7
5 66205
1 10
5 4535
14 56
1 3387
12 576
3 15
5 29895
7 7
17 58
5 5
6 6
1 10
11 2055
3 9
1 10
9 18
1 786
2 4
7 2002
1 6
36 602
19 155
12 12
3 3
1 219
1 5
2 4
4 12
1 30
1 885
1 64
2 32
4 1040
2 2
1 1950
1 574
7 161
10 2384
1 3
2 2
39 3411
5 2895
8 4631
4 16
26 18951
23 23
1 289
2 2004
1 24
1 4638
4 10
3 6
13 286
7 7
3 30
1 2
1 10
12 228
14 412
1 240
15 225
2 1656
2 230
1 2074
1 12
17 3817
1 14
11 11
5 1770
1 68
12 120
16 352
1 588
1 2
52 448
3 3
1 498
8 40
5 5
1 2467
1 22
1 637
10 10
3 42
9 225
5 10
5 30
1 867
7 7
1 377
1 751
10 264
1 172
1 2671
6 6
8 16
1 5
1 221
1 1599
1 288
31 40
1 2
9 9
7 14
3 3
5 10
7 243
1 299
1 10
1 7
18 36
31 772
1 2
1 5
1 15
2 2
5 6
6 253
1 29
12 24
1 2593
20 23
2 24
15 126
14 14
1 4
1 9
1 15
7 7
1 13
8 2408
3 9
19 10734
19 75
7 5257
1 344
1 8
7 40
5 4835
2 2
1 2
1 16
24 60312
1 67
8 72
2 2
1 391
40 226
9 36
1 2
7 9
3 6
21 233
11 90
1 12
2 1158
5 315
1 967
22 110
1 9
19 23028
1 16
1 204
4 17
8 8
1 331
19 8331
2 88
2 16
1 77
1 1096
11 1169
1 5
6 42
13 37243
8 2296
6 426
2 596
1 6525
2 8
59 162
1 22
4 4
21 21
6 6
1 8
23 290
11 18
1 2046
12 768
1 23
1 354
15 45
1 67
5 20845
1 17
1 2
7 267
8 150
10 10
1 62
1 852
15 60
26 25330
7 2856
2 2
12 708
13 13
1 573
1 2
3 3
12 48
6 18
7 1764
2 18
39 240
7 8525
7 7
1 27
10 3608
3 3
2 1218
1 2
2 548
1 2
1 4
3 36
1 11
1 2053
1 3
1 4
1 3
2 86
5 5
1 8
1 3
5 4226
14 674
8 19808
1 5
15 17
2 46
7 7
1 1767
21 34439
1 64
7 7
20 40
1 1303
2 4
1 15
2 126
2 20
1 11
2 144
1 2
1 2
7 7
2 4
5 42
4 4
7 7
1 2
3 6
1 3
1 2
5 36
3 6
2 6
1 91
1 9
1 5
12 12
1 5
5 5
6 12
7 56
6 156
1 10
5 25
2 2
5 2980
16 199
1 2
40 1982
5 615
7 7
1 303
1 13
1 13
1 2
1 400
1 269
11 1573
2 2
1 36
1 537
1 2
1 16
16 25
3 15
1 944
1 2
12 204
1 2
1 25
6 6
2 6
1 1600
1 103
2 2
9 70
1 288
6 21
1 2
1 312
2 2
41 2334
9 39
5 5
1 1523
1 6
1 13
1 45
7 1967
1 16
6 1475
3 336
1 6
1 23
5 150
6 7945
8 617
2 64
5 5
2 6
1 32
19 1178
1 37
1 45
5 465
3 15
2 38
1 6
6 6
1 10
1 4469
1 2
3 3
18 601
1 6
4 23544
1 2
2 2
1 44
6 6
10 10
7 14
5 285
2 240
1 27
1 34
18 32997
1 308
2 6802
1 301
13 4238
4 40
1 2
7 7
5 75
12 876
1 4
1 14
12 96
11 100
1 2
20 372
2 2
7 21
4 5
29 42
12 72
7 4025
5 2885
1 3
1 3
7 1841
1 1399
6 138
18 54
9 5751
8 36
2 2
26 1423
12 12
2 10
1 264
2 32
1 326
1 2
37 664
7 7
12 24
1 11
3 3
2 2
1 499
1 2
1 288
1 335
2 50
3 15
1 33
10 20
6 24
7 245
1 7
1 1040
10 380
7 3925439
7 14
1 3
1 18
13 53
1 304
2 2
12 192
2 2
10 80
4 256
16 3645
12 348
1 19
1 290
11 11
13 42
13 13
6 1806
1 2
1 49
7 42
5 65
2 10
1 6
2 24
2 2
1 7
1 18
3 3
1 159
1 148
1 2
6 30
6 6960
26 2538
1 171
7 19
20 20
5 5
12 168
5 3725
2 2
1 3
7 7
1 5
1 32
2 2
4 8
1 6
7 7
3 12
1 43
5 25
15 40
1 868
24 20940
1 2180
14 14
6 120
2 4
1 587
1 19
2 2
1 2
1 10
2 1424
16 41
3 12
2 4
1 3
8 448
8 24
10 144
7 35
1 2
2 2
2 2
7 35
2 24
2 1082
1 2
4 16
2 16
1 115877
3 9
2 2
3 6
1 7
1 39
1 37
1 18
3 1224
7 6076
2 2
2 2
8 567
5 5885
18 5703
5 10
1 7
1 289
9 9
1 2
4 12
3 27
2 1776
1 940
1 3
5 805
15 1050
9 5859
2 2
9 53
1 4
1 16
1 8
4 24
7 63
2 128
2 8
1 14
10 10
12 12
39 1944
2 32
7 21
3 3
3 12
5 7455
1 828
1 13
14 1057
2 2
5 5
1 12
2 38
7 154
6 28
9 18576
5 30
1 287
15 23083
1 143
1 312
7 7
2 2
7 20
12 605
40 1924
9 145
2 574
6 5304
5 730
1 1490
2 12
14 28
2 2
7 7
10 18
2 2
3 3
19 9593
5 5
2 4
1 401
5 5
3 6
12 276
2 16
12 84
5 12
4 92
5 5
2 32
3 74
5 5
2 2
3 45
1 7
3 3
3 8
15 15
2 2
7 224
15 2709
17 425
5 60
1 582
15 258
5 20
21 21
1 4
7 10290
1 6
5 20
12 8000
12 156
9 11
12 672
6 1722
2 586
2 26
20 40
7 8
1 5
2 72
17 17
14 14
1 7
14 14
8 120
2 12
2 2
6 3528
11 22
2 572
1 285
1 3
1 2
1 4
1 2
1 5
1 301
2 6
1 4
1 58
1 2
2 4
1 8
7 7
5 621
1 4045
1 6
18 3718
2 2
5 1770
7 7
12 2184
1 8
1 14
1 2
10 10
1 2
3 4
1 591
25 265
1 4168
12 276
8 8
9 182
6 12
2 2
8 441
15 63
1 6
7 21
21 21
7 98
2 68
10 12
13 26
2 16
1 3
5 60
3 5109
1 2
1 19
13 78
1 2
14 18
2 36
15 60690
29 11437
5 6245
1 62
7 112
13 39
1 45
2 2
7 133
12 1080
3 9
7 28
1 49
3 3
1 26
1 8
20 4300
25 69
1 3
3 168
1 70
3 3
3 6
1 6765
1 6
31 58937
1 428
1 456
9 9
5 5
17 25902
20 823
4 12
8 50
16 64
3 69
8 8
19 8484
1 2
5 1480
5 70
1 7
12 12
1 1974
21 128145
1 3
5 320
1 9
3 3
11 32
1 349
1 2
1 4
3 3
1 72
1 5
9 18
7 7
1 547
10 11696
32 26605
3 6039
1 573
5 80
1 10
1 2
5 5
3 9
1 3
1 153
1 6
1 25
1 42
7 63
1 5
1 2
7 7
6 6
3 18
1 10
5 10
7 721
1 4
1 2
5 30
11 11
12 384
1 89
12 84
1 23
1 4
5 70
4 4
1 587
1 8
6 6
1 33
2 4
15 5481
1 4819
1 1595
20 60
3 9
1 267
7 196
3 459
1 4
5 100
18 189
8 2280
13 13
2 2
3 30
3 6
3 6
2 2806
6 18
12 36
7 7728
1 286
5 10
2 100
12 37
7 21
22 78
6 62064
1 1091
17 10044
1 35
5 5
2 2
21 4071
33 52626
2 2
1 31
2 59
5 100
1 10
12 2016
1 36
1 6
6 54
1 547
11 11
3 3
1 2
5 2935
3 9
13 13
1 2
8 2970
3 1047
6 30
1 4
9 9
6 42
15 59
2 3664
4 8
4 36
6 8
2 2
1 1768
4 256
2 2
8 529
7 7
12 48
3 8
2 3998
8 2116
2 4
1 426
18 106
1 2
4 100
3 9
5 5
1 327
2 10
4 84
7 4095
8 248
5 1380
2 2
1 867
1 19
2 2
2 2
2 2
1 3
6 6
12 12
1 492
1 3
1 291
17 84
7 14
1 6
3 906
6 12
4 12
1 10
1 287
16 19
1 5
2 2
17 1493
1 10
1 585
9 135
1 3
1 150
5 695
12 2064
5 5
2 2
15 26612
15 15
1 2
4 160
1 64
14 1770
2 80
2 304
3 6
5 15
9 9324
1 3
1 20
1 4
21 57
2 10
1 597
23 5049
6 6
19 1006
16 3444
2 162
2 44
5 5
1 2
2 2
41 23055
2 4446
1 3
2 2
3 15
37 87
1 2
1 2
1 884
1 297
2 2
26 26
2 4
1 15
6 6
7 133
3 3
32 109
2 4
3 9
11 15
1 1995
14 14
3 2884
1 27
1 592
2 54
1 36
12 48
44 1040
36 36
3 1764
5 5
1 16
7 14
7 350
2 16
5 340
1 26
2 2
3 3
1 57
11 1392
14 122
20 60
10 6860
3 18
2 2
2 2
1 77
6 378
7 7
2 3544
4 528
1 5979
1 57
6 30
1 4
13 13
1 8
6 24
20 20
1 7
2 136
11 118
2 4
40 1280
7 448
3 10
1 2
7 365
2 12
5 85650
3 32
1 926
1 2
2 2
40 372
5 60
28 31
1 14
1 8
1 1999
2 4
2 610
5 35
1 8
2 4
7 448
9 9
23 27
2 4
16 7027
18 145
2 2
5 1745
9 27
2 12
2 2
4 4
7 252
10 216
1 5
5 15
10 58
16 271
17 41
17 17
5 50
2 48
7 2009
1 6
7 231
2 10
6 1475
1 276
8 56
18 50
13 13
6 2910
9 90
7 35
15 311
7 9625
1 3
1 2229
45 3355
5 805
6 24
1 4
1 312
7 7
2 430
5 5
2 6
1 2
7 35
10 270
1 301
7 4060
1 307
1 5
15 56
4 4
7 7
1 1327
7 6160
7 147
1 10
3 9
1 1496
1 20
3 9
12 3839
17 394
1 28
13 13
3 3
7 1988
2 2
2 12
11 4010
2 16
1 286
2 4
2 104
1 552
1 19
1 3
3 10
7 14
12 892
1 252
5 290
1 22
3 9
24 1127
7 28
6 90
30 674
2 6
5 9975
1 2
1 4
12 276
6 12
5 2930
6 84
9 24
1 537
1 1095
18 201
1 1503
3 3
19 1343
2 2
1 3
19 3166
12 12
1 813
43 2521
1 1275
1 4
5 880
12 2673
1 537
6 12
1 307
29 2065
6 6
2 4
1 20
5 5
1 25
12 10915
2 10
7 7
1 14
10 2834
1 4
2 2
1 149
3 3
45 242
7 3437
2 1884
1 3
4 4
1 4
1 23
7 16
19 149
5 570
1 154
5 5855
1 264
7 7
24 147
6 120
11 18
1 2
2 60
7 63
1 322
1 3
12 24
2 6
1 597
6 11
6 6
2 52
1 371
2 6
1 310
7 4021
12 59
7 7
1 2
1 33
4 1862
2 2
1 7
11 457
10 630
5 5
16 16
12 24
5 5
1 4
5 10
2 2
3 3
10 1610
5 115
5 155
4 4
1 3
12 7428
9 2421
2 4
4 60
6 25994
4 1968
17 28
12 84
6 1716
11 224
5 7
1 2
2 66
50 4207
2 2
3 3
1 15
2 4
1 3
1 585
5 47
3 7761
1 104
7 4319
1 302
2 4
5 200
1 3
7 7
2 6
2 1308
1 3891
2 9480
3 6678
9 18
1 11
2 2
2 2
1 35
1 64
2 26
21 1448
5 5
1 294
5 30
16 80
7 7
12 286
4 22
15 60
1 2
5 25
4 4
1 3
1 13
8 245
9 31
16 19842
7 112
7 6594
6 3744
1 34
1 32
3 6
2 6
17 98
1 219
10 1506
7 32
15 60
1 16
1 2
6 342
1 2008
5 5
1 7
1 1995
2 2
6 18
2 10
8 1346
20 15986
6 75102
2 16
22 1528
8 404
4 8
7 49
15 146
1 2
1 281
19 1370
33 166
4 8
1 2040
18 12981
11 4887
5 8
1 2
1 288
3 6
2 4
44 939
1 291
7 8511
5 45
4 218
5 1560
7 7
1 3
1 11
7 7
1 49
5 5
3 3
5 5
7 35
1 260
1 1960
3 3
18 610
12 12
1 332
2 2
1 27
1 2
6 7
2 2
1 2
1 1011
7 28
1 881
2 6
2 2
1 312
6 342
2 6
1 2
12 12
12 72
12 72
5 295
1 2
2 2
1 523
1 3
9 44
1 15
1 14
41 43857
7 7
18 699
55 143
16 16
7 70
15 63
1 4
4 4
1 1402
1 1341
1 4
7 5374
2 2
1 2
1 1999
1 643
1 58
10 84
2 6
5 2685
16 569
18 5292
5 12615
11 1879
5 5
1 6
1 3
4 16
3 3
6 6
1 57
2 128
4 4
1 1804
1 15
1 8
1 584
6 7
7 756
2 16
2 30
1 289
1 4
2 2
6 1854
5 50
1 354
3 6
16 359
1 286
1 14
2 4
17 6767
15 1470
6 4602
2 32
3 3
5 5
7 7
5 10
20 28
1 3
1 5
2 2
1 35
14 5028
3 3
1 5
1 64
1 42
3 3
6 3510
1 10
1 699
1 20
5 12798
2 4
2 210
7 1883
35 2702
2 1782
12 60
3 38
1 7
1 6
2 83
3 42
12 125
3 1641
2 2
2 2
7 49
6 12
12 868
2 106
1 3
7 350
2 2
2 2
1 35
1 15
20 103793
2 2
8 8
1 367
3 12
9 19
1 8
5 1745
3 3
3 1359
1 2004
21 24461
1 301
1 2
6 6
6 7716
1 4
1 288
1 301
18 2099
1 105
1 1524
12 3612
3 3
2 8
19 155
2 8
2 10
7 7
1 116
1 1327
7 7
9 520
35 12481
1 6
1 296
2 2
6 6
5 105
2 12
1 4
6 35
5 5
1 23
1 33
1 11
1 4
15 68310
1 393
14 28
2 574
10 30
3 1674
1 6
5 5
5 25
1 14
9 106551
5 115
3 189
5 5
7 42
1 654
5 20
3 3
1 3
5 45
16 390
5 25
2 1486
7 2737
12 276
1 3
30 30
1 582
3 6
7 7
3 13
1 4
1 7
8 2296
9 77
4 980
2 2
1 4874
1 591
1 2
14 56
8 28
2 6
8 3486
2 4
5 15
1 2
17 17
7 5775
7 23
1 2088
30 25650
5 5
19 38
1 10
1 7
4 12
7 7
4 12
17 170
7 651
3 9
1 8
12 2201
7 7
3 3
5 74
1 16
1 1213
2 2
13 65
32 406
1 25
5 14
1 6
1 11
5 5
1 4
12 84
1 22
1 6
1 30
7 634
14 28
7 259
10 2464
1 5
1 10
5 10
18 2189
5 75
2 6
17 272
1 3
5 15
2 4
2 2
17 309
14 20
8 413
1 80
1 11
5 75
1 3
6 54
1 4
1 50
3 6
11 17
103 11180
10 118
5 2455
2 2
2 19
2 6
6 201
14 43
5 21090
6 6
7 4067
1 4523
9 9
1 4
14 14
1 13
7 112
2 9312
1 2
11 650
8 56
14 1273
4 4
1 1329
7 128
1 36
1 2762
2 2
1 1767
1 133
5 10
1 63
5 40
3 9
12 12
1 6
7 14
1 2012
24 936
2 4
5 70
7 7
13 73
3 3
6 8
5 25
2 26
4 4
1 61
20 3586
1 4
6 162
1 13
23 29
1 5
2 1164
1 36
1 5
12 876
1 2
1 22
1 134
1 4
1 12
8 8
18 3447
8 76
1 11
1 25
24 8058
2 12
7 42
13 247
37 220
5 1795
15 3588
1 64
10 39
1 9
21 63
1 2
2 32
2 6
8 990
1 4
5 20
3 3
2 18208
10 15
6 6
1 25
1 5
4 16102
1 363
1 327
2 2
9 27
2 2
2 2
1 327
9 9
1 64
1 492
7 21
5 10
1 45
1 1292
1 14
2 2
1 2088
14 14
1 7
2 2
16 24
1 3
8 40
15 60
1 2
3 14
37 3231
2 6
2 2
2 2
1 4
12 3146
16 158
7 4079
12 348
1 377
1 529
3 9
1 2
6 6
3 3
12 12
5 15
2 2
2 6
29 16342
1 6
3 165
1 4
3 3
12 84
6 12
2 2
3 3
2 28
3 3
1 2
3 30
1 58
1 2088
10 68
1 2
12 468
1 327
1 8
11 1320
2 8
7 56
4 4
6 36
6 289
30 7873
1 42
5 5
2 2
7 175
4 4
1 276
12 60
1 3
1 2
8 49
20 20
6 6
11 1832
1 3
30 1257
3 3
7 49
2 14
1 26
1 64
19 167
6 6
26 67
2 88
12 26772
1 152
20 250
18 21075
17 3839
7 10920
9 31
1 42
30 63
5 10040
10 60
3 6
1 29
1 74
7 7
13 13
1 507
12 252
6 6
2 216
17 8835
5 30
3 9
10 20
12 276
39 76
1 2
6 89
1 14
4 4
1 267
7 33
1 3
21 63
5 5
6 6
7 14
2 2
1 312
21 112
1 20
10 10
9 39
7 381
2 3056
1 11
9 12
6 11
5 65
2 415
47 719
2 2
5 5
17 4862
12 12
1 64
2 2
1 9
1 14
5 325
12 60
1 33
8 2304
3 3
12 168
13 1007
4 24
1 10
7 7
17 24334
20 99230
7 2079
5 70
2 6
1 32
5 5
1 2
5 7335
29 66895
7 7
11 44
1 16
3 201
6 12
1 288
7 170
1 2
1 17
4 4
2 156
12 96
1 37
14 1943
23 147
1 292
2 64
5 1440
13 312
1 81
1 9
1 128
28 1634
6 54
28 196
1 144
12 852
5 1510
7 3508
17 25
12 60
5 700
1 64
2 1286
3 3
2 2
1 3
7 7
1 3
2 6
10 45
2 2
2 2
5 25
2 2
12 180
1 5
4 66
6 66
12 168
3 6
7 343
1 62
2 10
19 155
7 7
2 3534
4 36416
1 3
1 408
1 258
7 7
1 26
2 2634
12 96
12 216
1 9
1 1772
5 5
19 853
3 26
1 7
12 12
36 16164
1 441
1 1996
1 84
1 29
13 39
11 6737
5 5
12 84
5 30
17 73
29 29
2 4417
20 334
2 73
65 132
3 3
9 1169
2 4
1 4
1 16
1 3
5 25
1 3
23 23
6 36
3 39
2 8336
15 217
8 8
6 42
19 41316
3 3
6 12
3 3
1 141
3 5295
1 11
1 16
2 32
3 3
13 310
5 700
1 2300
1 13
5 95
5 115
13 182
1 15
2 2
1 2
13 9490
1 1723
4 4
3 9
1 13
2 144
1 3
1 5
8 4198
5 10
2 2
15 7502
2 77
10 540
3 36
16 51
3 159
4 1460
2 2
1 2
1 6
5 3235
6 11829
1 2
3 9
1 2
66 122
1 3
7 28322
1 86
2 1980
13 7696
3 3
1 17130
1 1528
1 14
7 145
1 7
3 4
7 70
6 6
2 140
1 949
2 2
5 15
14 14
5 85
4 4
13 43
54 1709
1 1600
4 4
1 9
1 144
14 2614
2 2
1 7
1 289
1 68
1 2
16 686
1 2
41 39312
23 22473
1 7
4 4
23 211
2 38
14 4018
18 2430
1 23
6 36
7 7
3 15
3 3
1 867
7 7
1 1525
2 6
12 84
13 233
9 61
12 12
8 8
2 40
4 9800
5 10
9 19935
10 15
1 3
6 20
15 7110
5 5
2 2
13 13
1 21
1 297
1 2
5 10
2 2
12 864
1 15
26 1119
1 5
2 2
24 6495
2 160
24 3048
6 54
3 1528
5 10
1 21
8 12200
1 42
11 11
6 6
2 8
8 56738
1 22
1 297
7 28
1 2
12 1164
7 9058
2 10
1 93
4 32
13 13
3 3
1 881
12 120
4 24
1 16
6 12
5 5
2 56
2 2
1 5
23 23
8 903
2 102
2 2
1 2
1 49
1 34
2 2
5 25
16 19592
1 6
2 570
10 10
1 11
2 77
2 8
2 8383
1 14
2 2
1 19
12 15202
3 39
2 128
1 2
17 51
1 9
2 8
12 504
16 20
5 5
2 270
1 5
1 75
2 38
14 14
4 1768
1 8
2 1014
12 516
1 1604
14 41
1 4
14 43
39 1312
5 130
3 888
14 6889
16 22875
6 8
2 176
5 10
18 9036
14 58
1 1052
2 2
1 2
1 60
2 2
6 6
2 2
1 4
3 6
11 243
37 125
13 13
1 93
2 2
5 40
59 890
2 2
12 324
1 1292
1 6
1 2
4 6250
3 9
50 672
5 320
7 7
2 4
2 2
6 18
1 15
1 14
2 2
2 1816
1 294
5 20
1 89
3 186
3 123
7 14
1 7
1 143
8 8
5 2010
2 10
1 19
29 73845
1 2
7 750
7 7
10 100
5 10
1 7
30 30
2 12
1 20
1 287
1 3
12 36
12 60
5 21850
1 55
1 11
1 26
2 10
9 29
2 776
2 4
17 339
12 12
1 3
5 2935
2 85
1 3
20 416
2 2
1 121
7 6622
12 1026
9 39081
1 1257
1 224
5 4475
16 16
3 3
7 21
5 89
15 15785
7 7
1 2
1 4
6 2826
1 301
1 5
7 41
10 10
1 17
1 55
2 2
29 17310
2 2
20 40
24 24
10 19
7 7
19 1537
2 2
5 25
1 2
6 6
5 510
1 1011
1 286
15 15
1 22
5 50
3 3
9 4833
2 1886
6 60
1 4
8 9459
1 2
2 8
3 864
2 8
2 2
1 34
1 8
5 295
7 441
5 110
9 144
13 288
1 654
2 2
2 38
1 15
1 2
5 5
52 1295
6 8820
1 295
1 37
1 5
5 15
7 7
1 3
2 34
7 1242
1 5
2 232
1 6
2 8
5 1485
12 13008
7 13986
1 62
3 6
2 6
1 2
1 3
1 16
1 16
9 10907
4 4
7 617
6 12
1 2088
1 64
15 34
9 153
83 11201
1 2074
1 10
1 361
1 16
1 2
7 15260
7 16390
1 2
1 89
3 3
6 6
1 942
1 3
16 215
16 169
2 6
1 24
29 113
1 35
2 2
2 2
12 216
1 289
1 11
14 287
2 8
2 2
3 3
20 1494
2 2
1 2
7 1047
1 286
1 597
5 570
1 5
1 102
5 5
1 5
15 451
1 3
1 286
1 36
1 32
3 24
2 2
1 23
1 11232
34 31031
35 38832
1 2
12 12
9 117
5 5
3 3
2 56
4 4
1 32
1 1292
4 4
5 70
5 145
3 9
6 6
3 6
2 12
1 376
9 15327
1 251
2 2
6 12
7 35
8 16
14 3129
2 4
8 88
10 18
2 8
3 3
1 2670
14 5444
4 56
2 68
1 43
1 1602
12 840
2 4
39 76
12 24
2 614
3 15
7 7
9 147
2 2
7 7
2 18
42 701
1 3
1 7
12 588
1 867
10 946
1 267
9 175
1 2
7 7
20 60
1 2
1 42
3 3
1 14
1 19
5 130
1 2
3 3
7 10731
1 8
28 16844
4 4
3 3
1 2
8 11
3 6
5 20
5 5
10 66858
18 592776
1 11
3 12
13 13
2 8
6 24
16 1747
1 2
1 8
2 58
35 1219
18 757
13 13
7 56
2 2
2 2
6 108
7 21
1 2
31 444
3 9
1 1687
1 7
1 2
1 46
2 2
7 269290
9 9233
7 147
40 243
1 34
5 15
1 53
2 6
31 24801
8 90
1 27
1 4160
1 67
15 30
1 11
3 12
2 4
13 34
24 8266
7 840
3 3
1 3
1 5
5 5
1 253
15 272
1 5
2 8
2 2
5 30
1 3
10 146
5 5
1 11
1 6
6 86
1 14
9 126
51 14399
12 24
5 1435
18 18
1 3
1 1533
6 328
8 11078
11 22
10 30
4 4
1 5
7 126
15 44
23 13432
1 21
5 200
10 38
1 5
1 4
64 480
5 15
2 62
1 579
1 10
20 2308
2 2
1 6719
6 1475
2 4
1 6
9 7707
3 6
1 3
2 3838
3 3
26 229
10 180
2 2
7 35
2 16
2 183
9 17685
8 1184
15 1238
2 4
1 7
4 44
6 204
2 2
1 31
5 7450
3 3
1 81
2 8
1 156
9 72
5 5
21 1486
1 3
17 1960
2 2
5 290
4 4
8 8
5 5
9 9
2 6
1 8282
2 2
22 19549
1 288
13 39
3 3
3 3
5 52
7 14
4 496
6 9227
6 13
1 16
2 7
2 6
7 179
1 222
15 28
17 944
10 31
29 95
5 34
1 7
27 4797
10 54
1 3
1 3
6 35
1 10
5 8670
7 12144
17 17
7 7
7 6601
1 277
3 558
1 2
4 52
1 16
15 1860
1 77
2 2
1 340
1 1723
1 3
2 2
30 30
2 144
5 56
15 26
1 1749
10 1132
4 4
1 15
5 80
17 347
1 10
1 287
1 3
11 22
18 971
1 20
7 224
16 19
1 19
3 6006
1 4
7 6984
1 2
12 24
6 27
1 14
1 8
5 70
5 8
2 6
3 3
1 311
2 690
5 5
8 16
5 5
38 5582
3 3
10 17670
1 64
6 10
1 239
5 7515
12 6996
16 21040
2 4
1 1533
1 12
6 1475
5 760
5 20
1 17
7 7
1 183
1 3
1 12
1 35
37 11673
4 76
1 1996
14 19
5 10
11 2430
20 20
7 42
1 1503
1 592
7 140
5 26810
8 8
11 975
14 14
1 274
9 17685
5 5
7 7
2 5890
9 180
5 5
1 28
6 30
15 2344
2 2
25 32
2 32
9 18
2 2
2 60
2 54
9 10
1 297
13 39
1 2
2 6
7 2009
5 15
6 12
3 3
2 6056
1 7
5 5
1 6
1 8
15 33
1 1196
7 21
1 32
1 2
5 10
12 60
1 10
3 3
9 18
2 8
1 67
5 116
2 2
1 64
1 44
14 36
21 49101
5 29330
8 808
12 45
1 4
1 9632
5 20
1 351
10 76
2 130
2 4
1 44
2 2
1 6
1 58
7 14
8 14
44 1388
1 1950
7 7
6 1776
1 13
26 84
1 1602
1 4168
6 90
1 97
1 3
1 169
5 5
1 137
2 46
2 12
28 258
1 2
7 42
10 7868
1 25
5 40905
2 2
4 4
12 876
1 37
1 64
2 2
4 4
5 30
1 5
16 159
1 115877
1 4
2 2
2 4
25 25
10 45600
10 20
2 10
20 220
6 12
14 23
2 6
2 2
7 245
1 2537
7 161
14 14
1 294
6 6
7 7
1 9
17 5015
3 9
2 2
4 124
16 21
5 30
1 45
4 7996
9 245
2 4020
1 9
2 84
1 4
1 6
1 4
1 2
2 8
2 8
5 5
9 20
17 3904
2 2
1 10
5 165
1 2611
1 15
1 2
1 291
1 4
7 14
1 296
1 4
32 3096
5 25
1 2
20 34921
7 14
7 217
3 9
3 58
2 584
5 5
7 49
1 205
1 28
5 42
5 4630
1 4
12 456
1 53
16 48
18 1441
1 302
2 2
7 7
9 10
1 3
7 15
3 21
12 24
5 175
1 8
1 16
16 4617
2 10
1 2
2 12
2 276
4 108
2 2
5 135
1 94
1 1470
4 4
6 6
35 1211
1 3
2 6
1 397
20 5824
1 4
1 14
5 10
1 8
1 10
1 89
5 220
9 18
12 12
1 2
2 28
10 170
7 686
1 2
5 5
10 8836
1 14
22 2408
2 8
3 3
2 84
5 150
1 63
1 21728
24 6969
6 6
10 71
1 10
2 2
2 16
2 18
13 39
1 276
6 6
11 7985
6 9969
12 12
5 340
12 512
2 2
4 132
1 14
1 2
1 64
3 888
1 2
21 21
1 3
1 32
4 4
6 14
2 102
11 1747
1 2
1 2
1 17
16 32
24 24245
14 14
34 2069
10 46
7 4144
9 288
2 2
13 56
6 5304
3 3
12 48
1 5
6 13
2 257
1 4
21 42
2 2
2 2
14 14
12 12
30 30
5 5
5 6285
12 2316
12 96
3 3
4 148
2 2
1 4
2 62
6 6
34 75
2 78
3 5988
1 3
6 49
3 3
1 6
11 95
11 16593
2 2
1 289
1 937
5 35
1 4
1 5
3 3
1 140
1 496
7 7
1 4
1 877
1 8
2 574
5 10
6 12
2 6
2 666
2 2
1 5
6 6
3 393
3 15
5 5
14 504
1 5
1 10
16 48
1 1124
20 352
4 16
5 10
2 36
5 5
7 217
1 64
20 151
2 4
42 99
1 3
1 2
1 588
7 7
3 6
1 12
1 7
1 80
2 2
2 226
11 767
11 41
11 402
1 4
1 537
14 3990
7 623
14 28
2 2
11 146
3 855
1 45
9 9
2 2
8 8
3 3
13 48685
12 324
2 18
17 468
3 5985
5 20
1 5
5 5
2 48
22 44
2 6
7 21
10 11696
1 2
22 2523
6 18
2 4
1 8
1 3
2 2
10 1250
6 557
18 174
1 1082
3 138
1 1578
7 7
1 3
2 2
1 2
7 15736
5 2920
7 1051
1 5
13 208
39 304
1 5
7 14
24 65
1 18
7 28
1 3
2 7
1 587
1 290
6 9600
2 10
12 39
15 631
11 13890
12 96
5 10
2 6
5 9795
9 9
1 459
1 5
4 8860
5 5
2 2
22 22
1 22
12 1164
42 7632
5 1510
5 45
2 2232
1 176
1 55
11 26917
1 2
9 18151
2 2
14 121
1 106
1 76
5 21525
1 4267
42 556
2 2
5 170
1 6
1 44
24 1540
4 252
20 12394
13 145
2 2
2 8
17 48154
2 1210
2 652
6 24960
1 2524
1 2
13 104
1 1116
13 13
1 13
1 6
2 20
7 98
12 1194
1 288
3 36
29 29
1 114
3 669
1 53
4 4
6 18
3 3
1 17
14 14
3 3
1 2
10 99
7 56
3 1081
3 3
1 9
5 5
8 623
2 8
1 73
1 9
1 297
1 14
9 279
1 2
1 285
3 18
7 7
12 1932
1 12
6 4917
31 8837
1 6
2 14
5 55
4 4
6 198
19 19
11 12997
14 14
1 4
1 5
20 1903
2 2
6 3528
1 4167
13 9800
2 602
5 160
12 432
7 29229
1 115880
17 569311
5 325
3 3
1 939
2 2
3 201
5 165
2 2
1 5
6 30
1 2
1 42
7 2247
3 6
1 34
6 6
25 36
1 1562
2 2
3 2115
6 72
1 30
12 2013
2 2
5 3695
1 22
1 2
1 9
1 3
1 8181
14 12348
3 78
2 28
19 18576
19 24109
7 140
1 4
2 128
1 6
4 4
3 1255
12 468
12 48
1 231
1 36
10 8810
1 124
12 156
1 6
13 39
1 2
66 7299
4 13560
1 867
3 9
2 4
5 60
2 12
16 79
2 1640
10 7014
5 530
6 6
1 5
15 87
1 6
1 14
26 26
1 3
1 1972
1 3
1 3
1 3
2 2
10 5700
5 5
1 22
17 258
17 7090
1 11
2 18
5 1515
1 2
16 16
3 6
1 292
3 3
1 43
6 12
3 3
7 98
1 5
8 8
1 4073
5 520
1 2
3 33
1 2226
13 13
8 40
1 7
11 22
1 2
1 248
18 414
2 2
1 6
3 3
9 17
2 6
7 35
26 38
6 300
3 12
1 588
1 882
12 12
1 883
3 8
1 289
1 4
8 8
1 40
4 2872
2 2
1 12
2 26
1 208
12 12
1 7
16 135
6 46
1 2
2 30
1 3
7 7
1 3
10 30
5 5
3 3
2 6
1 14
12 24
4 112
2 2
2 82
1 3
8 88
2 14
1 11
5 280
2 2
15 960
1 16
5 690
2 118
12 12
6 6
8 90
2 68
3 3
2 130
1 12
1 296
12 96
9 9
4 12
3 3
7 18151
3 3
16 57
5 7365
1 11
1 278
20 951
1 3
2 1452
1 6
10 310
1 896
1 65
35 106
2 2
3 6
6 3528
1 28
1 31
1 3904
5 5
1 25
5 10
1 269
1 6
7 14
25 207
1 4
2 36
12 84
12 84
4 4
1 588
9 53
23 164
8 26
1 5
2 26
1 23
7 7
1 19
2 4
7 25864
1 115
7 7
1 17
2 8
1 8
1 7
21 61
1 7
1 4
20 20
23 46
9 27
1 2
1 967
15 20625
4 192
1 2
1 181
1 2
34 1829
16 3528
4 4
2 4
14 28
1 81
1 6
1 9632
1 62
2 6
20 32
1 4
6 6
12 249
34 12067
4 26
3 3
2 8
2 134
10 204
7 1274
1 5
12 828
1 4
5 15
1 21
1 8
1 7
5 5
2 2
1 292
12 12
6 6
1 3
1 7
2 550
2 4
12 840
1 297
2 59
2 4
376 1711
1 2
2 2
2 20
2 2
1 80
1 2
1 44
7 1756
1 17
1 885
2 2
5 12620
12 12
2 8
2 250
1 43
2 2
42 387
17 131
4 4
1 15
1 18
5 110
7 125
3 3
1 58
1 4
2 14
1 2
1 3
1 22
10 20
2 2
1 3
5 15
2 2
4 4
5 25
1 4
4 3672
6 7
2 12
1 65
7 7
1 2
1 2
2 14
1 1187
8 5031
1 3
9 16
5 15
1 3
2 2
1 2
2 2
42 1247
1 11
1 14
5 4805
5 5
12 48
1 75
4 127
1 4
2 6
5 20
15 4350
2 4
1 2
42 579531
1 5467
5 8010
1 304
5 290
18 270
1 6
2 4
4 12
12 96
1 3
2 4
2 2
6 68
1 6
1 13
15 52
9 9
83 51629
2 2
2 4
1 2
7 105
8 1568
19 1987
10 2486
2 6
47 607
1 692
1 7
5 1655
1 62
5 15
1 5
31 14450
1 595
2 26
5 95
1 39
1 4168
1 15
1 70
5 5
5 5
7 112
1 25
1 9473
12 12
15 2816
2 4
95 2100
2 2
1 14
1 286
2 38
1 6718
5 15
1 1768
1 332
2 32
12 108
29 107
5 5
1 32
1 12
17 1969909
4 2512
8 8
9 1935
11 276
10 100
5 95
1 2
6 24
2 4
5 485
1 4
1 44
5 27140
2 2
1 2
1 19
2 2
5 15
32 689
15 22
12 24
5 5
1 3
13 13
4 844
1 7
1 8
1 72
3 3
24 8604
7 14
1 2
12 228
7 133
2 10
3 60
1 23
1 6
1 2484
1 14
18 7592
2 4
2 26
2 22
1 2479
20 14914
3 6
2 680
1 354
1 33
1 57
2 4176
5 5
5 70
1 2
1 14
3 24
5 5
8 48
1 2
3 3
7 63
20 28772
1 297
1 10
1 16
26 442
6 6
1 2
2 2
16 39
7 42
10 20
3 3
1 1999
6 186
1 102
1 2
1 12
2 4
2 2
1 89
30 239
3 6
1 11
2 4
17 349
2 46
6 1475
19 38
2 22
1 2
1 2013
1 1725
18 469
2 12
6 6
2 8
1 15
12 372
7 98
2 2
2 68
5 5
10 130
2 6
10 366
12 48
1 2502
1 289
1 1375
11 17
1 3
2 2
15 208
7 1281
1 75
6 8802
11 1016
1 9767
1 7
5 5
3 42
17 17
6 1475
7 77
1 98
1 4
3 3
13 78
11 11
4 17840
5 25
13 208
18 1824
10 15
1 3
1 74
2 2
1 2
2 2
8 1194
1 5
29 35
11 820
4 2708
25 40
1 34
1 12
9 27663
15 540
6 84
1 7
2 2
1 303
1 2
7 28
1 10
1 20
2 38
12 216
31 72
6 6
1 9
1 20
21 12639
1 3
2 120
2 2
2 2584
5 2370
13 14
2 2
1 2
1 80
2 8
1 2
1 3
35 276
8 152
2 4036
1 15
40 1711
9 45
2 384
1 2
1 13
1 5
2 4
1 161
1 15
26 1670
15 30342
2 2104
3 3
3 6
6 9461
2 2
12 12
12 120
9 9
1 947
1 3
20 553
1 561
6 49086
2 34
1 281
1 8
2 2
2 2
1 2
1 26
1 1999
5 5
5 5
2 1146
1 304
1 301
2 7
7 14
1 3
2 36
1 9
1 9777
1 161
1 8
5 5
3 3
2 2
3 3
1 17
19 1142
5 1275
1 2
1 4
2 34
2 14
7 6174
6 6
1 588
1 5
9 11
1 2
1 570
1 2082
1 287
1 107
5 30
31 42916
3 3
1 13
3 174
8 3685
1 19
7 28
1 552
3 870
2 2
1 5
6 1132
6 96
2 1766
7 441
7 2492
1 3
27 103
1 3
26 1671
2 722
13 34
12 408
13 130
2 10
1 1254
1 14
3 4083
10 67
3 4
4 32
9 9
19 11641
7 84
1 13
7 6580
1 3
2 12
5 5
2 102
1 377
7 7
4 109
2 8
9 6966
7 308
1 57
1 3
8 21
3 4
2 4
5 5
1 2
1 2
1 699
12 55
5 10
4 20
49 1217
32 1821
3 15
2 12
1 30
2 462
2 2
2 2
12 108
2 10
1 3
1 2
10 6499
11 1025
1 3
1 5
3 3
1 422
11 29
17 1666
4 448
6 24
2 32
7 548
5 675
2 6
1 351
5 10
1 6
7 35
25 29
6 24
5 50
1 2002
13 7410
12 60
1 13
1 18
12 1332
12 3060
1 18
2 6
10 20
4 52
5 5
1 2
7 14
16 16
3 18
1 686
1 3
1 44
9 36
6 11
1 74
6 47
1 34
2 2
34 1670
1 8
1 140
11 2719
16 80
1 3
1 13
5 5
5 5
3 3
10 552
1 2
8 8
1 3
1 14
4 6179
5 25
8 232
1 64
1 8
1 34
2 2
2 80
9 2968
2 2796
1 5
1 2
6 1086
7 154
9 121
16 82801
4 24
12 72
2 60
1 351
5 25
12 72
18 143
1 6
10 165
1 304
2 10
6 7
14 14
12 24
1 574
1 990
14 14
3 3
1 7
13 39
1 2
9 153
3 6
23 2041
7 3906
6 29
7 30590
1 156
3 9
10 50
1 59
12 226
6 6
1 290
5 25
3 3
9 9
1 24
5 30
23 328
12 72
2 2
4 4
14 108
5 20
6 17
1 2
2 22
12 84
1 5
1 17
1 7
1 2010
1 287
1 14
16 28
8 70
2 42
1 2
7 284
11 41850
3 69
1 4
6 6
1 3
9 2142
1 295
15 7956
2 2
1 85
1 291
5 7320
19 633
11 22
1 2
5 70
16 17174
1 382
1 6
2 66
11 858
2 10
40 2413
10 10
1 4
2 18
5 5
5 7
6 32
1 5
1 289
2 6
8 21
1 159
1 5
2 2
1 2
4 12
2 2
7 28
4 4
5 185
1 1972
1 5
19 1745
7 203
1 2
1 7
12 12
1 284
2 2
9 235
2 14
2 1232
1 15
7 994
1 2
2 67
7 77
16 48
1 50
1 20
2 2
16 31
15 542
2 210
4 140
3 3
5 5
1 6
32 912
2 16
1 2
5 5
2 28
1 4
7 7
3 132
2 10
1 5
15 36
1 5
23 86
67 1075
1 36
3 6
5 15
4 12
1 438
1 33
2 6
1 6
1 25
1 176
1 286
3 3
2 56
3 3
1 82
2 4
17 17
2 2
1 22
2 2
7 115
9 55
31 57
31 197
1 4816
1 5
20 2271
1 22
1 9
2 44
3 36
5 85
10 268
1 2
2 8
13 13
1 5
2 6
1 15
2 2
1 23
7 125
2 66
4 3064
1 1294
3 3208
1 4
1 1483
2 2
2 536
13 78
2 126
12 12
17 11449
5 1750
2 570
2 2
2 2
1 65
5 15
15 15
2 8
1 3
9 27
1 4
1 5
15 394
1 294
11 28721
2 4
10 78
1 29
10 66
1 3
7 266
2 4
2 17
30 1089
1 2
12 2988
1 94
2 8
1 2
2 6
8 8
34 8153
1 45
7 14
5 5
3 999
2 2
1 32
8 8
1 97
1 6
2 4
2 4
7 35
13 3497
1 2
5 5
13 17082
1 3
10 8374
3 6
7 14
9 182
1 573
3 3
5 10
2 2
40 2492
1 29
9 9
1 7
9 490
4 1019
1 2
1 105
1 8329
1 351
1 2
4 4455
2 114
7 35
1 3
6 36
1 2
17 4896
9 9
7 7
1 2
1 5
1 2
7 28
1 2
10 60
1 281
2 4
26 212
26 26
16 16
1 9617
1 11
7 105
14 42
12 156
7 105
12 72
5 20
5 850
3 3
2 4
6 122
1 151
1 90
1 8
14 14
5 180
1 22
1 4
7 7
10 24
1 6
7 46
5 5
3 30
2 28
13 1949
12 84
4 4
1 128
13 14
19 4305
1 45
1 3
11 66
21 2085
14 18
20 344
1 5
2 10
5 65
3 18
2 12
17 464
14 14
6 5286
1 2
1 9645
3 1494
2 4
23 115
1 29
11 2349
12 120
5 80
1 588
2 2
11 3784
1 16
5 20
12 156
1 58
2 2
34 103
1 49
20 1077
2 2
7 175
2 6
1 15
1 2640
1 2
5 5
5 5
6 12
2 4
12 14
5 45
1 323
11 33
1 2
7 91
3 9
1 47
1 33
5 250
1 1603
1 4469
1 3
3 3
5 37
1 3
5 30
1 2
1 5
5 2960
10 20928
2 2
2 180
7 7
1 3
7 7
1 344
1 6
1 1972
1 331
7 4101
17 349
1 8
15 8036
18 234
1 4
1 7
1 2
2 10
5 546
21 109325
1 3
3 15
2 2
4 8
5 53
6 6054
13 12337
1 158
2 12
3 1380
7 490
1 947
1 4
2 2
2 3058
14 816
1 4
1 2
5 6250
2 32
5 5
16 32
6 49872
2 2
2 4452
9 14
1 1531
6 18
1 6
2 2
2 16
14 37008
15 15
2 6
1 14
5 45
15 30
16 2585
1 154
1 927
1 3
1 371
1 222
4 1592
13 377
15 15
19 474
3 15
1 1723
5 20
7 7
18 18
12 36
7 14
3 45
5 1505
29 23377
1 3
3 4410
1 1960
1 7
1 11
7 7
1 124
12 216
7 14
11 220
1 76
22 22
12 36
6 7
6 6
3 3
2 1176
8 8
5 5
4 4
5 85
1 17
12 24
9 9
3 192
14 28
6 12
6 9
1 289
1 947
1 5
1 2
1 251
1 8
2 6
10 20
25 593
5 5
2 88
1 5
20 64436
41 8253
12 2325
5 10
1 2
4 52964
2 85
1 7
5 5
2 8
2 20
9 9
12 864
2 2
20 53
2 4
3 8337
5 19815
6 6
1 3401
21 17886
1 28
1 588
9 81
1 14
16 9200
13 275
9 9
8 28
9 114
22 66
2 2
9 90
2 6
2 4
1 89
11 22022
2 28
1 28
2 12
2 584
16 4608
1 2
1 10
1 588
5 85
7 14
3 878
2 2
7 35
6 150
12 12
1 143
3 3
2 124
2 10
1 4600
1 4977
8 24
21 21
2 450
6 6
19 4712
1 64
4 1498
7 539
1 847
7 203
1 286
1 12
1 1707
4 4
1 552
19 377
2 2
1 2
3 3
18 72
1 939
2 2
11 576
2 6
8 87998
1 68
12 12
7 42
7 392
5 6
5 30
1 3
25 83456
24 7561
3 60
38 1523
9 30
1 12
11 527
1 4
4 64
1 857
2 2
1 76
2 8
1 7
2 2
12 12
1 13
13 182
32 20733
9 192
7 7
5 30
2 1898
1 287
47 1626
1 16
2 2
1 14
2 96
1 6532
8 16
2 86
15 15
3 3
3 3
1 3
12 12
24 4484
2 4
3 3
1 297
1 5
4 4
8 60
1 877
2 572
12 276
1 25
12 12
1 13
34 294
8 3734
10 60
1 944
6 48
18 20743
1 44
6 384
9 252
1 13
6 36
1 46
2 574
5 5
14 266
19 2970
1 22
11 32
6 6
14 769
18 18
12 468
1 5
2 48
1 2
5 5
12 852
3 6
9 27
2 2
1 21
1 5
5 948
1 11
2 801
3 3
3 3
4 4
1 4
6 12
6 1086
24 21362
1 588
1 15
6 48
21 475
2 2
7 63
10 35
9 187
7 28
5 250
1 30
10 2850
5 2625
16 1822
20 24008
7 189
4 12
3 6
12 168
25 30
7 448
1 10
2 1144
5 5
16 2572
4 2370
12 12
9 3930
7 7
1 3272
4 8
6 12
3 30
32 353
1 3
13 13
2 2
1 31
1 295
5 135
4 20
9 9
6 17
2 2
9 72
2 8
1 541
6 13215
2 4
6 30
3 39
1 299
9 3808
2 2
24 539142
2 2
35 351
2 4
1 292
1 31
1 64
2 2
7 140
1 1163
1 2
11 11
1 35
1 18
8 29
7 35
7 7
2 2
4 12
1 579
2 3998
7 14
2 8
5 15
2 2
21 6006
1 4
7 451
1 41
5 25
3 3
12 12
4 12
2 1174
2 22
5 35
2 28
7 35
2 548
19 1178
3 15
1 16
1 3
1 6
2 2
5 27185
30 1076
1 44
1 4
1 5
2 36
1 41
1 293
2 32
1 280
10 180
1 5
2 2
12 12
3 6
7 14
1 2
1 9
1 4
5 35
1 4703
1 46
1 327
1 2
2 6
3 102
14 28
1 33
12 12
5 1315
6 6
5 780
2 1692
6 3672
6 384
3 3
2 54
2 10
5 10
7 6181
1 6
16 157212
28 203
4 3828
1 3
9 390
2 2
1 344
2 2
7 2002
3 3
6 48
1 10
1 12
15 32348
5 5
1 8
1 2
2 4
12 48
1 2
5 395
20 20
1 10
1 78
10 194
2 26
4 201
1 2
11 12377
1 301
4 4
1 10
1 465
1 8
1 307
2 10
1 687
12 36
8 32
1 105
1 2
2 16
10 32
12 154
2 2
1 29
8 512
2 22
2 2
7 7
3 9
1 3
2 4
16 63
1 5
2 8
12 5232
5 105
1 2
1 14
5 15
1 14
16 69
12 576
1 6
5 1485
1 64
15 15
1 2
2 178
19 6820
8 188
1 70
1 15
1 7
3 3
1 577
5 15
19 351
1 287
5 5
1 41
1 13
13 39
2 4
2 2
12 168
2 2
12 12
5 25
15 30
17 34
2 2
1 3
1 297
12 72
2 84
3 3
1 17
3 27
1 3
5 5
1 318
23 69
3 828
6 156
7 917
2 2
2 230
1 10
15 511
20 20
1 7
2 2
7 28
5 2910
5 5
1 3
17 521
5 10
26 33
3 3
42 19909
1 13
1 263
1 93
26 174523
1 3
6 40
3 18
1 32
44 2171
5 25
1 12
1 269
4 4
66 1452
3 3
1 11
20 7175
1 47
1 19
2 6
15 9942
2 59
5 10
7 7
5 5
2 18
2 10
1 2
1 8
1 7
7 15
3 3
1 2
3 9
1 5
2 4
3 9
5 5
9 4812
15 51
2 2
1 5
5 40
2 2
1 882
5 50
10 165
6 6
1 2
2 34
1 2
1 3
7 4116
2 4
15 27
2 1524
1 17
18 6797
13 143
12 24
21 181
10 369
11 33
1 29
1 19
2 2
1 45
1 4
7 763
23 211
5 800
2 8
18 1037
2 2
8 1194
1 2
1 877
1 3
6 30
2 30
1 53
3 4509
12 72
2 2
1 56
2 2
6 2934
1 362
2 10
10 944
1 6525
1 3
1 5
1 1612
1 327
1 23
10 9490
13 65
5 5
10 58
17 82
1 11
7 7
3 3
1 24
5 3650
3 3
1 4
1 17
1 1266
4 6012
1 11
7 7
1 5
3 3
1 6
1 3
14 25
1 2
10 1676
2 5640
7 7
14 14
1 1767
1 3
1 5
11 114413
2 4
5 10
2 114
7 7
1 14
1 2
5 3590
1 40
19 6980
72 90
1 8
11 3168
2 2
1 3
15 42
20 3336
1 2
1 693
3 1752
2 14
1 303
1 5904
1 2
2 6
11 11
6 6
1 42
5 420
3 9
2 2
7 49
12 48
33 911
1 15
5 35
4 1104
5 5
3 3
1 2
6 9600
3 3
7 56
12 348
1 2
3 1719
12 180
4 4
5 10
26 9804
1 6
2 28
1 2
9 288
7 28
12 108
13 16
3 3
5 1734
2 2
5 5
1 64
17 139009
1 940
1 67
74 134680
2 4
5 24360
1 133
1 291
6 1425
4 73
2 2
32 3878
5 30
12 84
7 21
1 11
1 404
19 19607
3 5301
3 6
18 18
1 3859
3 6
5 5
7 32
1 18
1 351
1 6
2 2
1 558
1 4
5 5
2 2
2 2
5 10
2 21
2 54
5 105
1 3
1 6
7 1995
2 2
5 5710
12 84
28 172
1 284
1 2
10 13032
4 68
5 5
3 3
1 881
1 13
5 5
42 859
1 21
13 442
16 23
2 1754
4 4
5 10
1 3
3 3
2 6
1 14
1 3
1 4
1 5
1 7
2 2
2 2
7 7
7 91
5 75
3 3
1 3
3 33
2 30
5 5
7 84
2 60
3 51
14 14
2 82
7 4025
25 11484
2 1302
2 2
29 153
2 130
3 3
10 240
2 2
2 10
9 20
24 28528
2 1833
2 2
1 596
2 14
1 8529
1 3
5 15
12 60
23 12868
1 2
6 6
16 80
2 106
1 2587
3 3
1 6
7 42
1 653
6 54
3 6
17 31
1 10874
1 55
1 12
1 288
2 2
3 13110
12 12
1 286
1 24
1 56
15 495
5 785
5 55
2 2
1 2082
1 62
2 2
36 846
1 5
2 18
12 108
1 202
1 70
2 3006
5 2120
9 38
1 13
7 406
1 35
1 2
10 49312
21 46027
1 288
101 497
1 104
5 51
1 541
7 21
1 587
1 574
1 291
1 9
8 16
12 3252
21 226
1 15
5 5
35 158076
12 156
5 5
1 22
6 6
5 65
5 5
1 2
4 8546
7 92
2 2
8 2108
8 16
6 114
2 2
1 2
1 2
1 64
2 16
36 955
1 2
1 3
1 3
3 3
17 3817
1 23
7 7
6 1801
14 18
64 120
1 2
3 192
8 77
3 6
27 54
1 848
5 10
1 5
1 2180
2 2
5 285
43 748
1 64
5 285
5 665
1 4
15 12301
22 120
2 2
4 4
14 336
1 8
1 10906
1 6
38 1102
4 44
3 3
8 48
5 22120
5 30
20 20
1 3
6 12
1 2
1 5
5 1440
1 4
2 2
12 928
19 95
2 2
7 14
1 3795
30 1048
10 20
1 2
1 6
11 55
2 4
1 575
15 16
1 7
9 9
5 5
1 1002
2 10
7 822339
4 4
3 3
2 8
1 32
2 116
5 4590
9 77
14 14
2 2
18 10566
27 127
1 7
1 5
14 14
1 6
1 5
2 4
2 2
6 30
2 52
1 158
6 18
15 2112
7 42
27 25040
2 2
5 10
1 3
4 10008
14 6538
2 8
1 286
2 2
1 4045
1 943
7 442
7 1841
1 2
2 84
2 16
1 39
1 20
3 3
2 2
1 144
1 15
1 2
5 20225
5 190
3 12
2 2
1 5
1 17
1 2
1 8
14 394
5 65
2 4
12 1164
8 8
3 6
2 2
3 1764
26 35
1 4469
14 28
1 580
1 1293
1 10
1 3
2 2
1 2
1 6
1 2
7 14
4 7
1 5
3 128
1 42
1 6
5 40
1 895
1 4740
1 64
1 8
2 2
26 686
1 131
6 18
3 6
7 28
3 3
1 14
2 2
3 3
1 297
1 59
1 5
10 100
3 51
5 655
8 34
28 37
6 12
1 2
1 19
6 30
7 84
3 3
2 574
2 58
3 12
1 9
2 14
1 654
6 3438
1 2
2 2
2 2
1 116
2 10
6 6
5 155
5 17764
15 4454
1 120
2 16
14 14
2 2
3 126
2 2
1 6
1 98
10 290
5 5
1 11
1 3
1 2
1 135
15 15
1 5
2 4
18 73
5 290
2 2
4 4
1 50
8 2456
2 2
1 147
7 7
3 3
1 2
8 6559
14 18
2 14
1 3
7 15589
11 66
1 356
2 4
1 7
23 37
5 5730
12 156
5 5
7 98
1 21
1 15
1 1482
1 591
3 18
11 551
18 18
29 1980
2 702
2 22
3 7506
3 3
2 2
1 32
7 112
2 2
3 3
1 4
2 10
7 7
7 14
1 6
1 25
1 19
12 96
24 13675
1 162
1 5
2 2
5 29
1 2
7 7
1 4
12 468
1 289
3 6
1 4
1 285
19 349
10 1560
3 9
2 104
10 10150
40 21182
1 95
3 6
1 2
7 7
5 11075
1 72
12 768
3 3
1 4160
4 2190
2 2
3 18
7 21
18 1432
45 82
4 939816
1 2296
3 3
1 3
4 1489
2 2
1 15
7 2331
13 975
14 33
24 3682
5 5
15 164
18 180
1 185
1 895
9 11
2 48
12 12
1 5
1 4
1 2
2 4
2 6
2 42
5 1460
1 2
2 2
3 6
1 7
4 2352
9 99
1 31
1 15
1 2
1 23
7 13965
6 2454
32 1204
3 3
1 6
21 669
4 1148
6 750
2 46
123 8525372
7 21
9 216
13 130
1 7
5 9995
29 115
1 35
1 36
1 588
1 2
3 18
1 4
5 10
5 30
1 71
1 3
1 15
2 128
5 50
7 119
5 4695
5 15
32 1911
6 6
1 925
3 6
1 6
5 5
1 297
2 6
1 22
1 1822
9 4833
9 78408
12 36
2 4
1 2
5 10
2 4
1 20
2 44
1 7
10 40
5 1855
5 2735
3 3
10 19
1 2
1 1265
2 12
1 2
1 3
1 5
13 3705
2 2
1 123
5 7320
9 12
7 84
1 13
1 8
4 80
25 38
1 8
24 2552
9 7515
1 289
3 9
10 40
2 4
6 12
13 1339
1 1443
8 2808
12 11016
2 2
12 324
1 2
3 3
1 35
8 29
10 100
7 7
2 56
3 3
1 130
1 5
7 595
2 20
2 4
28 248
2 6
6 1602
10 1334
3 12
4 24
2 2
7 7
5 5
10 14
1 269
5 10
1 7
6 6
7 105
8 324
5 5
1 6
1 18
4 20
1 3
1 28
7 7
1 52
1 79
1 1402
26 26
1 19
9 36
7 7
7 21
7 28
1 302
3 27
3 4509
1 3
7 7
1 289
5 4380
1 2074
1 2
10 2687
5 1515
2 22
2 3840
3 39
1 2
4 7028
5 48160
1 3
1 17
5 9800
3 12
4 4
1 2
1 6
1 287
5 20
1 11
2 2
37 46
1 14
1 64
4 7996
8 512
2 2
1 287
3 6
1 2
8 16
23 1236
2 12
8 3664
1 1039
15 206
3 3
1 120
1 16
1 27
12 1332
1 6
8 2205
2 2
2 2
5 30
12 216
1 288
1 2
7 21
12 1332
5 70
10 30
26 3638
32 576
7 6727
5 21020
7 14
13 8971
1 36
9 161
1 2
12 12
2 2
3 3
3 48
6 36
59 97
1 1601
4 548
1 3
1 3
1 6
4 4
5 55
1 6719
1 296
1 884
1 30
12 14115
5 5
5 579400
7 580
1 301
10 50
3 54
3 3
2 4
1 1996
1 2
2 2
2 310
1 3
5 10
2 62
7 14
11 243
14 8022
3 9
12 24
2 10
13 52
12 12
1 15
5 5
5 5
1 3
2 2
1 3
1 10
11 628
1 468
1 19
1 4
1 9
1 85
1 947
6 415
34 1432
7 42
19 9371
20 72
1 3
2 2
13 1262
10 13728
17 17
1 6
1 3
1 3
1 3
24 466
5 430
11 11
2 30
2 140
13 19918
1 96
2 2
1 736
2 26
32 760
12 36
12 12
11 6083
1 58
2 32
7 14
3 1788
1 2
2 32
1 292
1 2180
1 26
1 7
5 10900
1 15
1 232
2 2
2 2
2 40
12 440
2 22
1 2
6 6
19 34
26 1431
17 3604
18 21397
22 301141
2 2
1 4
1 52
7 14
12 72
1 5
12 36
3 3
2 2
1 6
1 884
1 16
19 9273
1 2
2 2
2 2
1 592
17 21964
5 40
12 168
13 26
5 70
1 10
2 2
12 3216
7 7
1 440
2 10
1 6
4 20
7 27
7 91
24 9950
1 3
20 44
12 24
8 510
67 8764
5 10
26 1369
2 4446
2 1176
5 10
12 276
7 35
9 203
15 95
21 21
1 14
6 620
1 4
5 10
16 48
3 6
1 1998
7 105
1 79
17 8364
11 6804
7 1869
2 3446
6 1486
5 15
19 43
1 28
2 12
18 18
2 2
1 2
1 459
3 2709
1 10
7 7
3 6
15 25305
1 3
1 19
2 2
15 38895
4 424
12 800
20 328
5 50
7 7
20 6012
12 4032
1 331
5 885
2 4
1 127
5 5
5 5
6 18
6 6
10 10
2 12
1 17
7 28
2 2
10 868
1 6
5 5
6 6
1 5
5 20510
1 114
1 15
3 34
9 10
19 7393
6 18
1 3
2 82
20 20
28 5182
9 21
2 4
1 3
7 7
7 448
1 127
1 6
1 117477
1 2
1 2
2 12
21 315
2 2
5 5
1 19
1 117477
1 5
1 3
1 22
1 94
13 42
74 89282
5 6645
2 2
15 2288
6 6
1 16
25 36
1 263
1 757
1 1723
1 6
1 2
5 5
7 11228
6 78
3 147
1 474
3 3
3 3
2 10
1 3
12 192
19 44
10 66
1 37
6 6
1 301
2 10
7 1008
1 4778
14 14
1 367
7 1869
1 2
5 5
1 16
6 30
3 21
1 11
5 389
2 48
16 703
1 10
18 226
1 312
1 2
41 130124
1 12
1 2
3 3
7 14
7 14
5 5
7 35
2 558
1 27
2 2
1 1522
1 2
2 546
31 5048
9 473
5 6065
19 627
1 2
5 1455
5 715
2 4
6 36
2 26
1 31
1 1286
2 34
1 2
2 286
6 24
5 10
3 1498
1 24
2 4
12 288
2 2
1 17
1 30
1 35
1 2559
2 6
1 1245
5 45
1 32
9 81
1 739
7 30961
5 135
1 2
32 31230
7 112
1 21
1 64
5 10410
5 110
1 286
13 1929
1 2
1 23
1 1996
1 615
9 2673
7 7
13 2834
1 2
1 15
5 5
7 49
3 3
1 1251
1 7
20 118
11 415
7 12754
1 4027
1 1995
1 29
1 354
2 2
11 1215
24 9248
1 8
2 18
3 6192
2 4
2 2
9 5418
1 3
3 39
4 36
1 304
1 763
2 4
1 5
10 15
2 144
1 582
1 20
1 19
1 2
1 65
10 81810
7 115
2 6872
2 26
3 3
5 45
24 19544
2 2
1 3
6 44
6 6
7 7
8 66
2 4
17 17
1 10
7 7
2 2
6 6
7 14
2 4
29 80
5 14721
2 6
12 240
1 28
22 22
7 945
1 2
2 4
1 1947
15 925
1 3
5 5
7 616
1 286
1 109
5 5
9 9
1 268
12 14
1 23
21 474
1 585
1 5
4 4
6 48
5 75
1 551457
33 229
1 3
16 32
1 1562
1 2
2 8
5 5
1 441
1 2
1 42
1 93
7 1183
9 16
1 62
1 752
5 95
13 65
1 2
2 116
16 76
10 14670
2 596
2 42
16 16
9 337
1 2
26 26
29 7315
1 2587
7 7
6 351
24 120
16 221
4 43
1 6
2 602
1 2
7 49
1 62
5 5
1 286
1 5
22 52
11 13
9 47
1 4
24 58
2 14
7 14
2 2
1 2
1 656
5 1430
1 268
11 11
19 25917
10 392
6 6
2 4
12 108
3 42
12 300
7 42
1 10
2 12
7 7
31 39
5 5
1 1525
1 3
2 6
1 10037
1 2
1 15
17 3490
7 413
12 900
4 1755
1 15
1 4
14 1307
1 14
8 2980
1 2
1 289
1 293
7 31
5 675
1 616
1 5
5 3460
15 99
5 5
1 34
1 2
1 286
9 259
1 900
2 94
2 2
20 108
12 228
7 7
12 24
9 1640
13 13
1 5
5 20835
24 13156
3 3
11 155
1 485
2 2
1 2
2 34
6 6
2 2
1 3
8 344
4 4
26 8258
1 33
2 114
2 64
1 3
27 42
1 2
7 21
32 1403
1 4
12 3000
1 4
6 6
3 3
16 48
7 7
1 6
2 16
2 592
2 12
12 672
38 73
10 10
1 9
2 70
1 302
1 11
3 3
43 8397
3 27
1 301
4 1239
5 321
1 322
1 7
2 2
2 3538
1 5
5 25
10 42
5 45
2 216
15 51555
1 125
16 116
2 2
9 77
5 281
3 66
2 2
5 2460
2 28
2 6
1 2
1 133
1 2
1 5
8 41038
5 45
18 2232
1 9
2 4
5 830
1 570
8 16
63 63
20 60
2 6
2 42
2 34
2 12
6 63222
4 3932
7 13587
1 14
12 24
4 4
2 76
13 3685
4 4
12 96
5 15
11 15
13 312
1 2
1 5866
10 243
18 1465
2 4
2 1106
11 46
1 19
1 3
1 3
8 4095
2 2
4 68
6 6960
1 9
2 60
1 2
1 20
1 15
5 5
19 13155
2 18
10 24
3 1028
1 6
2 30
7 7
4 8256
10 976
1 9
14 1949
15 1491
1 2
1 6
3 3
2 2
5 1056
2 2
5 55
2 2
13 3572
12 1681
12 321
1 2
2 4
18 18
1 9961
2 8
1 6
5 70
14 816
1 44
2 1792
1 13
15 75
1 573
2 2
1 2
11 10307
1 585
1 11
1 5
4 5
3 9
14 266
12 12
32 1227
5 20
1 103
5 5
22 51
1 6
2 2
5 5
2 696
1 4
2 22
5 12185
5 10
2 10
8 3549
2 2
16 195
2 2
1 12
5 5
28 42422
2 4
7 76118
1 297
1 3
6 6
1 3
1 11
7 7
1 12
6 21
1 6
1 17
1 289
2 2
12 12
5 5
9 1029
13 13
2 2
6 6
2 4
12 12
14 72
1 4778
2 2
3 867
1 2
3 15
2 2
1 64
15 1940
1 7
1 4
1 51
5 25
5 10
11 891
2 40
36 163524
6 26766
15 803
7 21
1 1844
19 4788
1 2
2 6
6 37
5 15
1 36
1 5
1 5
1 4
1 24
1 90
4 4
1 2
1 14
1 29
1 1091
1 3
1 14
5 10
9 18
1 3
1 877
6 5682
1 7
1 3
10 50
3 62
10 176
1 2
4 218
10 20
6 9606
1 3
5 443
1 296
5 5
5 655
1 3
1 64
8 28
1 1560
3 183
1 3
35 44
7 10668
2 2
5 15
1 2
1 2
19 57
12 12
2 2
1 294
18 165
4 137
14 14
1 1252
13 15106
6 5034
3 3
12 71
1 125
10 10
1 1725
10 237
1 4
19 19
1 36
12 1332
2 2
6 6
5 5
28 98
5 1200
1 268
1 27
13 247
2 16
3 3
7 49
2 2
6 6
6 16
37 8611
12 324
1 2
23 27
2 146
11 2560
7 7
2 38
1 3
2 12
12 36
13 543
5 65
10 19
6 20
1 56
5 5
2 716
5 310
4 5
1 4
2 2
5 885
5 50
1 3
5 1745
1 12973
1 16
1 20
1 15
5 5
2 70
1 14
5 5
9 9
1 3
2 4
7 5873
7 14
2 2
6 6
1 592
2 2
1 9
12 4452
1 261
6 549
1 17
2 2
7 175
5 10
35 626
1 2
19 12922
2 4
22 275
1 3527
2 124
15 77
1 739
7 21
2 86
20 60
10 281
3 15
1 8
5 10
1 6
1 11
3 4584
7 7
1 3
2 12
2 2
3 9
2 116
5 10
29 44
1 3
2 66
9 16
1 75
1 9670
5 48236
13 33
1 298
25 1432
7 35
5 20800
16 54
1 2226
27 294
14 15
2 6
6 6
7 71
23 27390
1 11
3 24
14 48659
16 3526
12 12
2 1630
1 64
1 287
1 59
1 2275
2 1182
6 12
3 3
18 18
2 128
15 684
27 1050
7 7
6 12
1 2215
1 1197
5 20510
1 287
5 5
2 4
2 4
1 20
1 3
2 4080
4 4
2 3992
1 24
12 576
2 2
7 29967
2 2
1 2
10 303
1 2
4 654
21 6916
2 6
39 20769
1 31
5 5
2 2
5 2558
6 132
6 54
1 8
1 11
1 10
14 17
1 10
5 17939
2 2
3 3
3 20157
2 136
1 9
13 34
4 6
1 1749
2 20
2 2
15 375
1 3
13 3848
2 62
11 9647
1 344
2 2
2 2
1 6
1 512
1 1018
1 2
1 22
19 19
7 1036
4 4
1 3
7 2597
2 4
10 80
5 205
15 9082
4 24
5 4365
1 248
1 15
1 19
7 245
7 2254
4 4
5 30
10 28
5 310
2 4
12 55
5 3735
12 192
6 6
2 700
1 4740
1 5
1 23
27 3631
1 16
2 4
1 1601
7 7
17 17
5 5
1 581
2 2
10 86
2 2
2 2
2 2
30 12550
3 3
12 2988
2 199
1 10
11 45444
22 88
1 1160
12 108
1 877
1 2
10 1469
7 105
1 1117
1 4
2 2
2 1274
1 125
10 10
1 2
2 12
2 10
8 72
2 18
1 3
1 3
4 92
1 10
1 553
5 2870
1 537
6 78
11 36
5 5
21 21
2 50
1 6
6 12
1 58
15 15
2 576
1 57
7 7
1 9
5 40
3 3
2 2
1 3
7 24689
3 96
2 2
7 240
1 2
6 6
1 64
8 32
21 9460
1 908
6 17
13 149
12 24
7 49
11 11
14 14
18 35366
1 592
31 10591
10 2876
2 2
10 54
2 2
2 2
5 13
6 6
3 19
2 2
10 84
7 10297
26 212
1 2
1 8181
1 10
3 12
11 11
6 12
6 608
1 12
1 170
2 2
1 4321
1 323
1 287
8 8
2 4
1 10
1 296
1 5
1 4
10 22
15 342
1 7
16 22529
1 1176
2 88
1 2
2 2
15 540
10 477
9 18
1 4305
2 24
10 108
5 1885
10 15
2 2
14 14
1 33
19 7092
12 2004
1 2
1 40
7 14
5 1435
9 19935
5 29555
1 4
1 168
2 12
1 20
7 7
3 6
1 15
2 8
1 9
33 30869
2 132
1 2227
1 11
2 22
2 4
1 58
1 94
1 553
2 2
43 526
22 12848
9 9
1 5
5 70
5 5
8 558
16 1138
1 489
2 2
7 7
5 1015
1 2
1 10
1 1787
1 287
35 39
3 3
14 23
1 3
4 680
6 12
17 65
2 16
6 25
1 6
1 2
1 7
10 20
1 2295
7 7
6 12
1 4
2 2
13 13
2 2
1 926
52 136
1 867
1 13
1 1997
1 5
9 9
1 4
10 10
1 29
21 35
1 1350
2 12
1 5
12 12
2 588
5 10
9 56
5 65
1 778
1 4
3 3
2 2
26 26
1 5
35 21429
45 22575
2 2
3 6
1 1769
30 30
35 4242
22 46500
1 1757
2 124
3 3
1 885
1 51
7 31
2 7508
18 1371
3 18
2 2
9 18
8 72
7 28
7 21
2 2
14 56
2 2
9 27
3 18
2 2
1 6
7 14
1 6
3 177
2 602
2 8
2 4
2 94
17 34
2 2
1 2
5 170
3 3
6 46
1 4
6 384
1 3
5 5
1 2
1 248
2 2
1 6
38 381
2 2
12 168
1 596
25 51600
2 4
5 50
5 200
1 3
6 3510
2 8
21 1347
8 8
26 257
1 25
5 156
1 62
5 10
2 2
3 66
5 670
3 3
15 1395
10 246
8 8
1 27
7 4123
11 297
28 38
1 32
13 13
1 1757
1 335
1 4
2 12
11 81
1 40
3 3
2 446
1 11
1 2
1 5
3 18
14 28
12 60
1 12
1 3
4 43
15 181
2 8922
8 168
1 301
1 6
7 14
2 2
1 2
1 2
5 165
2 28
5 5
6 11
1 4
1 3
2 4148
2 2
31 39
12 156
5 55
1 4
2 2
1 22
3 15
3 6
1 348
1 12
1 72
1 1525
1 385
17 1159
1 3
3 54
6 6
14 14
1 33
2 6
1 3
40 493
3 5
7 14
3 1764
1 269
1 2
5 5
1 10
5 5
1 4168
3 999
11 6798
4 46
6 12
3 6
1 296
12 1980
1 15
6 1711
12 24
1 45
6 9
38 74
8 4704
1 777
1 288
12 348
6 24
15 786
12 1368
3 3
1 326
7 28
12 48
5 480
1 19
19 18518
7 9044
3 3
5 35
5 5
1 32
4 118
1 10
20 590
1 4
17 1735
14 14
10 311
1 4
1 33
1 5
7 591
5 15
13 3731
1 2
1 5
19 795
8 5720
1 20
12 60
1 32
15 3433
1 28
42 364
3 6
10 10
7 14
1 1995
2 2
9 9
21 185
2 4
1 176
6 12
12 1164
5 10
2 2
9 36
2 2
4 100
1 8
3 3
1 1914
1 2
1 9
38 3294
1 2
5 15
13 26
25 25
1 5372
4 7012
2 2
6 12
1 14
5 15
12 12
5 5
2 2
5 110
1 7
1 40
1 1604
1 3
28 84
1 2
2 4
1 10
1 17
1 64
3 18
1 29
4 572
6 36
2 2
4 4
9 266
1 354
2 20
1 134
1 12
13 13
6 8032
1 13
1 611
5 1440
12 72
9 189
9 9
3 12
1 3
2 12
1 1039
12 36
1 87
2 196
2 594
10 106
2 2
1 2
1 7851
1 307
3 7443
6 24
9 12
8 8
2 4
1 2
10 176
1 2593
1 25
1 367
1 4
6 126
2 46
5 24080
2 2
12 804
1 1467
11 11
32 10142
3 64498
12 96
3 5922
4 1755
1 690
11 44
1 2
20 72
29 88
2 2
12 48
1 326
12 12
9 320
5 26990
3 183
13 3952
3 6
1 541
2 135
8 8
4 1816
2 24
1 62
19 31939
23 69
7 7
12 120
4 8
2 2
1 2
12 252
12 132
1 4
2 1282
5 30
7 448
6 6
9 9
7 126
1 5
2 2
1 286
1 3
9 9
4 3596
2 2
2 10
13 32526
2 6719
3 27
1 2
26 647
1 10
2 6
1 908
3 3
2 22
1 33
1 350
13 13
5 5
11 262
1 17
12 120
6 2897
7 240
2 12
12 2184
7 7
1 31
2 30
5 11
1 10
1 4
2 20
5 10
7 7
12 12
3 21
5 23720
5 30
17 146
10 1130
1 43
1 2
7 28175
4 24
5 5
2 2
4 8
2 2
1 2
1 43
1 329
5 5
8 40
2 584
1 1995
9 198
12 12
5 5
1 2
3 36
7 35
12 10034
5 1275
1 11
10 1024
1 288
3 3
1 18
7 21
13 78
7 112
2 6
33 2164
10 142
3 39
2 2
1 573
18 25
1 22
7 811139
5 5
1 302
5 1550
2 2
11 11
1 6
1 1723
7 16
8 8
1 6
9 1838
1 6
1 2
1 588
6 22
1 408
7 14
14 1148
7 372
1 3
3 3
1 6
3 51
4 20
1 2
1 5
3 60
3 12
10 45
15 15
1 2
22 1341
3 102
2 130
1 2
1 336
2 8
1 8
1 3
1 17
5 4335
5 5
8 8
2 2
1 286
15 12569
8 875
10 874
7 112
35 1991
1 1290
1 64
1 10
5 5
7 35
1 4
2 4
3 3
2 104
5 5
1 22
9 943
1 4
1 4
1 28
10 328
1 575
12 12
2 2
35 106
2 2
2 2
1 5
3 6
7 532
5 5
24 1680
2 1116
5 15
10 10
1 69
18 76
7 8484
2 6
37 330
1 2
5 6260
5 5
8 971
3 3
6 282
5 33855
1 2
2 2
13 13
19 5986
9 9
2 58
1 1707
39 413449
3 12
8 217
18 18
13 25
1 2
9 27830
7 7
3 3
8 8
5 20
6 62
11 176
6 56
1 21
2 2
3 3
12 96
4 44
6 1581
2 128
6 108
1 15
6 24
3 3
10 10
9 126
13 13
1 5
2 38
6 6
10 84528
20 5166
1 290
12 36
7 434
10 5478
2 64
8 40
1 286
14 14
5 35
1 2001
1 312
1 3
1 13
7 28
11 39379
6 6
2 126
6 45
17 143722
1 23
8 112
1 11
2 8
2 26
1 15
38 37002
2 8
2 36
2 2
1 4112
1 22
7 2030
1 21
5 450
12 168
1 288
9 50319
1 66
2 1184
1 6
8 8
2 2
5 70
7 21
10 35684
5 175
1 574
1 355
6 25
2 2
21 11580
2 4
7 710
1 16
17 15310
12 72
5 1505
1 20
3 6
5 10
1 5
1 287
2 2
1 50
15 15
1 434
7 4116
1 9
11 27
6 36
9 9
3 30
1 15
3 15
8 8
19 19
13 34
1 2
6 13338
1 558
6 1475
3 20
1 9
1 4375
2 4
1 6
2 4
14 14
16 48
28 43
1 28
2 4
7 7
8 96
3 9
1 120
3 6
3 33
5 5
2 496
2 48
6 18
2 2
12 12
1 44
1 64
3 15
3 9
10 10
1 15
1 72
5 30
1 881
8 40
2 12
1 1528
1 296
6 2448
7 42
9 80
3 33
24 5572
2 38
1 10
1 5
15 90
1 2
17 4879
2 18
1 3
1 11
5 10
3 6039
5 5
5 5480
2 2
12 348
13 260
9 2655
3 11532
20 115
14 216
2 6780
1 421
3 3
35 654
2 109
2 2
3 864
2 14
1 70
5 40
5 1665
13 3562
17 1799
19 12448
96 217
1 177
1 2
24 91875
3 6
1 4
2 2
1 1482
11 68
7 3864
2 6
7 546
7 2023
13 13
9 6993
1 2
1 2
1 4
1 880
1 3
2 2
1 1384
1 10
14 266
24 9057
12 12
1 2
7 56
5 48155
26 52
5 5
17 37
1 8
4 12
1 12
1 3
2 16
2 50
7 17
1 78
12 72
5 20
7 7
2 2
7 7
12 264
6 6
1 200
7 341
12 12
1 4
1 947
1 27
4 1100
3 3
7 119
1 16
2 2
4 4
7 7
1 2
30 200
6 18
15 900
2 2
1 329
1 21
4 8
3 3
4 28
3 12
1 2
1 592
12 1932
1 14
2 366
21 1420
6 30
1 3
18 2277
2 588
2 8
2 2
5 32
1 2
1 11
28 22785
9 11
2 600
22 88
9 45
5 225
1 150
12 96
1 2
12 384
5 5
20 172
1 714
3 3
21 273
2 2
2 8
26 1272
1 40
9 9
3 3
1 3
7 8811
9 18733
1 2
19 414
3 879
5 20
3 6
7 1795
2 6
11 395
5 215
17 161880
20 22760
1 40
1 939
3 3
5 320
27 27
7 7
11 33
40 180
5 30
5 5
2 152
5 10
8 23
1 20
1 4
5 125
3 15
7 91
26 168
1 5
1 11
1 64
7 21
1 14
7 14
1 67
2 2
20 155
5 5
26 255323
15 34
2 4
16 145
7 11809
7 2478
12 636
28 86
5 20
1 289
6 2403
8 70
2 4
12 36
2 4
5 30
5 4425
1 3
24 6826
1 183
3 336
5 5
1 54
1 946
6 44
3 3
8 16
31 31
1 46
9 54
1 10054
6 3166
22 46
1 3
1 252
18 58
9 261
1 61
2 2
7 7
5 15
1 4
4 1480
1 9
1 4375
1 3
12 600
1 26
1 7
1 59
1 3
1 3
1 332
4 16
12 36
2 2
1 21
1 6
1 3
1 290
1 7
1 592
9 281
2 186
1 6
2 96
7 35
1 2
5 5
7 28
8 3516
13 28
6 10
1 70
5 5
3 9
18 18
8 12024
1 2
1 11
1 491
5 5
10 90
1 5
1 2
12 24
2 588
65 13903
2 2
23 370167
5 5
1 558
10 352
5 5
2 10
7 2604
1 2944
2 10
1 2051
1 14
4 17
7 37
1 7729
5 30
3 3
7 70
1 287
