3 128
3 6
9 9
35 117
2 1770
1 305
7 56
1 8
1 3
1 13
9 27
3 24
1 3
67 1658
9 9
1 4
2 4
12 840
1 3
5 10
1 656
1 466
2 2
2 250
1 28
1 17
15 3588
7 7
8 16
1 3
1 5
34 30840
9 37
2 2
6 138
1 2
7 20
1 408
2 1016
63 153
1 5
23 889
12 108
7 2597
1 3272
3 9
2 2
1 141
3 3
7 161
1 282
2 2
2 6
5 30
1 2
5 15
15 542
1 944
1 5
8 558
15 26
1 56
7 49
1 392
10 204
2 8
1 618
42 579768
1 13
1 7
1 6718
7 42
1 582
12 768
6 44
3 3
4 5
1 10
1 10
9 16
28 35
15 38835
15 25335
1 13
3 15
1 43
1 10
13 13
11 276
1 584
2 3544
1 947
1 926
10 180
1 750
1 15
6 14
1 426
6 18
2 10
3 3
20 12394
1 599
24 3002
11 25
1 2562
6 6
1 5
5 60
1 1999
1 2
2 8
12 1408
1 5
2 2
1 14
7 14
12 45
10 67
7 42
1 281
1 2
12 108
5 5
1 2
1 487
12 12
1 10
1 587
2 8
1 20
1 15
3 3
1 4
2 34
1 4
38 36969
1 6
1 2008
1 456
10 2687
1 45
1 87
3 3
2 2
12 72
18 52
9 238
3 36
19 72
1 9
1 12
6 18
7 7
9 31
2 4
2 42
4 4
1 2
1 7
2 38
6 6
1 2
2 2
1 367
5 660
1 11
1 116
6 18
1 33
1 349
7 272
2 2
1 62
1 581
1 553
1 1753
1 2
5 5
5 20
5 5
1 3
8 16
1 1092
13 39
1 8
2 2
1 1996
2 2
1 3
5 35
20 36502
2 32
1 115
1 16
3 3
5 5
7 35
1 19
1 65
1 2
2 6
11 220
5 10
5 34
1 786
1 907
1 2
37 125
7 10
1 27
5 5
23 46
1 5438
79 534
2 2
11 22615
8 8
2 2
3 3
2 136
1 14
5 5
12 636
1 5
21 17886
18 174
2 2
12 216
2 6
1 20
1 3
8 16
13 3731
5 5
1 2
9 9
9 576
17 3702
16 16
9 18
12 780
1 18
3 3
3 12
3 18
7 7
1 277
1 12
7 3508
2 10
2 2
14 6552
9 27
1 16
2 6
7 16
1 19
3 18
1 2
7 441
1 2
2 696
16 594
7 189
1 64
1 822
20 20
18 50
40 2050
9 252
5 1755
23 328
12 636
1 16
7 105
12 60
5 10
7 42
1 42
18 70
7 269258
9 27
1 6
2 4
2 6
1 888
7 7
11 6083
3 6
6 6
2 1886
6 563
3 9
5 40905
6 30
1 3
2 2
7 7
25 109
9 5040
16 119
3 874
5 95
5 8765
10 2175
2 2
1 57
1 2
1 1213
5 130
1 253
1 4
2 2
3 6
1 49
1 6
1 1999
2 86
26 1413
33 48
18 180
19 3474
3 12
2 76
13 156
2 4
1 2
15 2592
6 3438
10 56
1 4163
8 21
3 3
14 43
7 35
17 383
12 432
2 17
44 7285
13 1976
5 5
1 293
1 3
18 18
3 26
1 289
6 3744
17 17
1 2
1 15
14 33
1 557
1 2
6 1475
5 15
18 845
13 560
29 2065
13 7696
12 2988
1 13
2 10
5 25
12 84
1 294
2 22
2 156
9 18
1 1503
2 62
8 8
2 2
1 3
1 5
5 15
7 49
9 19
5 1280
8 8
1 58
6 18
1 6
2 4
2 8
7 42
5 285
3 12
1 4
8 448
1 4
13 37237
1 16
3 1224
7 203
18 73
6 3528
3 3
1 14
6 49
1 5
1 5
1 585
5 10
1 2
12 12
7 30590
26 403828
9 4872
1 1166
12 12
14 13122
7 2254
1 2
2 10
1 103
11 18
1 31
1 587
3 3
2 20
2 2
3 7589
3 1854
1 2
15 435
8 16
11 3201
2 26
2 28
7 63
5 20
2 4
4 4
1 45
3 15
7 7
4 24
1 18
1 4523
1 15
1 63
1 5
1 5
1 25
1 2
34 8133
6 3570
1 8
2 4
1 4816
3 6
13 156
10 10
3 6
1 3
9 27
1 2
3 3
1 144
4 4
1 96
1 2
5 5
1 12
42 1335
24 168
26 1538
1 716
17 27268
7 1624
5 5
1 3
1 2
1 3859
2 2
10 57195
12 3146
1 2
34 1622
6 72
4 24
5 165
10 874
7 140
7 182
13 949
24 60236
1 5
1 13
7 854
17 17
4 36
1 584
7 63
5 35
1 1689
5 10
1 2
23 92
5 5
1 2
2 4
2 4004
1 1995
2 2
1 582
4 48
1 3
1 8
12 48
1 80
3 3
1 1768
5 340
1 65
1 34
1 588
12 1080
13 312
18 36
42 4491
12 576
1 2053
5 5
2 6
1 12
19 311
41 22963
1 967
51 14399
5 30
5 35
1 11
6 1132
5 5
1 10
19 19
6 18
2 2
5 220
7 6601
6 1475
2 18
2 210
1 367
10 62
5 3650
3 3
1 6
6 1711
7 49
3 10
21 11580
1 14
1 19
5 192
14 37008
7 7
13 86
4 16
6 6
1 2
2 72
1 291
1 14
37 10514
1 3
12 36
1 1162
2 1120
18 1465
7 14
2 1144
10 2850
2 2
2 4
1 12
3 3
7 43
26 26
31 52099
2 2
1 21
1 62
9 9
10 36
1 2
1 15
1 3
4 56
8 16
8 8
5 4695
12 72
12 12
52 136
1 2
12 636
13 312
3 6
1 5
1 140
2 6
7 35
1 6
1 17
1 5374
1 535
17 163
5 5
5 30
1 21
12 12
2 34
1 2481
6 8820
21 9460
5 10
5 4475
5 5
2 2
7 140
1 16
1 62
13 39
1 3
3 3
4 8
2 46
27 498
12 5232
2 22
1 395
1 10
5 15
1 312
9 3930
1 6
1 4
9 9
31 8364
2 30
6 20340
2 2
1 3
3 9
1 2
9 7686
1 3
2 17
12 576
1 68
7 128
7 49
2 2
1 2
5 10
15 34
9 61
3 21
9 9
10 4846
1 3
2 2
1 1350
1 2
7 14
3 3
20 22760
7 1883
20 92
6 138
12 55
1 2
2 2
10 135
1 3
1 4
1 1399
8 8
5 20
10 30
1 334
1 2
1 19
1 22
16 158
2 116
2 12
2 2
2 56
1 23
7 259
1 59
1 9
6 11
12 24
18 10075
1 9
1 34
1 4
1 87
18 1152
2 84
3 3
7 131
5 30
20 317
19 38
1 5
1 11
21 6916
18 422
8 2304
1 268
1 71
1 71
14 14
1 4160
1 13
14 56
22 275
18 72
1 282
2 2
1 5
2 28
16 3444
1 14
6 6
1 67
8 77554
1 280
6 6
2 4
1 58
1 24
9 121
1 290
5 5
1 15
12 348
2 14
20 108
2 2
2 2
5 5
2 336
9 845
1 508
5 15
3 9
1 1162
5 60
7 114
5 2385
1 2
5 5
28 28
1 134
3 3
3 18
1 35
5 1815
1 4
3 7
15 974
7 35
1 29
2 146
15 7502
1 1767
10 74
8 3472
2 2
6 6
1 981
1 6
2 2
6 12
8 4095
5 60
1 304
8 21
2 2
2 10
3 2631
2 14
24 8604
6 18
1 3
5 5
12 276
1 9632
2 4
6 6
2 18
7 243
2 6
7 28
1 6
1 30
16 64
2 134
11 81
3 6
9 153
1 7
35 1138
1 5
35 12481
6 12
5 281
5 25
6 6
1 73
7 13
5 20
6 6
1 3
8 88
2 2
2 88
6 24
2 2
2 6
5 1755
3 9
7 70
1 10901
8 36
1 3
26 1656
2 34
1 2064
1 2
10 146
1 2
1 287
5 1430
2 3446
20 60
2 2
21 61
1 11
1 2
2 2
20 99230
2 4
11 16531
1 6
1 3
12 96
2 602
17 309
1 10
2 28
5 1380
5 15
4 4
19 23046
5 15
16 18
1 2
14 1273
11 1893
1 280
5 10
5 267
1 9
1 8
5 11125
7 30982
5 1755
1 543
12 39
5 5
7 70
27 411
2 2
1 68
2 7
11 22
2 2
18 610
3 9
7 4020
6 264
1 2
11 383
33 911
1 78
14 8022
5 275
14 1640
13 13
6 6
1 9
1 1361
12 840
9 70
5 5
16 81
2 2
5 25
3 3
2 128
1 44
2 566
3 45
2 4
7 28
1 1039
1 523
1 2
1 4
1 5
2 12
7 14
1 547
1 2
1 2
1 3
1 580
6 18
4 100
10 8836
1 330
10 635
1 1095
2 4
1 3
9 11
12 15200
36 172
9 11
13 13
4 8546
2 60
1 14
1 2
9 320
15 15
12 576
1 58
15 2764
9 84
1 6
2 10
32 31185
4 5172
1 1995
3 3
9 56
2 2
6 72
1 26
7 14
2 44
3 3
1 16
1 741
15 59
9 135
5 40
3 6645
1 16
1 3
9 9
1 815
4 4
5 12345
1 90
1 1236
16 8624
20 312
5 25
2 9480
3 69
7 539
1 8
20 24
1 2
2 2
8 2456
1 62
1 5
2 8
2 138
6 9
5 160
5 1315
5 11205
7 21
2 6
13 158
2 2504
3 3
1 3
1 534
1 3
7 1008
2 2
1 13
5 5
17 170
2 1174
19 2225
5 7335
16 79
3 3
3 3
10 218
6 6
1 88
2 8
18 18
1 2481
1 22
2 2
2 16
2 4
10 475
3 5295
1 8181
12 1026
13 13
2 2
1 50
18 5292
5 295
46 1332
1 573
5 10040
14 14
4 56
1 324
1 283
4 527
2 2
2 4
1 37
2 20
3 3
2 12
10 10
3 3
1 730
13 13
5 1275
2 66
8 11070
2 2
3 3720
1 1999
8 28
2 2
24 28397
8 5720
1 2
4 104
2 2
1 757
1 2
1 7
2 2
2 9312
14 18515
1 2477
10 108
2 584
2 5280
3 3
2 3446
1 31
3 3
6 6
2 8
14 28
1 173
12 12
1 4
12 55
5 1515
4 3824
1 9961
1 58
3 3
1 4
31 27953
2 8
1 5
1 2
1 421
1 4
1 908
1 3
5 5
1 3
1 7
14 14
2 26
1 583
2 4
5 4535
5 5
8 48
2 2
7 28
2 8
1 3387
29 107
36 1040
1 13
7 7
17 58
21 21
1 4
8 150
12 252
3 9
6 6
3 3
9 18
5 1275
2 2
2 4
36 602
19 155
4 4
5 2460
1 223
2 4176
1 5
1 24
2 2
31 72
12 828
1 76
1 64
1 885
7 7
4 1040
1 15
2 6
1 1950
1 2
16 54
1 115861
1 3
1 3
13 53
39 3468
5 2895
3 12
2 8
2 1996
1 24
1 9
19 9273
1 6
3 30
3 999
2 2
1 161
12 228
14 372
7 28
1 240
2 8
1 90
10 10
1 3
5 1485
5 20
2 1656
5 70
3 3
1 33
16 4608
5 10
1 4876
12 120
1 588
1 2
5 5
1 498
49 390
1 11
2 2
32 689
3 42
9 225
5 10
2 124
6 6
3 3
5 1665
1 20
5 4795
1 35
4 4
1 11
7 7
10 264
1 172
1 2671
1 5
6 6
8 16
1 11230
1 1599
19 24043
15 803
2 20
2 8
5 5
2 48
1 9
4 6250
9 9
7 14
1 2
1 80
1 4703
2 182
2 600
30 30
19 19
1 10
1 30
1 8529
19 968
1 8
1 2
1 5
1 15
2 2
4 43
4 4
5 6
6 30
1 29
6 12
12 24
1 9
15 16
2 2
2 4
2 24
10 10
14 14
1 9
1 896
7 14
8 2408
7 7
2 19
7 5187
1 344
1 8
9 161
41 43156
7 40
9 19935
2 2
1 2
1 288
1 67
8 72
1 391
1 3
9 36
5 10
3 6
21 336
11 90
1 33
2 1158
22 110
29 11426
2 2
1 5
3 6
2 6
1 16
28 31
1 201
19 8541
2 88
18 18
5 5
1 286
1 5
29 115
2 10
6 42
9 27
2 12
8 2296
6 426
10 130
2 596
2 8
59 162
1 289
21 21
1 75
11 18
12 780
7 7
15 45
2 2
16 16
1 67
1 19
1 11
7 264
10 10
1 40
1 10
5 33855
19 2751
7 105
6 7
7 651
1 10
5 185
5 5
12 708
1 1600
12 36
15 1390
8 105
6 18
3 6
39 240
7 7
4 70
2 2
2 1218
9 162
8 5029
1 2
1 17
15 1470
2 2
1 10
1 3
1 5
3 6
1 3
2 86
1 3
5 4201
1 4
8 19816
4 218
1 2
6 56
2 548
1 351
7 7
20 40
1 1302
1 15
1 34
2 126
1 8
2 2
1 2
1 2
7 7
6 21
2 4
3 6
1 3
5 48155
5 36
3 6
2 6
12 12
1 5
8 2296
12 12
3 3
12 3564
6 12
2 2
2 12
8 12200
1 297
16 199
1 2
2 40
7 7
376 1711
12 36
1 1038
1 13
1 398
11 1551
4 2292
2 2
5 1015
1 34
7 7
1 329
2 28
7 7
1 22
1 149
16 25
5 130
1 2
2 2
3 1788
1 2
14 14
2 4
1 2
3 3
1 25
5 5
11 521
1 882
2 6
1 3
6 25
1 1600
1 103
1 79
10 142
1 2
1 161
1 281
1 867
9 36
15 60
2 22
2 2
1 221
41 2147
9 39
2 943
7 161
1 44
4 100
5 670
14 1943
13 13
1 46
3 336
9 9
1 6
1 23
21 42
5 150
6 7951
1 377
2 64
1 8
2 6
19 1178
5 570
1 45
3 3
11 2349
2 38
1 6
6 6
1 10
18 698
5 5
6 6
4 23544
1 26
6 6
1 62
5 30355
5 285
2 240
18 1432
6 257
18 32997
1 288
2 6804
3 642
2 199
13 4238
4 40
1 2
7 7
2 12
12 876
1 3
2 2
5 39255
1 64
13 19918
1 1265
12 96
5 5
7 7
1 2
1 27
9 235
14 41
14 43
29 80
1 8
5 5
3 12
20 2279
1 1140
1 3
1 581
7 1841
6 138
18 54
5 5730
2 2
17 73
6 6
12 12
2 10
2 32
1 326
5 5
1 2
37 703
12 24
1 587
1 9
1 2
1 579
1 332
2 50
2 36
3 15
10 20
1 294
11 1016
7 245
5 21850
16 614
5 385
5 21525
6 18
8 8
1 1020
1 117461
2 2
7 14
1 18
2 2
2 274
7 126
1 14
5 25
2 144
10 54
1 291
12 192
7 7
10 80
1 15
4 256
16 3645
1 10
20 6932
12 348
1 3
2 4
13 42
26 212
2 2
1 22
1 2
5 5
1 49
5 3730
7 42
5 65
5 5
1 5
1 6
2 24
1 574
1 7
2 2772
1 18
1 159
2 2
1 148
4 4
2 2
6 36
2 2
6 6960
6 90
2 36
12 168
1 3
7 7
1 2
1 5
1 32
7 333
2 12
1 2
2 4
4 109
5 5
1 14
4 8
1 6
1 22
5 10
3 12
5 25
1 3
1 140
24 20940
1 2180
14 14
2 4
1 587
3 3
1 3
1 3
1 10
2 1424
16 41
3 12
1 17
4 132
17 34
14 14
2 4
3 3
36 163555
8 24
7 35
1 2
5 20
3 9
10 106
2 1106
5 5
1 4
15 4454
1 14
2 2
1 143
2 1082
1 2
4 16
3 3
2 16
3 9
11 11
1 3
1 39
2 38
2 20
13 39
15 60
5 5
3 9
1 3530
1 12
18 5575
1 574
5 10
5 2670
1 3
9 9
5 5
1 2
2 1776
6 20
7 7
3 3
5 10
7 84
1 4
11 22
1 270
5 810
1 4521
8 35
15 1035
9 5949
2 2
1 4
4 76
2 10
1 4
2 2
1 2
4 4
4 24
7 70
24 3701
1 4
2 124
1 292
1 299
7 35
12 12
3 3
1 15
1 60
5 25
20 20
2 40
1 828
5 5
1 286
6 7
5 5
1 3
1 12
2 2
2 38
2 2
9 18576
5 30
1 1999
1 287
72 90
15 23109
12 1164
1 2
12 629
9 145
7 28
1 5
26 18939
1 10
1 4
5 2935
6 5304
1 17
2 12
2 50
3 36
5 12610
2 2
5 30135
5 5
1 7
3 3
5 24080
2 4
1 11
1 404
5 5
17 41
1 16
2 40
10 102
12 36
1 4
2 16
12 84
1 2
1 8181
4 92
6 378
5 5
5 40
2 34
12 12
2 3
2 2
1 7
3 8
8 345
5 20
6 27
17 425
11 132
15 258
1 3
1 292
24 10088
1 587
1 38
32 1227
1 286
1 55
3 5
8 616
7 63
40 1274
9 11
3 15
13 39
12 672
6 1722
10 90
4 1866
1 4
2 26
20 40
2 10
3 3
1 1822
1 7
9 12
14 14
2 2
6 3528
11 22
15 20670
24 65
1 261
5 5
1 3
13 130
2 2
1 288
1 14
3 3
1 2
1 288
1 5
2 6
1 4
1 59
8 23
13 42
5 621
1 1176
3 3
18 3718
2 2
5 20
10 240
1 654
12 2184
1 10
1 8
10 10
5 5
16 16
1 591
1 4168
3 3
12 276
15 15
6 12
2 2
15 63
1 6
7 21
21 21
7 98
47 635
1 2
1 82
2 64
10 12
8 420
2 16
1 3
1 2
1 2
14 14
3 51
26 1655
12 276
1 45
10 60
1 8
5 6240
1 12
7 1771
1 62
1 59
3 1380
1 46
6 11
3 3
6 24
7 133
1 3
10 10
3 9
5 25
1 49
9 192
2 128
9 27
1 12
6 78
5 20
1 10
1 23
1 3
1 70
2 560
1 6
1 427
1 6
1 451
1 276
9 9
17 25902
2 6
4 12
8 54
1 18
16 64
1 9
8 8
7 448
1 289
1 1976
1 8
21 128145
5 20
5 10
11 32
1 348
1 2
1 330
1 5
1 4
3 3
1 72
1 287
1 12
9 18
7 42
1 545
21 48999
10 11696
2 2
5 80
3 6
1 10
2 2
1 2
3 9
1 151
19 351
1 6
1 25
2 20
1 26
7 84
1 5
1 6
3 9
1 65
2 2
2 2
14 394
1 2
5 30
11 11
12 384
33 30869
1 89
2 78
12 84
1 2
1 4
1 9670
1 587
7 7
1 296
1 3
2 2
1 3
1 1595
1 22
3 6
3 9
5 1755
3 459
1 4
5 100
1 5
2 2
2 6
18 189
8 2280
7 21
2 8
2 2
1 2
12 36
1 2
5 10
13 65
1 5
2 100
12 37
6 62064
7 7
33 52626
22 302070
2 88
1 4
1 31
2 59
5 100
14 5028
1 10
12 2016
1 24
1 36
1 6
2 6
2 6
6 54
1 6
2 2
5 2935
3 9
3 1047
2 104
2 3838
2 3664
4 8
4 36
30 674
7 7
4 256
7 7
3 3
3 10
2 82
1 3
15 4350
7 4025
3 3
3 9
8 248
3 3
15 54
1 19
2 2
1 3
6 6
1 2
32 17389
1 3
16 16
17 84
5 1435
5 5
6 6
1 6
3 8337
8 8
4 12
1 29
2 14
23 27390
16 19
1 5
1 4375
6 48
1 8
1 1350
2 26
3 3
2 2
1 163
5 5
5 5
6 6
5 700
12 2064
5 5
15 26612
1 291
15 15
1 2
8 72
1 19
4 160
2 2
2 2
2 80
1 692
3 6
5 10
2 2
9 9342
2 2
1 20
1 302
21 57
2 3538
2 10
1 10
1 2
1 2
3 393
2 4446
3 30
2 2
2 6
37 87
1 2
5 48160
1 884
26 26
1 288
11 11
2 4
1 15
1 2
1 5
1 32
1 64
15 31
32 109
1 20
2 4
3 9
1 1995
16 48
9 18
2 54
1 36
12 48
44 936
3 1764
1 16
2 12
7 14
2 2
1 64
7 140
5 5
1 30
1 26
1 2
5 10
4 44
2 584
5 3695
1 57
10 10
5 7515
1 3
11 990
12 1678
20 60
11 5472
3 18
7 6174
2 2
2 2
1 3
1 939
5 15
4 528
1 57
11 13
1 4
6 12
1 8
2 130
6 43
20 20
6 6
4 4
6 6
9 9
1 301
2 136
18 469
2 2
19 527
2 574
2 4
1 2
31 31
1 4
2 2
5 85650
1 354
1 2
2 2
13 3562
15 15
1 4045
40 412
2 801
5 5
2 4
1 24
24 8248
2 2
2 610
3 2709
5 35
2 536
2 4
9 9
23 27
5 1460
1 79
1 5
16 7027
5 70
18 145
5 1755
2 180
2 8
10 290
10 76
1 6
5 15
10 58
5 50
2 48
1 33
1 11
1 80
1 6
1 3
96 217
2 4
7 35
15 311
6 6
1 34
1 2229
5 110
12 12
45 4239
2 4
6 24
29 107
9 53
5 35
2 430
1 9
5 5
2 6
1 2
5 5
5 10
1 13
2 2
5 5
2 48
7 147
11 11
3 3
3 9
1 20
1 28
7 1988
2 2
2 16
1 5375
5 15
1 281
1 552
14 14
7 341
1 882
1 3
5 55
2 2
3 3
3 10
2 42
7 4095
7 14
4 4
12 892
1 312
9 4812
1 38
1 2
7 28
6 90
1 4
2 6
1 6065
17 4879
1 16
12 276
2 720
5 2930
6 84
9 24
10 392
10 80
18 166
1 1503
1 3
2 18
2 2
19 3166
3 3
1 803
40 1715
1 1275
22 22
1 4
34 2054
1 4
6 344
4 4
14 36
1 287
5 880
3 1255
15 7956
1 4
1 287
10 10
1 17
6 6
1 4
9 182
1 25
24 6493
12 10915
2 10
4 12
19 1174
7 7
1 4
12 36
6 68
7 3409
2 1884
2 680
1 3
4 4
1 4045
1 154
6 6
2 2
7 7
6 120
2 60
27 294
21 46027
5 310
1 2
2 230
1 29
12 24
1 307
2 6
16 16
2 140
2 52
6 10
5 480
12 59
7 7
17 34
1 33
8 808
2 10
20 416
20 172
5 5
34 413382
48 6090
5 65
3 3
1 286
1 4
5 10
2 2
5 3325
5 20
5 115
5 155
1 16
1 3
9 2421
2 4
6 25994
17 28
2 32
5 8
12 84
36 846
6 1716
6 11
7 434
1 4
1 2
1 3859
2 64
1 57
2 2
7 8
1 15
1 3
37 360
2 8
5 10
12 156
5 47
3 7761
5 195
10 22
2 2
1 10
1 35
21 1448
5 5
6 9
6 6
1 5
16 80
19 305
1 140
22 52
24 4576
5 25
5 66215
1 226
16 19842
1 6
7 6594
7 35
6 2910
1 223
1 3891
10 1506
1 13
14 122
2 28
15 60
1 10
1 2008
1 1767
1 3
2 10
1 440
8 1346
10 10
17 17
22 1528
6 4602
12 96
7 49
6 54
1 3
1 4
1 11
33 166
1 1996
9 1838
4 8
1 86
2 2
7 13533
2 2
23 370656
1 2
1 26
1 592
2 2
4 218
1 286
1 3
1 4
3 15
1 11
6 9606
1 49
1 124
1 2
5 5
13 14
2 2
22 2597738
5 5
1 2
1 6
3 3
11 356
12 12
2 2
15 1154
2 2
2 2
1 2
1 1011
2 6
2 2
15 1866
6 7
10 19
1 15
11 716
6 342
31 58937
1 2
3 15
3 3
1 2
12 12
12 12
1 2
6 141
2 2
1 1403
9 19935
4 4
1 15
1 14
7 14
1 11
13 13
7 70
15 63
2 2
2 8
3 6
4 4
1 2
1 2
15 15
10 35
1 1341
8 3724
1 643
2 10
10 84
1 11
1 289
1 351
6 6
7 224
69 525411
1 6
5 5
1 5
1 34
1 269
1 2
13 286
1 11
1 3
4 16
5 1435
2 68
1 297
5 165
2 128
4 4
1 1804
2 594
1 543
1 8
1 2
1 584
2 4
6 84
7 742
2 16
13 149
8 8
2 2
17 544
1 3
2 16
2 4
17 6781
1 2
2 32
5 175
2 10
5 15
1 3
1 5
2 2
1 16
2 130
1 35
1 64
1 2
6 3510
1 696
1 20
2 2
2 4
10 20
12 60
1 7
2 2
1 37
2 2
15 1395
3 1635
1 32
30 30
1 946
2 2
1 1962
7 56
7 811027
18 593548
1 3
18 106
6 12
12 868
2 106
1 3
3 45
12 36
20 103793
9 18123
2 2
8 8
3 12
2 2634
1 29
31 5048
2 2
15 15
1 2
4 4
19 9359
5 5
1 2
3 1359
7 21
2 8
1 301
1 2
1 10
13 13
5 5
7 105
6 7722
2 60
6 9461
18 2109
6 6
2 24
1 1524
26 9780
2 8
7 140
1 41
3 3
1 2046
4 109
7 7
9 520
1 6525
1 6
3 9
2 2
8 40
1 33
13 13
2 2
1 302
5 105
1 4
1 23
3 9
2 464
14 20
15 68310
1 391
1 5
10 30
3 1674
1 6
20 155
5 25
5 9995
1 7
2 38
7 42
1 2
5 20
19 19
1 2
1 3
16 390
7 721
13 13
5 5
2 1492
7 2737
5 5
1 3
2 52
1 582
6 6
13 13
32 1911
2 12
25 29
1 8
13 78
4 988
26 1272
5 55
1 591
20 199
1 11
1 2
2 6
3 3
2 6
5 15
1 2
15 60
2 6
19 38
1 7
4 680
1 93
4 12
6 384
7 7
4 12
2 2
6 208
1 4
4 4
1 1723
1 8
13 7410
9 9
12 2201
36 16164
3 3
5 74
8 296
3 15
1 44
1 3
2 22
32 438
1 3865
5 14
1 6
12 84
24 24134
1 7
5 20805
2 5640
1 327
14 28
26 255056
3 3
2 4
2 4
2 6
5 15
6 6
4 4
2 2
2 4
2 2
1 3
1 80
1 3
15 6508
1 3
1 50
1 5
3 6
4 1498
11 17
1 8
7 5374
1 64
7 21
5 5
6 6
5 110
5 15
1 351
23 37
5 21090
5 5
2 2
9 9
1 24
7 231
9 20
7 112
2 9312
5 5
8 28
1 304
2 2
1 35
1 2
1 26
4 496
5 40
1 9632
7 21
2 4
8 8
3 3
1 29
7 14
5 9810
1 2611
1 2012
45 82
2 2
1 2
1 62
93 122
7 7
6 168
1 13
7 7
1 5
2 1164
27 42
1 22
1 5
2 10
12 876
1 2
1 22
5 2885
2 10
2 2
1 5
15 90
2 2
5 15
8 8
8 76
1 3
1 25
2 10
1 35
7 42
1 1467
1 4
13 247
3 3
1 158
1 2587
1 64
1 287
2 2
16 221
21 63
2 26
2 116
6 6
2 2
1 459
8 987
1 2295
5 20
2 48
2 18210
1 15
2 2
4 4
1 25
1 6
1 6071
1 25
1 327
5 25
20 20
75 78812
2 4
2 36
1 492
7 21
6 8
2 2
2 10
15 225
1 2
14 14
1 6
1 485
5 60
1 19
1 7
2 2
16 24
1 289
1 18
2 10
8 40
5 7320
3 14
2 6
7 8350
7 92
1 35
2 548
6 12
19 103
12 348
1 542
3 9
13 78
1 2
7 7
1 553
7 441
1 466
3 6678
3 78
1 2
5 15
2 2
2 6
1 9777
1 867
11 11
1 6
3 3
12 84
6 12
3 3
5 2558
13 78
1 2
1 76
6 24
1 57
12 468
5 5
1 8
6 24
5 74
1 4
7 56
5 1795
21 474
2 38
7 451
6 5670
2 12
6 36
5 2010
7 7
7 14
18 143
7 175
3 36
6 6
7 21
12 324
6 6
1 15
12 60
10 10
1 553
30 1315
1 12
1 941
9 19
7 49
7 350
2 14
5 760
26 67
2 88
1 1018
1 2
7 7
2 84
1 1912
7 10920
1 27
5 70
5 5
1 44
30 63
1 1292
5 10040
2 34
1 29
1 74
6 6054
13 13
10 208
1 5
1 293
5 5
1 39
2 218
17 8835
8 2116
1 3
1 91
10 20
39 76
1 14
2 12
7 33
6 12
2 2
1 3
1 292
10 176
7 7
1 10
7 381
2 3056
11 402
7 14
1 387
1 7
5 70
2 415
5 5
1 5
5 5
17 4862
1 10
4 20
3 3
1 64
7 56889
1 28
6 12
1 2226
12 1332
5 325
12 72
2 4
2 2
3 3
12 168
13 1016
2 26
1 10
12 12
3 864
3 24
2 6
1 32
6 30
3 3
34 103
29 66895
10 38
13 26
7 21
2 10
3 201
6 12
1 288
2 2
7 170
7 763
12 96
2 2
5 20
5 1440
13 312
1 9
1 128
8 72
2 18
28 1634
6 54
5 110
6 6
1 147
8 682
12 852
2 6
1 301
12 72
2 96
2 1286
2 2
1 3
2 4
7 7
1 3
26 26
2 8
10 45
5 5
2 2
12 12
16 82793
12 180
1 5
1 301
2 1232
4 4
2 2
12 168
1 3
1 16
2 10
19 155
2 4
2 6
4 36420
23 12884
1 3
1 407
7 7
7 7
7 18123
32 3159
3 45
2 4
2 2
1 26
2 2
12 216
1 3
1 2
2 12
11 29
12 12
2 6
1 441
1 15
3 858
1 1996
3 5109
1 86
2 2
3 3
1 29
6 86
5 5
5 10
2 18
12 84
14 266
5 30
2 4417
7 9
2 73
3 6039
65 132
5 5
18 270
9 189
1 3
6 18
1 16
1 3
2 6
15 631
3 13110
5 25
1 3
7 9079
6 36
3 39
2 8336
15 217
8 8
6 12
7 4022
3 3
24 19560
1 2
1 145
1 16
8 77
1 286
2 2
1 13
11 19
5 95
1 87
2 1772
7 175
12 120
3 864
1 82
1 90
1 2
1 6
4 4
3 9
1 11
12 12
22 78
1 5
7 12754
8 4198
5 10
2 2
26 686
6 126
2 77
2 4
13 39
10 540
15 246
1 64
1 2227
2 2
1 2
2 8
1 6
1 15
1 6
1 264
1 2
2 4
14 72
1 2
66 122
1 288
1 573
19 8484
1 3
9 70
2 26
1 301
1 94
2 1980
5 540
1 17130
5 5
1 1528
1 14
7 145
1 7
3 4
7 70
7 3864
1 269
1 949
1 20
14 14
1 1378
1 877
1 2469
6 6
2 30
4 4
7 35
40 21421
1 9
1 147
4 24
4 4
5 160
1 6
2 12
14 2614
2 2
1 1496
16 686
1 9
4 4
1 2
23 22473
5 5
1 7
14 4018
18 2430
1 23
6 36
7 210
1 1525
2 6
12 84
2 14
7 4021
13 233
5 105
12 12
5 320
2 40
4 9800
1 895
5 25
7 532
5 10
10 15
7 35
2 2
2 2
1 3
5 10
2 2
3 3
24 833
12 852
1 3
10 104
5 620
5 5
5 1430
26 1104
1 5
2 2
2 66
10 12
2 40
4 66
5 75
2 8
2 4
2 506
8 56738
7 28
1 2
1 937
12 1164
2 10
3 4
46 4216
1 94
13 13
2 602
4 24
9 53
1 16
1 27
6 12
2 52
23 82
1 5
2 104
6 27
13 208
4 844
5 25
1 2
16 19592
1 6
8 8
1 74
1 327
2 2
1 116
33 8596
2 77
1 8
2 2
2 8
2 8383
1 19
3 3
1 1399
3 63
1 2
17 51
1 13
2 8
18 21075
7 2856
1 10
6 35
4 16
2 272
14 14
1 302
4 1776
1 8
11 13890
18 152
39 1312
5 130
1 2300
2 22
1 3
16 22875
6 8
2 180
16 169
6 1475
5 5
1 1054
1 2
1 60
3 4
8 232
3 3
1 942
1 4
37 125
1 693
1 19
5 30
5 40
7 7
59 890
1 303
2 2
12 600
12 324
1 552051
1 1523
1 4469
1 1292
5 80
1 3
1 2
3 9
1 101
2 1210
5 320
2 4
2 2
15 40
21 4065
6 18
1 5
3 6
1 14
2 2
2 1816
1 222
1 2
3 3
1 107
67 1943
3 186
3 123
7 7
7 14
9 9226
2 10
1 19
7 611
29 73845
1 96
20 149
7 750
7 7
5 10
1 877
30 60
2 3534
6 47
1 20
21 273
12 36
12 60
5 1490
1 7
24 7501
22 48
2 776
2 4
1 2
12 12
1 3
2 85
1 121
5 12505
7 6622
1 1256
19 11657
1 33
3 3
3 9
5 89
15 15785
1 62
1 2
1 2
8 16
1 55
2 2
8 32
2 2
27 25024
1 116
1 2
5 25
1 44
1 288
2 2
5 12793
5 25
1 2
6 6
5 505
1 286
5 35
16 816
1 42
9 9
1 20
1 258
9 4824
2 10
6 60
8 9459
1 287
1 2
2 8
4 4
3 3
19 4320
16 23
1 2
1 33
1 22
1 8
7 133
9 144
13 288
1 2
15 26
2 2
11 45508
1 15
9 9
3 3
1 2
20 553
15 2112
1 37
1 1843
1 3
2 34
19 43
2 2
1 44
11 239
1 23
2 232
1 6
2 576
12 13008
7 13986
63 63
1 62
1 16
1 371
3 183
1 16
1 297
6 6
1 64
15 34
9 153
6 24
12 192
1 24
7 17
1 361
7 15260
3 36
3 3
6 6
1 942
1 3
19 167
1 2
2 18
2 8
12 216
2 6
1 22
4 4455
14 206
2 8
2 2
7 1281
20 1526
3 3
2 2
1 2
2 570
1 3
3 177
5 42
2 144
1 101
7 77
1 5
2 2
12 8000
1 4
5 1770
5 250
5 110
5 160
1 23
1 13
1 34
5 30
35 38831
1 2
9 117
5 5
7 21
26 26
4 4
5 70
30 12523
5 145
3 9
6 6
3 6
19 41296
1 376
2 524
1 18
6 12
2 2
7 7728
2 16
14 3129
2 2
5 5
10 18
5 440
15 684
1 2670
1 43
1 1602
13 13
6 344
9 266
1 42
2 4
39 76
1 4073
1 42
12 24
25 36
3 3
3 15
1 3
1 574
18 161693
3 3
42 701
1 7
12 588
4 2190
10 946
6 6
9 1169
19 618
1 2
1 62
7 4025
1 4
2 2
12 12
6 18
20 60
2 702
1 19
17 347
1 2
5 165
3 3
2 16
1 36
1 87
9 9
1 2
1 4
1 42
5 20
2 6
5 5
10 66858
6 6
6 24
1 2
7 1869
1 2
2 2
1 8
7 14
2 2
2 18
2 2
6 102
7 21
1 2
3 3
7 7
3 9
1 14
1 8
1 46
3 3
6 408
7 98
16 16
40 243
1 34
3 6
1 53
3 995
13 13
1 3
8 90
1 27
1 11
4 4
9 70
2 2
1 588
2 2
4 4
2 8
9 9
21 15362
1 297
1 9
1 37
5 5
19 1502
15 272
2 36
32 10103
1 5
2 12
24 5572
1 6
2 6
11 2052
5 30
1 4267
1 6
1 14
1 2
9 135
1 4375
3 9
11 20
18 18
1 7
6 328
11 11
10 30
13 13
7 119
23 13432
7 7
1 22
7 7
1 8
1 5
2 2
2 2
11 3908
1 2
1 19
2 46
1 579
20 2308
1 6719
21 420
1 2
5 1550
2 8
2 2
6 6
1 3
3 3
1 90
26 229
1 6
9 17694
2 4
19 495
1 7
6 204
3 1788
2 1308
6 384
1 31
1 77
1 19
1 2
2 8
9 72
1 2
21 1486
9 180
1 5
2 2
18 171
1 3
2 2
1 12
4 4
8 8
1 7
1 10
2 6
1 8282
5 15
2 30
19 18558
1 365
2 2
74 89327
5 25
1 16
2 7
7 7
17 11473
1 2074
1 222
18 610
10 31
29 95
1 12
1 6
7 16
18 18
10 270
10 54
4 12
4 52
5 8680
1 277
19 57
1 1769
3 558
4 52
1 4
13 13
5 56
1 2
1 1746
6 6
7 2002
10 1132
10 13728
4 4
1 170
9 245
1 15
1 596
16 195
1 115864
2 2
1 24
6 6
1 114
1 48
5 1485
1 20
7 217
1 5
7 148
16 19
5 110
1 4
7 6984
1 23
12 24
1 2
1 8
2 2
5 60
4 8
1 288
1 117461
2 690
5 5
8 16
1 35
5 60
38 5543
14 816
1 64
2 16
35 1993
1 237
1 573
3 3
1 289
12 6996
14 14
5 10
16 21040
5 25
1 8
13 13
1 11
12 120
1 2
1 12
7 11228
2 104
5 2625
16 1715
1 17
11 28721
1 3
10 100
1 183
1 3
37 11673
2 4
1 3
9 27
1 5
8 56
1 2
1 267
15 17
1 264
1 40
20 20
6 1776
9 29
2 44
20 32
7 203
4 6012
8 2970
1 152
9 17694
15 1238
5 5
10 60
25 83456
1 5
13 2834
25 82
2 44
40 1980
1 8
3 6
3 9
1 1974
15 15
2 54
9 10
1 3
13 13
2 6
1 26
7 2009
6 12
1 585
1 11
1 5
2 6056
1 7
24 9939
24 1874
2 70
1 6
1 1297
3 4410
15 33
14 1232
1 1195
7 21
9 2149
3 21
12 60
1 26
3 3
2 6
11 11
1 67
5 116
2 558
22 120
39 20769
2 122
5 2995
1 44
2 2
1 9
2 2
2 2
3 3
7 14
2 4
44 979
1 1950
7 7
1 12
26 84
1 64
2 2
3 3
1 17
1 3
1 2
7 91
1 137
11 11
2 46
28 258
5 50
5 10
7 42
1 25
7 14
9 273
12 876
11 410
3 6
1 4
5 5
15 2340
5 50
1 88
5 5
7 2492
16 159
1 287
1 3
1 5
25 25
1 3
20 220
2 6
17 1969637
2 16
7 245
12 36
2 4
17 5015
3 12
4 124
12 216
1 18
5 30
1 11
7 56
2 4020
1 11
1 5
1 2
7 343
2 8
5 5
1 15
1 654
1 14
5 5
7 14
1 2
7 14
14 28
2 8
1 2
1 4
3 3
2 21
1 14
1 5
1 276
5 25
8 4631
1 2
2 6
20 34921
7 217
8 6559
3 3
1 778
16 4316
3 58
3 3
5 5
3 3
3 21
1 11
5 12
12 456
1 53
1 1602
14 6889
16 48
1 10
7 7
9 10
16 703
12 24
5 170
1 8
1 11
2 10
2 266
4 108
20 3586
5 135
7 84
5 7445
1 104
2 10
7 238
35 1211
1 351
5 1515
2 6
1 398
10 60
2 66
1 4
5 10
6 114
7 23
2 6
9 18
6 48
1 2
2 102
2 24
12 261
11 2430
5 5
1 15
1 10
1 9
1 19
11 39379
3 3
1 21728
2 2
10 71
2 2
2 16
2 18
4 1968
2 30
6 9969
1 27
2 574
8 8
2 4
12 512
7 21
1 2
7 21
2 4
5 1885
1 2
14 1770
25 69
8 12024
21 21
3 6
1 3
2 2
1 592
4 4
1 2001
6 9
5 5855
1 7
10 20
8 8
21 27
7 14
1 2
16 32
1 71
5 5
10 46
1 58
9 288
6 5304
12 12
6 13
10 168
2 257
1 4
2 2
9 3794
2 2
5 110
1 115861
1 291
2 2
5 6280
12 2316
12 96
1 15
1 19
4 136
1 217
2 588
12 3000
2 62
15 15
1 14
29 113
25 691
5 5
34 75
1 88
3 5988
1 327
1 6
1 7
14 462
11 79
3 6
1 4
1 5
5 1755
1 45
1 882
2 4
1 4
1 877
11 1799
5 60
2 4
5 10
6 12
2 6
19 815
2 666
9 126
5 10
14 266
15 15
1 492
13 13
5 15
2 2
1 5
2 3840
16 48
7 7
5 10
6 6
12 12
1 7
2 2
2 4
42 99
1 2
5 185
2 4
7 7
1 12
7 7
1 292
8 14
1 2
18 7592
6 30
7 7
1 4
1 6
5 1440
19 10731
6 17
2 6
13 260
6 120
2 2
1 944
14 3990
3 2115
1 233
11 1160
1 44
11 146
3 6
3 855
7 28
9 5880
7 1242
2 2
13 39
1 17
2 162
2 26
17 373
3 5985
9 77
22 44
7 21
10 11696
2 2
22 2523
1 8
1 58
7 14
1 44
1 1082
14 353
3 138
7 5752
1 1578
16 32
7 7
20 769
1 2
3 6
7 15743
5 2920
1 232
19 149
13 208
2 586
2 6
39 380
1 5
7 14
1 16
7 14
2 2
1 3
2 2
64 480
1 587
1 25
9 187
1 14
6 9600
10 10150
2 10
9 54
12 39
1 585
2 6
11 36
2 2
5 30
4 8860
1 2
1 252
5 5
7 4319
2 2
22 22
12 1164
5 5
10 15
5 450
1 178
1 55
7 25860
1 2
1 296
1 106
42 543
7 7
5 40
5 170
13 3705
20 5997
1 6
1 588
1 3904
1 44
24 13147
5 42
5 5
4 248
5 3231
2 116
2 8
1 8
6 20
11 629
2 2
2 2
2 10
2 652
3 4
5 10
1 2
6 28
13 104
3 3
12 120
2 12
2 10
2 20
7 105
1 16
12 1217
1 34
5 60
5 5
1 288
13 43
13 13
1 53
12 12
21 35
3 3
1 33
10 99
1 716
3 9
12 12
1 492
3 30
1 9
2 2
5 15
1 2
2 8
1 72
1 297
1 14
9 279
1 2
1 285
17 68
11 33
2 2
3 18
5 60
2 2
17 3817
2 2
1 12
6 4917
17 1493
1 6
5 25
5 85
7 634
8 70
1 82
2 14
1 2558
1 592
6 192
2 2
1 13
1 4305
1 2
6 3528
1 6
13 9800
6 89
9 121
2 2
1 3
12 420
1 10
3 3
17 569311
3 16
12 12
2 2
12 156
2 1792
3 3
8 112
6 24
1 2
1 2
1 42
3 60
7 2247
1 34
6 6
1 1562
11 262
1 10
5 3460
1 29
4 4
11 33
1 9
14 12348
1 2
1 340
11 12895
3 3
1 4
2 128
3 34
2 2
2 2
12 468
2 2
3 3
14 14
12 48
10 10
1 6144
11 15
10 32
1 6
8 29
1 2
14 14
1 585
4 4
4 13560
5 60
13 182
4 20
1 21
5 5
2 1640
10 7014
5 530
1 2
1 14
3 3
1 15
26 26
1 3
7 822227
1 3
1 3
1 32
1 1604
20 334
17 258
17 7090
2 18
1 2
6 22
6 1486
3 6
14 31
1 2
1 43
6 12
5 5
7 7
4 12
1 22
1 2
2 2
9 490
19 627
8 40
1 7
2 2
1 248
2 700
5 30
1 637
1 881
7 7
9 17
1 25
7 35
3 12
1 588
1 882
6 49086
5 5
12 12
1 883
1 45
3 8
4 114
3 33
1 4
14 108
5 5
8 8
1 40
1 6
4 2872
16 19497
2 2
2 26
12 12
1 7
1 14
12 276
2 8
1 3
1 3
2 2
5 5
2 588
5 5
1 14
12 24
10 10
7 28
4 116
6 11
1 3
2 14
11 32
2 14
1 4167
1 11
24 1680
20 107
1 496
5 705
3 3
16 1033
1 2764
3 882
12 96
8 90
12 286
2 8
2 68
3 3
10 14670
2 4
3 174
6 6
1 12
1 4
3 1522
2 2
12 96
34 294
4 12
3 3
16 57
5 7370
1 11
7 2604
1 278
1 3
12 12
2 1452
1 58
1 6
22 2408
3 6
6 3528
6 6
1 28
1 31
1 64
1 16
1 25
5 1455
2 2
3 3
1 3
1 9
1 13
7 14
12 72
25 207
26 2504
2 22
12 84
11 1203
9 9
4 4
1 587
10 20928
2 2
8 26
1 2
1 35
7 7
20 20
1 19
2 4
1 115
2 8
1 10
1 7
1 304
1 7
1 286
28 164
20 20
1 967
13 26
1 4
4 192
11 26851
1 2
14 19
1 181
13 3848
34 1765
1 1587
2 6
3 3
14 28
1 21
1 6
2 6
1 4
1 304
12 237
34 12038
4 26
5 5
2 2
9 10903
16 3528
1 16
7 1274
1 5
1 26
8 34
37 46
2 6
1 4
5 15
2 2
35 2174
5 6
1 19
10 26
28 196
2 2
1 3
12 840
10 266
1 1292
1 4
6 620
2 59
7 7
1 2
1 3
2 2
1 2
1 2
1 44
9 30
10 10
1 10
1 885
1 287
7 3929597
2 2
1 2
2 28
2 250
1 43
42 387
4 4
1 62
1 3
12 12
7 125
16 4617
5 20225
1 4
2 14
1 2
1 4740
12 48
10 20
1 4
5 52
1 15
2 2
5 25
1 4
4 3672
11 159
1 65
1 2
7 60
7 7
9 90
1 72
17 3912
10 35684
2 14
7 4109
14 14
18 156976
5 15
2 2
1 489
42 2026
1 14
12 48
4 56
17 9892
2 12
1 6
4 127
1 654
7 14
6 6
25 1432
2 4
1 5467
1 5
10 2690
10 477
2 2
1 6
12 96
1 3
10 84
5 10
6 12
5 135
1 4168
15 52
9 9
83 51629
30 97
1 471
2 2
1 1533
11 2889
1 2
7 105
3 3
1 3
1 5
2 2
14 98
1 62
1 422
3 27
1 7
5 320
1 62
1 5
5 5
31 14412
28 37
2 26
1 22
1 304
4 22
4 92
6 157
1 15
7 126
7 35
1 251
1 7851
2 62
31 39
2 6
1 286
1 2
6 36
11 33
1 6718
5 15
1 3
7 7
1 332
2 32
12 108
1 12
4 2512
2 16
9 1935
1 2
5 25
11 11
2 4
2 2
3 3
2 4
1 577
1 44
24 9026
5 27145
2 2
1 2
1 1767
11 297
2 2
5 15
5 30
12 24
7 7
1 1787
5 60
7 24710
1 7
3 84
1 8
5 1440
1 3
1 2
12 214
7 133
2 10
11 17
3 60
1 17
1 2484
1 14
1 176
20 14914
2 44
2 26
2 38
1 2479
7 2009
1 838
5 5
1 14
9 9
1 588
1 33
2 2
5 70
1 14
3 24
23 23
1 4
2 12
8 48
18 1386
9 9
17 3490
1 15
3 6
1 294
1 897
26 442
1 2
12 36
5 20
12 504
7 42
3 3
2 30
6 186
19 1118
1 12
2 2
1 89
6 10
35 106
1 252
2 4
2 46
7 7
1 134
1 2
3 3
1 2013
1 1725
2 12
1 5
12 396
7 98
2 22
3 24
5 460
2 64
6 5034
2 6
10 366
10 1024
7 2331
12 48
1 2502
1 64
2 4
2 570
5 5
40 2376
2 6
10 308
14 18
1 9767
1 7
2 4080
3 42
3 3
1 508
12 2010
1 4
3 3
3 3
5 25
11 576
6 9
5 2865
7 35
1 2
5 50
10 15
9 1008
1 32
2 2
9 27
2 5894
8 1194
5 281
1 14
1 5
19 4305
1 41
16 48
4 5261
1 2539
4 2708
8 11
5 5
1 291
1 6
25 40
1 15
1 895
9 2968
12 156
9 27663
1 156
10 50
1 7
5 5
12 12
21 112
7 7
5 30720
6 6
2 2
7 28
1 2
1 5
17 17
1 7
1 20
1 3
5 1405
2 2
1 302
12 1080
14 18
2 2584
20 24008
5 5
3 3
1 1920
29 29
1 2
20 250
4 17840
2 4
2 4148
2 8
3 3
12 125
1 3
35 276
1 294
12 3861
8 152
2 4036
1 105
1 15
1 2
2 2
9 45
2 384
1 13
13 29676
1 162
5 630
2 2108
15 209
12 12
1 11
9 9
1 947
24 13616
1 2
1 4
1 868
1 8
1 2
1 2
15 208
5 26805
2 7
7 14
2 36
5 9975
1 12
1 286
1 13
1 297
6 156
1 7
2 2
1 2
5 5
9 39
19 1241
6 18
3 6
3 3
15 36
1 14
2 116
1 4
2 2
2 34
1 588
13 13
8 66
11 114815
2 2
1 32
3 3
1 570
1 2082
1 107
1 2
5 30
31 42916
2 4
1 13
2 14
2 4
2 12
8 29
1 27
8 3685
1 18
7 28
1 552
1 6
1 5
2 4
2 2
6 156
14 140
2 1766
7 7
1 944
1 6
16 21
2 722
1 4
5 45
12 408
2 12
1 1254
3 4083
1 96
3 3
7 84
2 2
2 4
7 6580
21 6006
1 3
1 5
2 12
2 6
2 102
5 5
7 7
1 143
1 260
1 292
2 984
1 8
6 6
1 5
7 308
1 58
2 2
8 21
6 6
14 14
1 45
5 5
22 19549
1 3
1 326
13 39
1 2
1 696
2 30
3 3
4 20
49 1031
11 162
32 1725
1 2640
3 15
7 7
8 16
1 24
19 9596
14 14
13 13
20 64406
12 108
2 10
1 4
1 17
1 2
8 2808
2 4
10 6499
1 93
1 2
37 8655
1 5
17 1666
3 26
4 448
7 7
1 2
1 6
5 675
1 2
5 10
1 906
1 5
1 6
1 297
1 5
1 2
50 4359
2 2
2 8
1 289
2 2
1 34
1 7
12 60
1 19
12 3036
1 19
12 12
1 2180
2 14
5 5
5 5
5 2370
1 2088
7 14
15 15
2 60
1 701
1 125
1 3
19 3445
9 36
1 74
5 5
19 5980
1 8
7 448
7 21
1 3
3 144
5 40
2 2
10 552
1 2
8 8
1 14
5 340
4 6179
5 5
9 50364
2 12
1 8
1 34
2 80
7 2030
2 2796
1 6
6 1086
7 154
1 588
1 3
4 24
7 7
10 944
12 72
7 7
1 62
12 72
2 64
7 7
1 351
36 36
12 237
6 6
1 5
6 12
10 165
2 10
12 24
10 1330
5 2460
1 990
3 3
1 14
13 39
1 2
2 2
5 4630
3 6
1 13
7 3906
1 15
3 6
1 156
5 8010
2 42
19 127
12 226
6 6
3 3
9 154
1 25
5 30
4 4
7 14
2 2
5 20
1 2
8 529
5 30
2 22
12 84
3 3
6 84
1 2010
2 2
7 284
1 2
8 3556
11 41688
3 69
1 4
1 4
1 295
1 44
2 2
1 291
1 64
1 5
11 22
3 3
2 228
16 4592
16 17174
1 392
1 6
11 858
2 12
40 2413
10 10
1 4
6 12
2 18
5 21030
4 4
2 6
8 21
1 5
28 5182
1 2
5 5
1 2
2 4
7 7
5 5
4 12
6 38
2 2
7 28
1 2
1 5
1 312
1 287
1 2
1 2
1 7
12 12
1 284
6 24
2 2
2 14
29 29
1 3
1 15
7 903
1 2
16 48
2 118
7 469
2 8
4 140
3 3
6 17
12 72
2 2
9 288
5 5
1 6
1 52
5 5
5 5
1 4
7 7
3 132
1 5
1 287
67 1075
1 34
7 9646
1 437
5 10
1 33
1 171
1 4
1 6
2 64
2 56
2 2
2 4
9 3766
17 17
5 5
1 939
3 7
27 53
31 57
5 70
1 6
3 168
1 33
1 9
2 2
5 5
5 1855
14 18
2 2
10 260
1 40
2 2
5 5
1 2
4 6
1 5
1 23
7 125
4 3064
2 2
3 3208
1 4
10 314
1 1484
1 2
19 1006
5 10
1 9
2 124
12 12
5 15
2 2
1 943
2 56
7 196
5 5
1 288
1 7851
2 2
2 8
5 15
2 8
1 2
1 286
1 81
7 77
1 18
2 4
15 138
1 29
10 66
6 74
19 1745
5 35
1 3
3 27
7 280
2 2
12 36
30 1087
2 2
1 12
2 6
29 23377
1 45
7 14
5 5
12 12
2 2
1 33
2 4
1 4
5 2870
1 2
1 7
19 7372
3 3
5 5
3 3
13 17069
1 3
3 6
3 6
8 1184
1 3
40 2492
2 3998
4 4
1 29
9 9
1 7
1 2
6 12
1 2
1 1011
2 114
3 5301
17 349
2 2
6 36
10 108
5 85
1 2
15 30
7 28
1 2
2 6
11 176
10 30
16 16
1 9618
12 1932
1 9
7 105
1 4
1 140
1 92
14 14
6 7054
5 170
10 281
10 24
3 878
1 25
2 2
1 6
4 2366
2 2
2 28
7 7
15 126
13 1949
2 22
1 3
12 84
1 128
1 11
5 435
9 39085
4 7996
1 3
2 2
1 46
16 352
1 9
20 571
28 31
5 65
18 6493
6 42
2 2
1 4
7 35
1 297
17 1735
5 20825
3 18
17 464
12 12
6 5286
1 4
1 9645
3 1494
2 4
23 115
1 3
1 29
1 5
10 19
14 28
11 3784
2 30
1 16
28 16841
16 51
13 13
12 156
12 12
9 943
2 2
2 2
2 2
4 4
2 4
64 7400
1 301
3 30
24 140
2 2
5 6460
45 242
1 940
12 14
5 45
12 120
3 15
1 25
1 323
1 4112
1 2
1 55
1 4469
3 886
3 3
13 3942
6 6
7 71
5 37
1 4
13 13
2 4
1 9
5 30
7 14
1 296
18 7114
9 18
1 6
7 7
1 2
7 7
1 344
1 6
1 9
1 8
15 8054
18 234
1 1292
24 2503
1 849
12 120
5 541
21 109325
16 28
1 22
29 16308
17 21
4 8
19 34
5 53
7 7
3 3
3 840
15 9082
2 10
1 41
2 2
23 23
7 483
1 961
1 4
7 2023
2 3058
2 2
1 4
1 2
1 2
5 6245
1 3
6 49872
7 28
9 14
1 1531
103 12576
1 276
1 2
1 882
12 2661
15 12301
5 5
5 45
15 30
1 927
15 144
1 222
4 1584
15 15
2 16
19 474
3 15
1 6
7 7
9 5751
12 36
1 77
6 12
23 23
8 120
1 11
1 7
1 124
12 48
2 22
12 216
1 6532
7 14
22 22
3 66
1 13
2 1176
5 5
6 1475
5 90
6 13
9 9
3 15
3 192
5 6645
14 28
1 289
1 947
9 77
2 16
7 7
5 20
2 6
10 20
7 4568
19 1335
10 9490
19 44
5 10
3 9
1 2
1 573
2 85
1 7
4 4
4 10
1 12
12 852
14 48491
20 53
1 98
1 3402
1 2
21 17886
1 28
5 10
9 117
1 11
1 14
3 42
12 1205
14 42
1 2
5 70
24 24
9 81
2 6
2 28
18 76
1 28
3 3
6 300
24 8056
9 2673
1 5
2 12
1 2
3 48
2 584
6 1425
27 1050
13 62
26 8432
10 2456
1 35
6 150
12 12
3 3
2 124
2 10
11 155
4 4
1 4600
8 24
21 21
2 444
2 2
1 16
19 799
6 106
1 281
19 4712
1 64
1 845
1 13
1 1707
1 549
6 12
4 4
19 377
9 55
2 1754
2 2
9 9
1 11
5 1485
15 15
1 10037
1 3
2 14
7 7
1 68
2 144
30 7865
2 4
1 10
13 78
1 885
1 7
2 4
3 87
38 1562
42 7715
95 2232
52 83094
1 4
7 7
4 64
8 49
8 903
14 70
2 2
2 8
1 7
7 7
7 400
5 30
3 15
5 2870
2 1898
9 182
47 1816
1 16
2 2
2 98
2 2
8 16
1 2040
2 4
2 2
7 70
2 6
3 3
1 154
7 7
5 20
7 7
3 3
5 710
1 5
8 60
2 572
7 203
2 4
7 42
1 25
12 12
5 2980
1 5
8 3734
1 765
2 2
1 6
6 48
18 20743
14 14
6 36
2 2
2 2
13 9490
1 3
22 46424
19 2970
14 772
3 9
18 18
1 50
12 468
2 12
2 48
12 852
14 294
12 36
4 60
1 94
1 21
6 6
5 290
1 5
5 938
3 9
1 11
1 6027
1 15
1 29
3 3
6 1086
2 2
5 5885
1 588
6 12
1 10
2 2
4 16
5 5
7 56
1 474
7 28
2 86
1 30
1 2
10 10
16 1701
14 14
6 24
3 6
15 30342
12 168
2 10
21 21
1 3
7 448
1 1997
5 5
16 2516
2 4
1 31
4 8
6 12
32 353
1 8
1 295
5 130
1 2
10 10
9 9
2 2
1 52
9 72
1 541
6 13215
1 299
13 130
5 1555
2 2
1 2
8 87998
12 24
18 226
2 2
1 21
35 351
5 5
2 4
14 56
1 31
1 2
1 64
2 2
7 7
1 9
14 4491
1 35
1 330
1 12
7 35
2 2
4 12
6 1317
7 14
2 2
2 2232
1 2
1 41
4 12
2 2
1 1723
8 1568
12 12
7 35
2 10
19 1178
1 4
23 29
1 3
1 6
13 12337
6 1475
1 13
1 6
1 4160
14 14
1 11
5 27190
7 63
2 32
6 29
1 33
2 32
4 4
1 280
13 13
10 180
1 5
7 28
1 2
5 35
1 2
1 46
1 12974
3 3
1 327
1 2
3 102
14 28
1 6
1 4
12 2004
1 16
6 3670
2 4
3 3
7 6132
1 6
24 21378
10 68
3 30
28 203
1 31
2 4
1 13
1 3
9 390
2 2
1 344
3 33
1 10
12 24
1 1116
1 132
1 17
20 20
1 35
17 15310
1 8
7 133
2 6
1 2
7 7
6 54
1 294
7 56
1 6
1 2
5 20
20 20
1 10
1 78
10 194
1 26
4 201
4 4
5 15
1 2
5 200
2 2
7 21
1 8
14 23
2 2
22 319
1 69
1 685
12 36
33 2069
1 8
2 2
2 8
8 512
7 14
1 4166
1 2074
5 9805
1 109
1 574
3 9
16 63
5 25
2 8
2 2
2 4
12 5232
1 2
3 26
1 14
1 5
1 2
2 178
1 580
1 3
32 912
19 6804
1 739
1 739
8 186
2 4
1 71
1 5
9 12
1 53
1 3
2 4
1 355
8 88
2 3006
28 42413
5 95
1 287
1 2
6 36
2 4
1 4
12 168
3 1333
12 12
5 25
15 60
12 72
1 6
6 6
23 147
15 32300
1 17
3 27
1 3
1 5
1 318
23 69
1 22
3 828
1 3
6 156
1 281
7 840
7 910
2 2
4 1019
5 5
15 481
1 8
1 9
9 9
2 30
3 24
2 2
5 5
2 2
1 3
1 19
5 2910
1 3
3 3
5 320
26 33
5 12
2 2
5 5
42 19803
1 263
3 3
1 13
4 4
32 20649
3 6
26 174523
38 73
5 805
1 3
1 19
1 1524
2 2
6 6
3 18
14 216
5 5
44 2183
13 34
1 5
30 30
5 25
5 10
2 6
2 2
5 24370
1 159
1 294
20 7175
4 4
1 19
1 6
7 84
13 34
15 9942
2 59
21 294
21 517
1 3
1 2
7 35
7 15
1 4074
6 750
1 2
3 9
14 42
1 5
4 10008
3 9
1 4
15 65
25 257
1 2
1 5
5 40
1 5
17 131
1 867
2 2
10 165
5 785
2 2
1 7
26 1431
13 34
7 4116
2 4
15 27
3 3
2 1552
2 588
13 143
12 24
10 372
12 1332
14 308
6 1854
5 50
2 4
2 2
1 45
1 4
2 2
5 800
5 80
13 65
3 6
31 39
1 597
5 5
1 4
1 5
6 36
1 49
3 4509
3 36
3 12
1 354
2 6
1 2
1 167
1 1614
1 327
13 13
1 23
10 58
5 780
4 12
12 516
6 121
1 2
1 1266
1 11
5 29
1 6
3 843
1 3
14 25
5 655
16 137
1 2
4 76
1 2
10 1676
1 4
5 5
24 2046
1 3
1 5
1 4
1 287
2 4
5 10
5 55
7 7
1 14
1 2
5 3590
1 94
1 40
10 10
3 33
3 3
2 2
1 31
2 54
19 6980
18 18
11 3168
2 2
5 5
1 2
1 1603
4 13823
3 1752
1 2
2 2
2 196
1 2296
11 41
1 7
5 475
2 2
5 420
7 49
1 15
5 35
4 1104
5 5
25 11484
5 10
5 130
6 9600
3 3
12 48
1 2
7 182
12 348
1 312
12 180
7 413
1 6
2 28
1 2
5 23730
1 2002
2 2
7 28
12 108
3 3
1 281
1 50
5 4335
6 1806
1 64
1 3
1 940
5 15
2 2
1 29
1 67
74 134680
16 32
2 64
7 452
2 2
2 4
3 102
2 2
12 84
7 21
1 404
3 6
2 14
1 131
2 2
21 185
7 25
1 17
5 5
10 3608
8 18
1 558
5 5
2 10
1 20
5 10
3 3
2 4
1 295
2 54
14 1975
1 62
7 1995
5 5460
12 84
29 7315
1 19
28 172
1 284
1 6
13 13
10 13042
4 68
3 3
12 72
4 32
1 13
2 2
1 21
12 12
22 66
13 429
15 15
5 5
3 3
7 4060
12 48
5 5
1 5
1 7
2 14
1 64
1 20
3 3
1 3
3 33
2 30
5 7
55 143
7 84
2 60
3 51
2 82
6 2934
7 35
5 110
29 208
2 1322
2 2
29 153
2 4
3 6
2 10
9 20
2 1833
1 63
2 14
1 3
1 3
2 114
5 15
12 60
5 75
10 7868
16 80
2 106
1 2587
1 2
1 6
7 42
6 54
7 7
1 10874
2 2
10 30
2 2
7 26
6 18
3 3
1 162
12 12
1 274
10 5700
1 56
1 297
1 1470
5 895
1 64
1 2082
1 62
6 6
2 2
17 82
2 20
12 108
3 159
1 201
7 7
1 70
7 7
1 6
1 5
9 38
1 13
7 406
1 24
2 2
3 3
1 35
1 2
1 2
2 2
10 49312
1 104
5 51
7 21
5 5
8 16
12 3228
21 226
1 15
1 281
5 20845
2 2
1 36
6 6
35 158091
4 7
3 3
12 156
5 5
14 43
3 3
16 569
7 236
1 497
1 288
1 64
3 15
2 16
1 2
1 3
7 7
1 101
1 2
17 4896
10 240
1 3
64 120
1 1533
2 28
1 294
17 143658
3 192
1 21
3 6
31 8837
27 54
5 10
1 2180
1 2
19 143
5 285
43 748
1 64
5 290
18 35866
15 7110
4 4
13 182
1 3
19 434
1 13
20 4300
15 480
2 2
1 10905
38 1102
1 354
1 267
4 44
1 2
11 58
1 3
5 5
1 309
26 52
1 4
26 25317
11 273
1 15
12 928
19 95
29 981
10 20
1 2
1 2
5 4335
11 55
2 4
1 7
1 82
1 7
25 30
1 998
7 49
5 5
4 8
8 168
1 125
2 2
33 229
6 6
2 8
18 1227
1 33
3 74
5 4590
1 11
5 430
1 857
19 349
5 170
18 10566
27 121
6 6
1 105
15 510
2 4
2 164
1 5
2 4
1 4
6 6
2 78
1 158
7 42
5 40
2 2
1 3
11 44
1 69
5 10
1 11
1 301
1 3
10 12
7 1841
1 4819
8 8
1 37
1 16
3 3
1 14
1 147
1 17
1 15
16 108
2 2
1 2
3 6006
5 180
1 4
3 12
2 38
1 3
1 16
31 444
1 2
10 2486
14 58
1 2
14 14
3 3
1 31
2 3992
12 1164
1 2074
1 12
8 8
3 1764
12 72
26 35
1 4469
7 7
2 22
1 1293
1 8
1 3
1 6
13 25
7 14
1 87
2 2
17 272
1 5
3 128
1 6
6 6
1 4740
1 64
1 8
21 5520
28 84
3 6
6 3166
6 18
2 2
1 59
1 5
1 18
17 3839
7 7
3 12
1 377
2 574
2 58
1 5
1 7
12 12
1 16
14 816
1 2
1 16
20 118
2 2
10 4920
5 4425
2 2
5 155
5 17764
2 8
13 1917
2 14
2 16
14 14
2 2
3 126
2 2
1 7
1 287
1 19
1 3
1 3
4 4
5 5
1 3
1 136
1 5
2 8
1 5
5 5
8 40
7 14
54 1822
2 2
1 146
3 3
1 2
1 64
1 3
7 15589
11 66
2 4
7 7
1 5
3 3
1 15
3 18
1 23
1 28
29 1980
2 4
1 267
6 7
3 7506
2 2
1 33
19 25922
7 112
3 3
1 6
3 6
12 96
2 2
28 43
7 2002
1 2
1 57
12 468
1 285
18 1443
10 1560
2 2
1 93
3 18
5 5
3 9
14 14
6 40
20 60
4 1460
2 112
1 15
3 3
2 2
3 6
3 6
1 3
1 142
1 10
11 6798
5 55
3 1721
20 48
1 2
5 11075
12 780
3 18
10 10
1 2
1 4
3 6
1 3
4 4
1 4977
4 1489
3 4
1 2558
13 3497
1 939
7 7
1 185
9 11
12 12
19 7105
1 5
5 5
2 2
2 4
1 3
1 2
3 6
1 4644
1 7
9 15327
1 269
4 8
4 2352
1 31
2 2
1 2
1 3
1 23
7 13965
6 2454
32 1189
5 295
1 6
4 1148
9 216
1 7
1 2088
1 15
6 2448
1 4
1 36
1 588
3 18
5 10
2 2
5 30
1 3
3 6
1 16
2 128
7 7
7 49
3 6
47 674
1 22
9 4824
1 2
12 36
2 4
2 210
1 2
9 18
2 40
2 4
5 5
1 8330
5 2725
1 7
1 2
3 13
1 3
2 2
7 8491
1 123
4 70
1 3
2 68
1 13
3 9
1 8
4 78
25 38
11 975
1 9
1 575
9 7515
1 2
10 2834
16 215
10 48
13 1339
1 1443
11 4887
12 11016
12 324
1 2
1 34
1 4
1 64
3 2748
10 100
1 300
2 54
3 3
1 5
7 637
5 65
1 3
24 538694
12 204
2 2
7 7
1 616
1 8
5 10
7 2079
1 3
17 4981
4 20
19 19607
7 1756
2 48
7 7
1 2
10 14
5 15
19 31955
1 269
2 2
1 15
1 7
6 12
5 5
7 98
1 2
16 271
1 3
2 4
1 28
1 332
3 6
1 51
5 30
5 5
1 1480
12 72
1 10
9 54
5 5
3 3
3 4509
1 5
1 322
7 7
5 4375
1 3
3 6
5 10
4 7028
6 7
1 289
1 389
12 12
39 1944
1 32
41 39402
2 8
1 2
1 5
12 840
1 6
9 6948
1 14
7 7
1 64
4 7996
18 1824
8 16
4 5
15 181
15 206
4 43
3 3
1 18
1 27
1 3
7 28175
1 6
5 70
2 2
5 30
12 216
1 13
6 35
5 17939
7 21
2 2
37 1744
5 290
5 10
12 1332
1 12
1 4169
11 11
32 576
7 6727
3 3
13 8971
1 36
9 161
1 2
12 12
2 2
4 424
1 13
2 8
1 1601
5 5
4 548
1 3
1 3
5 25
1 1382
3 12
7 14
4 4
5 50
1 535
1 6719
1 884
19 12920
6 18
1 5
1 2
5 5
1 301
1 13
1 2004
12 72
3 54
1 1996
1 2
7 16
11 767
2 4
2 310
5 10
1 3
5 10
3 6
7 14
1 72
18 1073
1 62
1 14
3 9
17 29
2 20
2 10
2 4
12 2253
1 15
7 9
1 2
1 31
3 18
1 2589
1 3
1 591
11 6668
11 116
1 19
1 3
2 1114
1 9
1 91
1 947
1 2
1 6765
34 1466
5 5
2 6
1 3
13 1230
1 289
1 3
1 3
1 70
15 15
5 425
11 11
1 5
2 2
1 2
2 2
1 733
2 26
2 2
32 760
12 36
1 13
12 12
18 23
2 32
13 56
1 2
2 52
33 2407
1 2
1 7
3 3
23 211
15 225
2 2
17 1946
4 52972
1 4
4 939688
12 440
1 2
13 65
25 593
17 3604
18 21258
2 2
17 3817
1 56
12 72
5 5
1 5
1 6
1 884
1 16
13 13
2 2
1 2
33 111491
1 11
2 4
2 14
7 7
1 592
13 3718
15 15
12 168
2 2
5 60
12 3192
1 2
4 20
12 12
7 7
5 5
2 2
2 2
2 10
1 6
1 1772
6 75102
3 72
1 3
20 44
12 12
6 6
7 7
5 5
8 510
3 3
26 1359
7 10731
1 11
1 3
2 2
2 4446
2 1176
3 12
5 10
21 21
5 5
1 1974
2 1682
5 5
3 6
1 21
1 16
7 12144
4 12
1 1998
1 1117
1 1999
7 105
1 356
2 2
1 79
4 20
1 19
17 8364
1 2
5 15
18 744
7 91
15 30
2 10
1 2
3 6
5 715
1 126
3 9
3 6
10 60
2 8
17 404
7 4144
12 934
2 2
5 50
7 29229
13 48685
12 4056
1 330
10 144
5 880
3 9
2 4
2 6
18 18
1 125
1 2
6 18
2 12
7 546
30 239
1 17
7 7
2 162
1 1148
10 868
5 5
1 5
5 20510
2 22
7 7
9 10
28 22775
2 4
2 86
20 20
5 1770
2 550
9 21
1 3
5 5
16 80
7 7
1 2
1 3
1 127
1 2
1 144
2 2
2 2
1 6
1 2
14 294
9 12
1 1947
5 22
2 12
1 46
1 69
2 2
1 310
15 2270
1 230
1 263
18 18
1 105
1 1723
1 3
1 6
1 10
3 3
14 28
6 78
18 2211
5 5
1 10054
2 574
1 5
3 3
12 192
8 8
1 9
10 66
12 14115
6 6
1 2
2 8
1 301
5 50
1 367
1 17
5 1460
19 4779
3 21
1 11
5 389
4 4
7 7
2 140
1 2
1 10
5 1265
1 10
1 8
11 220
10 30
41 130124
1 12
1 6
1 2
8 8
7 14
27 20566
5 22140
5 6065
3 3
7 35
2 42
1 24
20 951
15 42
1 1522
2 546
18 2032
1 2
5 70
1 94
2 2
1 31
1 1286
2 34
1 297
2 2
2 282
2 2
3 1504
2 2
6 18
1 24
12 300
2 2
2 4
1 37
6 1581
1 296
7 10290
1 34
1 44
1 1245
5 45
1 52
9 81
40 226
1 15
1 4
1 3
7 119
1 7
1 14
15 60690
1 64
1 335
1 3
2 2
2 18
5 10410
1 1528
1 23
1 615
6 6
6 9213
1 925
7 49
1 1250
1 2
1 7
6 30
1 354
11 1016
1 8
8 8
1 11
1 1124
2 18
1 12
3 6192
2 4
2 2
1 10
11 44
10 146
1 303
1 2
4 36
2 4
15 2816
1 408
7 7
2 130
4 84
7 11823
1 31
10 81810
2 6872
3 888
4 70
1 3
8 8
6 25
2 4
11 6804
7 7
2 4
5 5
10 15
1 10
7 7
2 4
29 42
5 5
5 14731
1 32
12 240
1 28
7 952
1 2
2 4
15 925
7 672
12 12
18 137
6 6
1 20
3 6039
2 4
12 14
1 23
17 139009
1 4
1 3
1 6
1 8
5 30
6 257
3 38
1 282
1 2524
6 48
1 8
5 20
6 289
67 8765
1 3
16 32
1 1562
2 1146
2 8
5 5
2 8
1 561
1 441
8 441
7 14
7 1183
9 16
1 765
1 22
2 10
16 76
14 17
10 30
2 596
2 4
2 42
18 18
1 37
1 596
2 2
9 337
26 26
5 10
6 350
24 120
15 416
2 612
1 2
23 111
1 286
5 250
13 16
9 47
1 4
2 14
1 2
3 12
10 45600
5 75
1 3
6 6
2 4
2 4
2 2
12 108
3 45
12 312
7 42
2 2
1 5
4 16
5 15
1 1525
2 20
1 34
5 10
1 2
1 2
2 2
7 28322
7 413
12 888
4 1755
4 17
3 6
1 15
2 10
1 848
1 3
1 6
1 4
14 1307
8 2980
1 3795
1 2
1 293
5 675
1 5
9 9
15 99
1 58
1 133
5 1755
1 1480
1 286
2 94
2 2
5 1510
24 927
2 14
2 4
18 36
3 189
12 228
1 5
6 35
9 1640
6 46
1 5
13 39
1 4
3 3
3 3
3 6
18 18434
1 2
1 1604
4 4
2 2
9 9
2 32
16 23
2 2
9 18
5 85
5 295
13 310
4 4
3 3
2 114
17 21964
7 7
16 2752
1 21
2 64
2 2
1 64
2 2
1 287
9 78408
7 21
2 48
1 2
32 1337
2 2
1 2
2 2
13 26
6 6
1 1962
16 16
1 6
2 16
1 22
12 672
3 18
1 9
2 66
1 12
7 7
3 3
43 8261
3 27
3 3
2 128
5 321
1 2
17 25
5 5
2 2
1 582
10 42
5 45
2 212
2 2
15 51555
21 475
2 2
9 77
19 37705
5 5
16 35
5 2460
8 2152
12 36
1 2002
1 3
2 6
1 2
1 132
1 2
6 8
8 41038
5 5
18 2246
1 9
3 9
5 830
1 570
20 60
6 6
2 12
6 63222
4 3932
35 106
7 4067
12 24
10 10
1 2
3 6
2 110
13 3685
12 96
11 15
5 175
3 3
10 243
10 18
30 30
11 820
1 19
1 3
1 2
29 44
1 3
2 2
2 2
12 276
4 68
6 6960
3 3
2 58
1 289
1 3
7 14
1 2
1 11
1 10
1 1999
2 26
10 24
1 6
4 8256
10 970
5 5
7 14
1 9
15 1491
1 2
6 21
2 2
5 1056
1 303
1 4778
1 17
13 3572
1 17
12 321
2 4
1 1689
1 9961
1 2
3 12
2 2
1 44
9 469
1 288
1 2
6 8802
11 10315
1 5
3 9
12 12
1 268
24 58
5 25
6 37
1 103
22 51
2 2
5 20
2 696
1 4
5 10
7 21
2 10
7 579
16 31
12 36
5 12185
13 377
1 65
1 3
1 12
5 5
7 76118
1 2
2 2
9 16
1 5
1 3
4 4
1 12
1 17
1 14
12 12
1 13
5 10
17 17
2 4
2 2
3 867
1 2
9 5404
1 4
1 275
6 6
5 7360
5 10
1 2
11 891
2 2
20 15986
3 6
2 2
6 17
6 26766
2 2
1 2
7 77
1 264
1 4
10 50
1 24
1 88
1 15
4 4
1 301
1 2
1 1723
2 22
1 1091
7 9541
2 26
1 3
1 14
5 10
9 18
1 3
1 877
18 18
6 5682
1 7
21 185
1 4
1 7851
3 9
6 42
3 69
5 15
14 14
11 22
5 5
1 6
5 443
5 5
2 2
5 655
7 7
1 17
5 35
1 3
7 7
20 28364
24 9248
35 44
7 10668
1 8
1 2
1 4
2 2
1 297
5 5
1 2
19 57
12 12
7 161
1 11
3 11536
4 137
14 14
1 1252
1 1995
1 867
1 4027
13 15106
1 280
7 7
7 10297
1 125
32 26578
7 29953
1 1725
10 237
8 49
12 36
1 34
1 1768
1 301
2 2
5 579320
12 1332
2 2
59 97
5 5
28 98
5 1200
1 269
12 36
13 247
7 16390
2 16
7 5873
7 49
2 2
2 2
12 312
8 217
23 27
2 126
1 2
11 2560
11 2638
3 15
12 96
1 3
6 6
13 543
10 19
1 56
1 3
3 3
5 310
4 5
2 2
5 895
1 6
2 2
1 3
1 4
1 2
1 296
3 32
1 15
2 46
1 176
4 4
7 350
7 14
4 4
7 14
5 5
3 3
1 133
1 29
1 592
1 288
2 2
12 4464
1 261
5 1680
35 626
17 349
1 2
12 120
2 124
15 77
2 86
20 60
20 3318
2 6
1 8
3 4584
16 116
10 10
2 66
9 16
1 75
3 3
1 14
5 48236
26 212
3 3
2 2
16 9200
3 3
7 35
15 5481
5 135
1 11
8 8
1 11
1 3
16 3604
3 15
2 67
26 38
6 21
5 10
1 64
2 46
1 59
11 11
11 11
1 3
18 18
12 24
7 1876
6 12
1 2215
7 562
1 1197
5 20510
2 4
2 4
4 4
2 8
1 20
6 6
3 906
1 21
1 286
2 2
1 312
123 8534228
60 1874
10 303
4 654
7 21
1 10
2 6
12 276
1 32
8 875
5 5
2 2
6 132
15 22
6 54
4 20
1 11
3 20157
2 138
1 9
29 29
1 1746
15 375
1 867
1 7
10 20
1 286
1 10
2 62
11 9647
1 3
1 344
2 2
2 2
1 6
6 6
2 2
10 8820
14 674
2 2
26 4669
20 5824
2 10
4 4
5 7320
1 2
7 1036
2 6
35 1219
4 4
3 18
1 3
2 10
10 630
13 23
14 18
5 205
7 7
7 14
5 4355
1 248
5 10
6 6
7 196
10 8374
4 4
2 2
5 30
3 669
10 28
1 3
7 1190
1 32
5 305
1 16
2 4
5 3750
1 2
4 4
2 572
1 289
12 156
2 2
1 23
1 1019
17 17
27 3631
2 4
1 1601
7 7
6 1475
3 3
2 2
5 10
1 7
1 5
13 13
10 86
1 2
1 1723
2 14
1 8
2 2
27 4796
13 13
5 60
11 11
2 32
2 2
11 66
3 3
3 3
2 32
10 380
1 10
22 88
1 4
6 240
1 1160
12 108
5 5
15 95
1 877
2 2
1 2
7 115
10 1469
7 98
1 5
2 66
5 19815
1 2
1 12
1 11
2 18
1 47
1 3
1 3
3 39
11 1735
5 2960
2 50
1 6
6 12
18 9042
2 2
2 14
1 57
3 3
5 40
1 3
1 16
3 94
5 115
50 711
2 2
14 1057
1 2
1 535
17 65
5 10900
1 308
8 32
1 327
8 40
1 21
7 49
14 572
5 10
15 510
18 35366
2 38
10 2876
2 36
6 6
2 2
5 13
6 6
3 19
2 2
14 1341
1 10
1 3
6 12
6 605
2 100
6 6
1 12
1 170
2 46
2 2
7 1967
2 588
1 323
1 287
10 50
9 1157
5 80
20 28
1 34
2 2
15 324
1 597
1 273
12 1932
1 8
16 22529
1 2
2 24
1 15
1 44
6 24
1 6
3 9
18 2277
2 2
15 3482
3 3
37 3231
2 10
5 5
1 2
2 2
3 39
14 14
1 32
10 60
18 6800
1 1187
29 35
1 17
17 94
1 42
7 14
1 168
7 7
3 6
2 2
6 2897
1 9
2 1630
2 144
1 4
1 3
2 4
2 2
13 39
43 584
22 12848
6 2403
5 200
2 2
1 10
14 15
1 10
8 2219
1 287
35 39
1 908
1 2
15 450
1 3
6 12
9 9
1 1974
1 6
5 10
1 2
1 7
10 20
1 3
1 14
2 2
1 297
6 12
1 4
10 100
2 2
1 3
11 22022
2 2
6 11841
1 169
52 136
1 1382
21 315
1 5
19 19
18 966
15 53
2 2
5 295
5 300
2 24
2 562
2 68
1 7
1 11
12 12
2 2
12 156
1 5
12 1332
1 4
35 21429
1 312
5 5700
45 22331
5 60
9 2655
7 350
12 7428
13 39
1 1757
3 39
2 124
3 3
1 885
1 51
7 31
1 19
1 1995
1 22
3 3
2 7508
2 4
2 2
1 6525
9 18
1 307
7 11
1 654
2 2
1 301
3 201
3 18
1 6
7 14
1 6
18 18
17 34
1 64
6 30
16 32
6 384
7 11
2 14
26 168
1 27
2 2
1 293
1 8
5 1480
1 248
5 15
2 2
38 381
12 168
3 3
6 6
25 51600
16 20
2 4
5 50
6 3510
6 16
21 1347
26 257
5 205
5 10
2 2
3 3
10 246
8 8
1 2589
7 4123
5 280
28 38
1 32
31 24801
1 1757
5 75
6 6
1 17
1 4
2 14
11 81
1 377
6 46
1 3
1 40
2 446
12 71
2 2
2 2
1 4
1 2
3 3
1 14
3 18
1 597
1 40
2 2
2 2
12 72
8 868
6 24960
2 8922
1 87
7 8380
2 2
3 3
2 2
14 1949
1 2
2 28
5 4835
40 507
1 4
1 8
23 5049
12 24
8 16
32 3435
9 43
1 22
1 31
19 1537
1 348
13 14
1 12
27 76
1 1525
1 205
2 2
7 243
17 1159
6 6
5 5
9 231
1 296
3 6
1 32
2 6
1 20
40 456
1 2
3 1764
1 269
4 46
2 2
20 352
1 5
12 1980
11 11
12 12
12 24
1 45
2 2
38 74
8 4704
1 791
83 11201
8 588
12 348
12 1368
1 3
1 326
5 1510
1 3
1 741
44 939
1 534
1 19
3 54
5 5
5 5
2 12
1 618
20 555
1 354
3 64498
1 4
1 2088
1 32
5 15
1 3
12 24
1 64
1 20
6 384
4 4
12 60
15 3433
1 28
4 28
42 364
7 14
2 2
1 72
2 4
12 1164
2 6
5 10
2 2
40 1982
2 2
17 48150
1 2
2 2
3 3
7 7
3 12
1 8
1 14
6 24
37 220
1 2
1 9
1 575
4 20
38 3294
5 320
5 220
25 25
2 32
4 4
1 13
9 9
4 7012
51 352
6 18
1 14
12 12
5 5
2 2
5 111
1 7
1 14
2 32
1 40
1 2
14 14
1 2
1 17
2 2
13 13
4 572
6 36
3 3
3 3
1 354
1 134
6 8032
2 2
1 10
1 611
2 78
1 302
29 88
12 72
1 19
2 36
7 154
6 1475
1 3
2 12
1 307
1 15
12 36
3 27
1 87
7 392
1 15
1 57
1 29
1 14
1 30
3 7443
19 12448
1 5
6 1602
1 3
8 8
9 55
2 4
3 3
2 574
9 9
1 3
18 436
6 36
5 45
16 46
7 1044
2 20
1 95
2 2
12 804
1 64
12 96
3 5928
4 1755
11 44
7 55
1 3
2 14
20 72
1 2
7 35
2 2
12 12
5 26995
3 183
13 3952
2 135
1 50
31 197
4 1816
12 12
3 3
23 69
1 6
1 47
1 10
2 2
1 2
7 7
4 8
2 2
1 2
1 3
3 6
7 7
12 252
1 4
1 1995
2 1282
5 30
18 12981
1 95
8 133
3 3
1 5
14 14
2 2
5 6980
4 3596
2 2
2 10
3 3
6 44
13 73
13 32526
2 6719
1 2
26 647
5 5
1 2
2 6
1 908
3 3
12 276
1 350
1 10
2 4
2 2
2 10
12 2184
7 7
2 2
1 31
7 69
14 14
10 90
4 4
5 12
1 4
1 62
5 10
1 2
12 12
3 21
15 75
8 484
5 30
1 6
2 2
2 18
2 6
1 9473
10 1130
1 43
11 457
5 50
7 112
4 24
12 36
3 39
6 342
12 132
2 10
4 8
1 2
1 43
5 5
8 40
1 1995
7 7
2 30
1 10
1 2
7 35
5 12615
1 2
12 10058
7 21
5 5
1 18
22 46
2 4
1 867
7 21
21 12639
1 2
1 59
2 6
6 30
6 28
1 105
2 2
2 2
18 25
36 955
1 22
1 16
1 3
2 2
7 7
2 24
9 9
2 8
5 15
4 4
1 6
1 7
1 2
1 588
2 2
1 3
2 4
101 497
1 12
7 14
7 373
11 1801
1 3
8 28
13 14378
1 6
3 51
1 14
18 699
1 2
1 5
1 275
7 7
10 45
8 405
3 3
1 1091
7 112
2 96
1 340
2 8
1 8
7 115
1 3
9 189
1 17
1 690
17 349
5 20
8 8
1 6
1 286
7 14
8 8
15 12569
7 6160
7 41
1 1290
1 64
1 10
1 11
5 5
7 35
1 72
7 406
7 21
1 371
7 9044
5 5
20 406
10 328
2 6
12 12
2 2
2 2
3 6
1 2
5 15
14 14
17 24268
13 1144
2 12
1 3
5 6260
1 98
26 39
2 4452
6 6
8 971
2 2
1 2
6 282
3 3
7 112
1 3
3 3
7 686
6 6
1 267
7 7
1 573
10 1250
5 15
1 1707
2 1182
7 7
1 3
1 9
1 5
1 2
9 27830
7 14
3 3
7 7
12 72
1 21
1 4
7 7
4 42
2 128
6 108
6 24
7 7
9 99
7 7
13 13
3 3
21 2085
1 5
18 741
10 84528
10 1610
7 434
10 5478
4 16102
8 32
1 4166
1 286
2 2
2 2
2 12
5 5
1 13
7 28
14 109
10 2384
6 45
5 5
1 23
6 9
2 8
1 2
1 15
2 2
5 5
2 36
5 450
6 30
11 12287
2 83
10 10
12 168
5 1885
1 64
6 30
11 372
2 3998
5 5
1 1329
1 63
2 1184
2 2
24 27710
8 8
12 2988
5 60
13 275
1 29
1 574
5 700
1 305
17 17
66 1584
5 1505
1 322
1 20
3 6
5 10
1 5
2 140
41 8253
1 2
1 50
1 419
7 7
7 4116
6 1890
11 27
9 9
3 3
5 15
3 27
3 15
5 5
8 8
1 44
5 10
6 13338
6 1475
3 20
1 9
2 4
2 774
1 1767
7 7
14 14
8 96
3 9
1 4
1 120
19 67
8 600
1 1350
8 1130
2 496
1 2
6 18
6 48
52 1295
1 12
11 7971
30 25650
10 100
21 34439
2 2
5 45
33 456
3 15
1 4778
1 108
3 9
7 608
1 15
5 55
21 63
20 23
7 7
3 3
6 6
3 3
2 6
1 4
12 24
9 80
3 33
2 2
12 26772
5 15
1 2275
1 595
2 4
1 12
5 10
5 5
1 1503
2 2
12 348
4 4
3 6
2 2
21 24461
20 115
2 6780
35 718
2 109
20 5166
2 2
14 14
1 69
5 40
2 12
6 2832
17 1799
1 176
24 91875
2 2
2 2
2 6
1 15
3 3
9 7119
1 4046
1 11
1 2
1 2226
3 63
1 11
7 448
1 2088
1 4
1 881
1 312
2 2
1 1375
3 3
8 120
20 40
26 52
1 19
1 7
1 1768
1 8
4 32
6 6
1 76
1 3
2 46
30 1076
3 3
7 7
3 3
10 17670
2 26
6 7
2 2
3 6
12 264
1 181
9 44
3 3
12 12
1 4
9 238
1 947
7 112
4 1100
3 3
4 4
7 112
7 448
1 16
1 2
6 6
4 4
7 7
5 5
6 18
15 900
30 170
1 328
6 36
1 21
4 8
1 2
7 8811
4 28
14 14
1 4317
12 12
9 9
1 592
1 2
1 14
10 448
1 253
7 1051
9 198
21 1420
1 3
2 10
2 2
1 12
2 22
22 88
9 27
5 230
1 163
12 96
12 3612
7 7
1 2
12 384
7 98
5 5
2 2
13 33
14 14
5 5
3 36
9 9
7 23
1 2
1 5
6 6
9 18733
12 156
19 290
3 879
3 6
7 1795
1 12
7 14
5 215
3 62
1 40
20 1069
6 24
3 3
19 155
3 9
3 6
27 27
2 2
1 5
40 90
5 5
5 30
7 6076
1 4
5 125
3 15
2 26
1 5
1 64
7 28
1 14
7 14
1 2
21 298381
1 67
2 2
2 26
2 2
5 5
2 610
7 2478
2 2
7 84
1 3
13 13
1 286
12 636
28 86
12 72
12 36
14 5928
2 4
5 30
24 6642
15 930
9 106551
1 183
1 19
3 336
2 366
1 53
3 3
1 3
12 12
31 40
1 926
5 2120
1 3
8 16
1 23
4 1239
5 45
1 3
18 42
1 61
1 2
5 15
1 4
4 1480
1 3
5 1650
1 9
1 289
1 1489
1 3
10 6860
1 26
1 7
1 3
2 2
1 332
5 5
1 16
12 36
1 296
2 1274
1 5
1 592
9 281
1 49
2 202
1 6
2 2
5 465
5 5
23 239
1 363
8 3516
13 28
1 70
5 15
15 20533
31 10555
5 345
1 2
17 339
1 12
1 5
2 8
65 14032
1 56
1 3
1 558
10 358
2 22
1 2946
1 12
1 137
1 2052
4 17
1 7729
5 30
2 2
8 11
1 4
1 287
