3 128
3 6
35 117
2 1770
1 10
12 276
4 43
1 13
1 2
3 21
19 38
11 4887
2 4
12 96
12 840
1 3
5 10
3 3
25 11456
2 2
2 250
1 4147
1 28
2 2
35 106
26 26
5 5
16 16
5 5
8 13
3 3
1 5
1 3
1 22
3 3
2 3534
14 98
6 96
1 2
7 20
1 25
1 408
63 153
1 5
12 120
25 83461
12 108
3 9
1 20
3 16
5 5
7 98
1 140
10 15
7 161
1 9
5 290
1 5
7 49
1 2
35 2702
9 27
2 6
16 116
1 618
2 984
1 2
17 347
1 13
6 74
1 6722
7 42
1 585
10 10
12 768
19 8484
1 10
3 33
1 2
9 11
16 16
1 13
11 1713
3 15
1 2
26 26
1 10
2 2
1 584
1 946
1 750
1 5
9 18
6 18
16 51
7 413
1 599
2 2
12 12
2 2
29 35
1 2
1 2578
5 60
8 32
1 2
2 6
7 7
8 1386
10 240
12 1408
1 14
2 140
21 315
5 20
12 108
1 2
1 439
16 3528
12 12
7 91
1 10
6 8802
12 15199
9 61
19 658
1 5
1 171
21 273
15 774
1 4
11 44
1 6
3 3
1 2
1 2008
4 20
1 2
1 45
1 87
17 143525
2 2
12 72
18 52
19 72
1 44
1 9
5 5855
6 18
2 2
7 14
1 881
14 59
14 43
2 38
1 3
2 38
1 5
2 2
1 42
1 65
5 17
7 7
24 58
1 116
6 18
1 35
2 4
49 7608
2 548
7 4073
14 14
1 349
14 14
1 5
2 2
1 1972
3 3
1 72
1 581
2 20
1 1760
1 2
1 4
5 5
5 20
1 3
3 15
1 7
2 2
5 185
12 12
5 35
20 36502
2 32
2 154
1 115
13 144
16 21
1 17
19 19607
6 9461
5 1505
18 12981
1 270
5 5
6 6
1 19
1 21
1 2
2 6
1 14
5 10
1 59
1 908
37 125
7 10
1 292
13 13
1 64
1 5419
74 314
1 5
11 22615
3 3
2 136
12 636
1 5
21 17886
12 216
8 245
1 68
2 6
1 3
1 16
20 951
2 8
4 109
11 2430
8 16
9 567
3 3
17 8833
8 808
9 18
12 768
1 286
1 20
2 2
7 14
1 3
1 277
1 2
1 12
9 77
11 11
1 96
1 16
2 6
1 45
1 20
7 14
1 19
3 18
1 5
8 8
2 704
7 189
1 64
11 20
1 822
20 20
40 2050
9 216
7 7
5 1745
1 926
5 690
12 636
7 105
12 60
1 575
7 350
12 36
4 56
5 10
1 43
1 2637
1 19
15 15
18 70
15 15
12 24
2 2
6 40
1 3
1 65
6 6
2 4
6 1430
2 2
2 6
2 4
1 28
1 886
2 42
4 1460
12 24
18 7592
16 32
5 1440
2 2
29 7315
5 2955
3 9
7 442
3 3
1 55
9 9
1 19
27 294
9 259
25 109
9 5040
16 119
3 876
12 72
7 98
5 8765
10 2175
52 83365
7 23
27 101
2 2
5 130
12 12
3 171
2 22
1 5
1 523
5 25
2 2
1 3
5 1734
2 12
22 275
1 19
19 3520
3 12
13 182
10 56
1 4140
5 20
1 5
7 35
17 383
1 1473
12 432
7 42
44 7205
13 1911
27 103
1 15
2 14
1 692
5 9800
1 4
2 2
18 2277
1 3
3 9
8 49
4 4
1 3
3 861
17 17
31 40
1 2
9 6930
1 2
5 5
5 15
18 893
13 568
24 28495
1 16
26 26
5 12
6 12
5 25
2 26
1 2
40 1873
1 1503
2 58
2 2
1 3
1 65
1 5
5 20
5 5
7 49
15 30
5 1258
1 58
6 18
19 1174
1 6
14 8022
5 480
3 6
2 8
7 42
6 677
5 285
1 4
5 25
4 100
7 7
7 336
5 10
6 3528
3 3
1 2
1 14
2 716
1 3
1 29
1 14
2 2
1 3
38 73
1 2
5 10
2 2
12 12
5 5
20 880
26 403083
9 4886
10 1250
6 6
1 1166
3 6
3 669
1 292
12 3839
2 2
1 103
11 41
1 31
1 588
10 8856
1 6
2 4
1 11
5 50
3 7611
1 596
15 435
5 15
1 13
12 120
11 3201
2 26
6 23
1 11
5 450
1 895
6 6
7 63
9 187
2 4
4 4
8 4634
2 118
5 5
3 15
3 9
23 23
4 24
1 4
5 5
20 20
16 28
1 15
1 5
1 5
6 415
6 3570
1 27
1 8
2 4
9 5390
3 6
1 10
1 5
15 75
13 13
2 2
3 3
3 3
1 140
1 5
4 4
1 97
2 2
5 5
3 3
35 39
7 140
42 1265
24 168
26 1548
1 716
1 6
7 1617
1 1604
5 295
1 15
1 3
1 2
1 3859
10 57195
1 2
1 1995
19 9334
1 125
10 60
2 6
1 3
4 36
1 584
24 24
5 10
2 48
1 2
23 92
5 5
2 4
2 130
2 4003
1 1995
33 30996
13 65
11 22
4 48
1 3
3 6
1 8
1 10
5 15
1 3
3 3
2 2
1 1095
14 14
1 65
1 35
1 587
3 3
13 312
2 2
18 36
42 3938
1 42
2 6
2 2
5 205
19 5968
1 154
1 12
3 3
19 549
13 19918
1 19
32 912
10 38
24 9050
5 25
7 7
1 11
1 408
7 14
6 24
15 15
8 343
23 29
3 26
8 36
15 17
11 114656
2 20
10 60
5 395
7 7
10 62
3 1530
9 44
6 6
1 18
5 192
13 86
3 9
6 72
2 72
7 7
37 10514
1 3
12 36
1 76
1 1161
2 1120
1 3
16 16
2 26
12 12
3 3
2 2
2 4
3 9
31 52061
1 21
2 28
1 2
8 150
1 18
7 580
9 9
10 36
1 15
4 56
1 4
12 636
8 35
1 10
1 275
13 13
3 5295
1 5
3 3
7 4067
1 138
31 197
1 13
1 3
1 22
1 14
2 4
9 9
12 12
24 539350
1 2481
3 6
1 2587
3 2709
5 5
2 1792
10 22
2 2
1 15
1 6
1 63
7 196
2 2
8 49
13 39
5 1015
4 8
27 374
1 1634
12 5232
3 6
2 2
5 615
1 392
1 4
16 4617
5 15
1 4740
5 70
5 1795
5 5
8 8
4 4
6 20340
2 2
1 2
29 113
6 6
1 11
1 335
7 7
2 2
7 1869
23 211
1 68
7 128
1 64
19 527
10 4846
1 5
3 9
7 14
1 59
7 42
20 92
12 12
6 96
2 110
7 2331
1 3
3 878
1 3
1 3
19 23945
11 1747
8 8
14 14
1 334
1 36
1 5
2 574
2 12
2 56
1 25
3 6
1 5
2 78
2 2
18 10105
17 3490
13 26
1 4
7 7
1 87
18 1152
1 19
1 169
3 3
1 326
5 30
3 12
20 317
3 21
2 2
18 454
7 7
19 1370
1 70
1 76
2 2
9 126
2 2
1 838
2 42
3 4419
1 268
11 11
6 48
2 2
24 8275
1 22
1 3
15 4454
2 26
1 581
1 5
12 24
7 3864
6 300
6 6
8 77799
8 28
6 6
1 280
7 11809
1 1039
2 10
1 58
1 24
14 18
12 348
2 14
2 46
3 88
1 8
14 47560
2 588
5 25
1 2
1 3
9 845
5 15
6 7
1 1161
14 23
5 2389
28 28
1 98
3 6
3 18
10 380
1 2
1 36
5 1805
3 7
7 35
4 12
1 29
2 10
2 144
1 593
1 977
2 4
2 4
2 584
59 97
1 6
2 14
1 3
12 276
1 1600
29 11437
5 185
1 297
1 3
2 102
2 4
2 4
7 28
6 6
1 6
2 1754
1 42
1 30
12 504
11 81
3 6
35 1138
9 16
6 12
6 549
5 281
1 4
3 39
5 9
5 7115
5 21525
11 2064
2 2
1 3
1 3
7 7
2 12
1 2
2 22
4 4
5 23705
5 1880
1 9
1 10918
6 1581
20 157
1 297
1 2064
10 146
9 30
42 580427
5 1435
2 2
20 60
5 10
6 1854
5 55
1 2
2 2
10 30
16 16
5 2865
20 4300
2 2
2 2
3 30
7 7
12 96
16 32
3 36
1 7
5 4635
2 104
2 8
4 24
24 6506
4 4
16 18
11 1731
30 30
9 9
8 455
1 2
2 54
24 19551
1 4
5 10
5 267
1 9
1 15
27 42
5 11100
3 999
5 19740
2 38
1 2
5 10
12 26
7 70
27 411
4 4
24 1117
6 6
1 3
11 22
1 4
3 3
6 258
6 6
3 3
1 307
8 2808
1 78
7 7
18 757
3 5109
2 2
14 6964
9 36
5 275
12 1332
3 6
1 9
1 1358
12 840
1 6
2 4
1 2
5 25
1 44
7 7
2 566
3 42
4 6
2 4
1 139
5 15
5 9995
2 12
13 34
5 8
5 170
2 6
3 66
5 5
1 3
1 47
7 14
1 8
7 7
1 8
1 301
4 4
1 2
5 5
1 580
14 14
1 352
15 15
1 16
7 14
1 3
1 3
36 172
3 888
20 5824
25 69
2 4
2 2
1 5
1 38
13 39
1 376
2 2
30 7873
1 58
9 84
1 6
17 3699
2 16
4 5172
1 1995
3 3
5 150
5 40905
2 2
6 72
2 2
7 7
2 46
1 2
1 16
1 759
12 12
25 1432
1 8
5 40
15 9082
9 9
5 30
3 6645
10 10
1 2
1 831
4 4
2 588
16 8624
5 5
5 25
3 69
5 21850
7 567
18 35866
6 12
1 9
2 700
2 144
1 62
2 4
1 15
1 34
2 138
6 71
2 48
5 240
3 3
5 11205
1 2
1 4147
12 12
2 2504
3 3
7 21
3 1791
1 3
1 1767
2 6
1 12
19 2368
1 868
5 10
3 3
6 6
2 8
12 12
1 2481
1 22
2 14
10 475
1 6
15 177
1 27
11 11
13 13
5 10
1 49
1 10
46 1332
5 10040
14 14
1 320
18 2189
1 283
4 527
1 17
1 10
7 9044
1 37
7 7
1 6
1 117525
2 2
5 5
1 71
7 169
3 3
1 297
1 745
5 1275
5 20
14 14
3 3714
8 168
1 585
1 64
2 4
3 4
8 66
1 2
1 3
7 2002
7 28
4 104
7 9
5 7150
2 2
1 535
2 2
2 9312
2 16
1 14
7 56
1 2477
14 14
2 3446
1 47
30 1076
3 3
2 2
2 6
1 170
3 3
2 2
12 12
2 584
4 1019
1 12
1 8
1 9961
6 2820
17 160607
5 10
1 4
1 3
31 27953
10 18
30 674
1 908
5 65
7 8483
1 105
2 26
1 583
1 6
1 15
2 10
3 3
5 4540
12 72
1 3387
6 53
7 7
9 9
2 22
17 58
8 48
3 9
9 18
3 3
2 4
2 2
36 602
19 155
1 211
1 2
1 5
2 6
9 53
2 2
1 885
4 1040
1 1951
1 2
1 133
1 3
39 3527
5 2895
1 288
5 1515
5 80
13 39
2 48
2 2004
1 26
9 196
2 2
1 3
3 30
1 13
12 228
14 332
1 130
1 240
1 2
1 2
2 1656
1 3
1 296
12 192
7 4137
2 2
3 3
1 2
1 289
13 13
12 120
1 10
1 588
1 2
52 370
5 1460
1 498
7 20
6 6
1 286
1 64
3 42
9 225
5 10
2 18
7 7
10 264
1 172
1 2671
6 6
8 24
1 327
17 17
28 272
2 2
2 2
2 3842
2 2
1 1597
47 719
2 26
5 50
1 4
23 23
7 14
6 84
9 78417
5 5
1 542
1 10
1 4
31 785
1 12
1 2
2 524
1 2
1 5
8 40
1 15
7 12144
5 12505
15 15
4 4
3 3
11 6737
1 4
5 6
4 100
14 14
1 301
9 9
1 29
12 24
10 60
2 2
2 24
12 252
5 75
2 4
14 14
5 30
1 9
1 288
1 5
7 7
8 2408
1 7
1 91
7 7
7 5313
2 2
1 344
1 8
13 78
7 40
2 939
2 2
1 14
1 2
3 8295
1 29
1 67
8 72
1 5
3 15
1 19
1 4147
1 391
1 332
9 27
2 4
3 6
21 248
11 90
1 15
2 1158
22 110
5 12335
1 16
1 199
1 356
19 8601
2 86
2 34
1 2
5 20
1 135
1 5
2 12
7 18151
6 42
19 1537
6 6
8 2296
20 20
5 5
16 135
6 426
2 596
3 24
1 19
2 8
59 162
5 5720
1 41
26 38
1 2
1 2
11 243
1 12
23 51
11 18
12 768
15 45
5 70
1 67
5 5
1 10
2 2
7 267
10 10
1 59
1 1999
12 12
1 497
1 113
26 168
5 135
12 708
1 7
7 638
1 426
6 18
4 4
28 31
39 240
7 7
18 166
6 6
2 1218
1 2
23 164
20 14914
2 6
2 2
1 96
2 588
1 3
7 7
1 3
1 2
3 3
2 86
1 3
1 3
5 4216
14 1640
1 18
8 19800
5 33855
6 253
14 28
14 14
20 40
12 45
1 1299
1 15
2 126
1 1292
5 10
1 2
50 679
5 5
8 40
1 363
14 28
3 6
1 3
5 36
3 6
2 6
1 5
24 864
12 12
8 112
6 12
4 4
6 6
1 4
18 201
16 199
1 2
2 10
5 9805
7 7
4 16
1 13
1 400
2 16
11 1584
8 5029
2 2
1 36
2 128
5 25
4 10
16 25
26 1272
23 370743
18 18
1 4
5 95
1 2
1 25
7 49
8 11102
7 21
2 6
4 5261
1 1599
1 103
66 1452
7 1199
1 10
1 637
8 87998
2 2
41 2218
9 27
5 5
3 6
15 542
9 9
1 49
5 5
5 5
4 4
1 51
5 1745
3 336
1 6
1 23
1 64
5 145
6 7951
5 5
2 2
5 32
2 6
19 1178
3 864
1 45
2 26
2 38
1 296
1 6
6 6
1 10
7 28
18 601
33 10223
4 23544
5 285
40 20981
2 240
18 32997
2 6764
11 16525
13 4238
12 36
4 40
6 6
3 3
1 335
1 2
7 7
1 5
1 1482
5 3460
12 876
2 12
9 207
12 96
1 2
5 15
1 4
10 388
29 42
4 60
20 802
1 5
29 23377
2 2
1 4112
1 3
7 1841
6 138
18 36
2 2
12 12
17 170
13 13
2 32
1 326
8 72
3 6
1 2
37 664
5 22130
12 24
18 21075
6 7
1 5
1 5373
1 335
1 2
2 50
3 15
5 5
10 20
1 7
14 14
5 48160
1 11
7 252
1 1021
3 3
7 21
1 18
29 44
1 8
12 192
10 80
21 34439
4 256
2 4080
16 3645
2 8
12 348
2 2
2 2
6 30
4 8546
13 42
18 1402
2 6
1 2
1 49
7 42
1 15
5 65
2 2
1 6
2 22
1 4
1 2
1 7
1 5
1 18
7 35
9 9
1 155
1 149
1 14
6 30
6 28
6 6972
21 21
5 5
3 1721
1 7
12 168
4 496
7 35
11 6804
7 7
1 2762
1 5
1 32
3 102
19 19
7 7
2 4
4 8
1 11
2 18
1 6
7 8475
1 8
1 1176
3 9
5 25
3 15
7 7
20 553
24 20940
2 2
1 2180
1 737
14 14
1 3
2 4
1 588
1 42
16 1138
5 5
2 2
1 4
1 10
2 1424
16 2585
16 41
3 12
14 266
2 2
15 208
2 4
1 2
7 105
7 7
8 24
15 30342
7 28
1 2
2 84
12 7428
5 29825
5 655
1 64
2 2
2 2
2 40
3 69
2 2
2 24
2 1082
1 3
3 6
1 81
2 16
1 1947
3 9
9 189
20 1077
1 39
2 2
2 2
7 534
4 4
9 106551
5 285
1 301
18 5510
5 10
2 36
6 6
9 9
1 2
2 1776
3 13110
1 287
3 3
6 181
3 3
1 20
1 3
1 10
5 805
15 2580
15 1005
9 6075
4 220
1 3
1 4778
1 4
4 24
7 7
7 63
2 118
12 12
7 7
2 32
1 17
3 3
21 2085
6 6
1 828
1 4
1 896
2 3998
5 5
1 12
2 38
15 126
37 46
9 18576
5 30
1 287
3 3
15 23083
7 651
3 3
12 749
31 99
9 145
5 5
1 350
1 62
11 1215
7 259
6 5304
1 2
5 5
2 12
15 16
1 1961
7 2009
4 4
32 689
1 5
2 17
5 5
2 4
5 5
3 3
1 404
5 5
1 1236
2 16
12 84
6 6
4 92
2 32
3 36
1 7
2 2
7 210
3 8
1 939
1 4
3 3
2 2
17 425
1 14
1 3
1 2
1 106
5 1430
15 258
1 2
2 1146
1 42
6 12
1 254
6 1475
1 52
1 2537
9 11
12 672
6 1722
1 945
2 50
1 5
4 4
2 26
2 4
1 2
20 40
10 13728
2 14
1 140
1 7
2 10
2 801
1 22
6 12
13 13
12 576
2 2
2 2
7 35
1 2
6 3528
1 867
1 1602
11 22
2 120
1 283
1 3
1 4
5 3725
1 5
2 6
1 4
21 475
1 58
7 441
15 225
5 5
5 621
18 3718
1 941
2 2
5 26815
13 275
12 2184
1 79
2 2
7 811475
1 8
10 10
7 49
1 591
10 20
1 2
1 588
1 4147
7 7
12 276
1 2
6 6
15 63
1 6
3 3
2 67
7 21
21 21
7 98
2 3006
6 6
21 21
7 7
2 68
10 12
11 17
2 16
1 3
1 2
3 3
1 2
2 2
1 29
11 100
19 43
1 881
5 6240
2 26
10 40
2 4
7 210
1 62
5 290
1 45
7 133
3 9
5 85
1 49
1 12
1 57
7 14
1 424
18 1465
2 2
1 2
1 16
1 71
1 3
1 312
1 6
1 286
1 428
5 2880
1 457
3 6
17 25902
16 16
4 12
8 54
11 340
16 64
2 2
1 2
1 1922
6 17
1 1974
3 3
21 128145
2 2
5 5
1 7
11 32
1 256
13 1926
1 352
1 2
17 349
1 5
3 3
1 72
1 547
9 9
10 11696
1 3
1 93
1 62
9 1008
5 80
1 9
1 2
2 2
3 9
41 39280
1 156
2 1662
1 6
1 25
7 63
1 5
1 1385
1 2
1 5
1 474
1 1995
5 30
11 11
12 384
1 89
12 84
1 6
1 32
1 588
1 1594
15 52
3 9
2 2
3 462
1 3
5 110
11 39379
18 189
17 3904
11 297
8 2280
5 5
9 147
2 2
12 36
1 288
1 2295
12 12
5 10
12 48
1 11
2 96
12 55
2 2
6 62064
1 64
17 82
8 120
8 8
5 730
2 2
12 48
20 352
1 1914
3 3
33 52626
8 28
1 31
10 10
2 59
5 115
1 10
12 2016
6 157
1 36
1 6
1 5
14 266
6 60
7 7
4 4
16 169
8 402
1 25
5 2940
3 9
3 1047
2 3664
4 8
4 36
1 867
4 676
4 256
2 2
3 6
7 7
16 703
1 926
3 8
1 7
3 6
1 3865
7 1792
9 9
1 30
1 3
2 28
1 19
2 2
14 14
2 2
1 3
6 6
14 14
1 9
17 84
5 110
2 2
7 9
1 6
19 19
1 2
5 325
4 12
1 10
1 27
20 20
16 19
1 5
50 4327
1 10
7 1758
1 4
1 35
1 15
1 153
2 64
5 1505
3 3
14 17
5 695
12 2064
1 58
5 5
8 8
15 26612
15 15
1 3
1 2
4 160
1 927
2 80
2 3992
3 6
2 36
3 45
1 297
9 9324
1 19
13 13
1 2
21 24461
21 57
12 12
2 10
1 3
7 7
1 3
1 292
2 4440
2 2
37 87
2 2
40 226
2 2
1 2
1 885
26 26
2 40
2 4
1 15
5 5
2 2
1 2
13 13
3 6039
32 114
2 462
2 4
3 9
1 1995
6 43
7 21
1 62
1 3889
3 27
1 15
1 44
6 49086
9 19935
2 54
1 36
12 48
44 1040
2 2
3 1764
1 17
7 14
3 12
7 7
6 1475
1 26
2 2
2 4
1 26
2 2
1 57
1 2088
15 631
11 1230
6 6
20 60
1 2
3 18
5 5
2 2
3 1072
2 2
7 7
8 8
1 2
2 594
12 1164
4 528
10 30
1 57
1 4
1 7
20 20
7 128
5 30
12 96
1 3
1 8
15 433
3 3
2 136
7 15252
18 145
5 5
1 23
2 4
1 2
1 13
5 85640
1 2
2 2
30 328
1 57
12 72
1 2074
2 4
1 2074
2 610
5 40
1 5
12 12
2 4
1 8
9 9
23 27
16 7023
18 145
5 1745
1 15
1 588
2 4
2 10
1 2
1 296
1 7
5 15
10 58
1 161
5 50
2 56
5 25
3 6039
2 6
15 790
1 6
1 11
1 2
6 20
6 42
5 12640
7 420
8 609
7 35
6 6
15 311
1 10
16 39
26 686
1 2229
1 269
1 1533
1 12
69 3433
3 3
6 9390
6 24
1 3
24 24263
1 2
22 22
2 2
1 3
2 430
5 5
2 6
2 2
1 3
1 2
2 10
5 1675
14 4923
7 7
8 2205
7 147
6 11
3 9
11 975
1 10
35 1219
1 11
1 8
1 114
3 3
3 3
1 15
7 1988
5 65
2 2
4 20
4 4
7 16
2 14
1 4523
1 6
5 5
1 552
12 1332
1 4
1 95
1 29
3 8
7 14
1 2
12 892
18 174
1 35
1 17
5 1745
1 22
7 28
6 90
2 6
9 12
13 23
7 7
11 11
1 4
12 276
2 2
29 208
1 5
5 10
5 2930
6 84
9 24
1 5
3 3
1 1503
2 4
29 29
19 3113
1 820
13 78
43 2521
1 1276
1 4
6 10
1 4816
6 30
2 162
5 865
1 3
1 485
12 12
6 6
2 2
1 16
2 36
1 1144
1 2
3 6
1 5
1 26
12 10915
2 10
7 7
1 3
1 4
3 3
1 5
7 3073
2 1884
1 3
4 4
1 6
1 151
7 7
15 900
6 102
2 40
51 14421
12 1080
26 1431
6 6
12 24
2 6
7 91
1 4
18 18
2 52
5 245
12 57
7 7
2 2
1 33
1 1142
20 149
5 5
1 287
6 560
1 4
6 6
5 10
1 2
2 2
5 115
5 155
6 12
18 1029
2 4
13 13
34 103
1 2
9 2421
2 4
6 25994
17 28
12 84
6 114
6 1716
1 3
1 22
18 73
7 14
1 2
2 110
2 2
2 548
1 15
3 3
1 301
1 3
6 6
34 413638
1 895
1 422
3 3
19 7087
5 47
18 610
3 7761
9 9
11 403
1 4
2 2
7 112
1 573
5 200
33 229
1 15
1 2
9 485
1 264
1 2557
1 653
1 14
3 3
2 2
2 50
1 11
15 450
1 35
21 1448
5 5
9 2135
1 85
2 128
1 14
6 30
16 80
13 7683
1 13
5 25
10 20
16 19842
7 6594
1 2
3 6
5 5
1 211
1 26
2 2
10 1506
1 15
1 7
1 60
3 30
15 60
1 2008
1 13
7 2079
20 60
2 10
3 12
8 1348
6 6
22 1543
1 307
7 42
7 252
4 4
5 42
1 63
11 113
14 14
33 166
1 293
3 3
1 9
1 2
4 8
1 4
1 40
1 2
14 1943
1 2
1 46
32 20733
1 4
4 219
1 295
2 2
1 11
1 52
1 13
5 5
1 2
1 15
1 2
5 5
3 3
7 7
1 538
13 34
1 21
1 16
12 12
2 2
4 13823
4 4
1 10
2 2
1 2
32 8307
1 1011
2 2
2 2
5 1665
26 212
1 14
6 324
1 2
12 12
7 7
2 2
10 216
1 15
1 14
16 16
7 7
1 2
2 2
3 45
7 70
11 1175
15 63
1 2
1 6
6 6
1 7
4 4
1 10
8 529
10 2632
1 1343
1 2593
1 640
2 2
1 2
10 84
7 71
5 5
17 131
3 3
3 15
1 6
8 24
6 6
1 3
4 16
1 21
2 2
2 106
2 20
4 32
6 6
2 128
1 42
4 4
7 3925397
1 1804
5 70
1 8
17 41
1 584
7 728
2 16
7 7
3 1053
7 28
16 35
95 2100
16 479
1 3
1 297
19 4305
1 1040
2 6
17 6767
2 12
2 32
72 90
7 7
1 2
1 4
5 20
13 65
15 15
7 822675
1 3
1 5
5 5
2 2
13 13
33 459
1 38
2 86
2 22
1 64
1 4
6 6
5 52
6 3510
1 585
1 4375
1 698
1 20
1 877
2 2
5 5
12 60
1 7
28 22815
11 68
3 1641
2 2
2 574
2 2
7 49
6 12
6 12
12 868
7 42
2 102
1 3
5 5
15 15
20 103368
8 8
2 14
3 12
2 4
2 4
9 3930
5 50
7 7
3 1359
1 301
1 2
21 112
1 42
3 3
34 294
6 7722
10 20
18 2275
1 1524
2 8
19 9521
1 307
5 10
3 66
7 5809
1 4
7 7
1 169
9 520
14 6552
6 557
1 6
1 2040
1 3
1 5
3 4
1 3
1 3
5 105
11 457
1 10
1 3
1 23
1 1999
5 5
6 6
7 7
1 13
5 135
1 2
15 68526
1 393
1 14
10 30
3 1674
1 6
5 25
6 126
7 469
3 39
69 525411
1 2
7 42
14 14
7 21
5 20
8 2296
5 5
1 3
6 24
21 300442
16 390
2 1514
7 2737
1 3
1 585
1 286
1 13
2 4
1 2
1 7
4 980
7 7
1 591
1 1995
2 2
1 3
13 39
1 2
2 136
2 6
4 16
5 15
15 48
19 38
1 7
1 289
1 2
22 319
4 8
20 416
2 4
7 7
4 12
3 1791
2 6
1 2
1 20
1 2
1 7
12 2201
7 7
3 3
5 100
5 74
12 120
32 374
5 60
13 39
14 14
1 22
5 14
1 6
6 2403
12 84
1 6
1 2180
14 28
5 70
5 270
2 10
5 15
2 6
7 546
1 64
12 2013
1 6
1 80
1 3
5 10
9 27
1 3
1 49
5 5
4 88
3 6
7 14
11 17
1 13
3 48
1 13
1 290
1 287
7 1869
23 5049
5 21090
9 9
1 4642
5 55
10 270
1 10
5 5
3 3
7 112
2 9312
24 8604
2 36
1 4
2 2
3 1380
9 18151
1 36
8 40
12 3612
13 30596
2 126
5 40
1 2
7 21
2 10
1 32
1 2012
6 22
2 2
2 78
1 61
1 288
6 168
1 13
13 14
1 2
1 1399
1 4
2 1166
7 42
1 5
12 876
7 154
1 2
1 22
6 1602
8 8
1 9
7 7
1 289
8 76
2 18
9 1169
1 25
1 13
2 12
5 75
4 6012
7 42
13 247
6 24
9 273
1 1767
1 10019
1 64
4 4
21 63
2 32
1 1768
5 5
12 24
1 10
8 987
7 7
5 25
2 18282
21 315
1 25
1 7
1 11
8 16
2 2
1 327
7 35
16 4316
1 492
1 538
1 11
7 21
2 2
1 7
2 2
16 24
1 5
14 28
8 40
1 3
3 15
4 7996
24 21361
3 14
4 52
2 6
5 30
1 37
1 937
17 23
2 2
21 27
2 2
1 289
1 2557
12 348
1 546
2 2
3 9
1 15
1 10
1 2
1 24
8 29
5 15
2 2
2 6
1 6
24 1554
3 3
12 84
6 24
2 56
1 4
1 2
1 58
7 1281
7 8
12 468
1 3
6 1801
1 8
7 56
1 2
10 15
6 36
13 13
19 4320
5 75
1 552
5 10
7 175
14 37008
24 1887
7 343
12 60
1 5
1 117
2 4
4 73
30 1302
1 906
7 49
2 14
5 15
30 30
9 2673
10 50
24 37
1 290
5 315
2 126
1 32
2 2
7 10920
6 17
1 4
7 7
6 6
1 44
30 63
5 10035
1 26
1 74
13 13
2 2
1 327
12 1932
1 5
2 224
17 8835
5 70
3 204
6 10
7 5428
7 21
21 21
10 20
14 36
2 2
39 76
1 42
1 4
1 33
11 6072
1 14
7 33
10 5700
3 3
4 4
2 2
1 3
6 36
1 289
12 12
1 2
3 10
5 5
1 885
1 224
1 3
1 900
376 1711
7 381
2 3056
1 6
1 7
5 65
2 415
1 10
3 30
1 376
17 4879
32 1227
5 10
1 64
5 2880
1 84
2 2
1 294
5 325
12 60
2 2
3 3
12 168
13 1021
1 10
4 424
2 2
2 2
1 32
5 24080
7 56
35 4260
1 5
29 66895
5 15
2 6
3 201
6 24
1 287
7 170
4 8
1 5
5 1460
3 9
5 1435
13 312
2 2
1 9
1 128
4 2292
28 1634
6 54
5 20
10 10
2 28
1 351
3 3
1 144
1 251
22 2599146
12 852
5 10
5 30
1 2
1 2
3 10
7 7
9 27
1 5
12 60
1 291
2 1280
2 2634
1 19
1 3
7 7
7 2030
1 3
2 2
10 45
2 2
12 180
1 5
6 66
1 2
2 2
4 2428
1 576
1 12
12 168
2 112
7 14
1 14
2 6
19 155
16 16
1 11238
1 3530
2 124
1 28
4 36564
1 408
1 107
15 12301
7 7
11 12907
2 6
1 5
1 2
1 26
12 216
1 3
5 7
6 4992
18 971
12 12
4 4
1 441
24 6972
2 2
16 677
2 2
5 7460
1 1996
1 76
25 593
1 29
5 5
12 84
1 19
5 30
3 9
1 37
2 4417
2 76
2 8
2 10
1 16
7 14
5 25
1 592
1 3
11 262
6 36
3 42
2 2
2 8294
3 63
15 245
8 8
6 12
1 32
3 3
1 115928
17 3817
1 51
1 2
1 149
17 359
1 16
13 42
7 7
1 3
9 99
1 14
5 105
1 2
2 68
7 189
1 2
2 6
5 20
4 4
3 9
1 3
1 5
8 4198
1 2
5 10
1 4045
1 2
2 77
6 6
10 540
1 13
1 82
1 1292
3 162
1 2001
1 50
1 4
3 33
1 4
1 62
1 2
8 8
1 2
66 122
5 10
1 3
5 70
1 3
1 88
2 1982
1 17128
1 1528
1 14
2 4
7 145
1 14
1 7
3 4
7 70
3 864
7 7
1 949
7 7
1 3
18 1441
5 1515
21 181
14 14
9 198
4 4
5 205
1 9
1 3
19 1297
1 144
18 36
14 2614
1 927
2 2
1 4
18 165
1 34
10 78
3 15
1 64
2 6
1 20
5 35
16 654
5 5
1 16
10 68
1 2
2 4
23 22473
1 6
11 2745
3 1224
14 4018
18 2466
1 23
6 18
1 1524
2 8
3 6
12 84
15 15
13 204
12 12
2 38
4 9800
5 10
2 2
10 15
1 2
2 2
1 2
2 2
3 3
1 2
5 10
12 864
3 3
1 1999
26 1553
1 5
2 2
1 2
4 12
5 130
2 8
8 56738
12 12
1 2
2 2
7 35
1 3
2 2
2 10
12 1164
2 10
1 101
13 13
3 6
9 943
6 384
4 24
16 569
1 4
1 16
5 5
11 14
6 12
74 89327
2 58
7 28
4 4
1 5
23 23
1 156
2 102
8 8
5 25
16 19586
12 14142
7 203
1 6
11 22
9 9
2 77
1 2
2 8
2 8383
1 19
3 42
8 875
15 25305
12 58
10 10
1 2
17 51
8 8
2 8
6 24
40 1751
2 270
19 18408
1 286
1 15
1 23
4 76
33 48
4 1768
1 8
2 1104
1 28
2 22
39 1312
5 130
7 686
16 22875
1 307
6 8
2 160
1 4
1 1052
1 2
1 61
2 2
6 44
24 9948
1 293
21 49101
1 4
24 4730
6 78
2 4
37 125
1 2
24 27710
5 30
4 4
3 6
6 343
5 35
5 65
59 890
2 2
12 324
67 8764
2 6
3 2868
2 4
1 1292
2 2
1 2
1 1999
3 9
5 320
2 4
6 18
1 14
2 2
2 1816
1 14
1 91
7 56889
5 5
3 186
3 123
1 2
7 14
2 8
1 19
3 3
29 73845
7 750
1 34
3 3
1 115925
1 20
1 881
1 286
15 34
1 89
12 36
12 60
24 470
3 3
2 770
2 4
12 12
1 3
2 85
1 22
1 121
7 6622
1 2
14 28
2 6
1 1256
3 3
5 15
5 90
15 15785
2 2
3 9
1 10
3 3
15 1896
1 2
1 16
6 24
2 2
1 55
2 2
7 134
2 2
13 2821
5 17939
26 25105
2 2
5 5
2 6
2 2
5 25
1 2
6 6
5 480
1 287
1 4
1 253
2 26
1 2
3 3
7 24710
9 4833
1 9
6 60
14 15
1 3
8 9459
7 7
1 2
2 8
1 574
2 2
10 944
1 29
1 9
1 939
1 351
9 144
13 301
5 2558
9 27
11 11
1 15
1 312
1 2
2 2
93 122
1 1117
2 2
1 2
7 374
1 37
1 297
15 6761
1 145
1 4
4 8
2 40
2 232
1 5
2 2
1 6
12 13008
2 1210
7 13986
1 13
1 62
5 5
2 2
1 597
1 11
7 7
7 77
9 1838
1 16
1 16
1 23
5 1440
7 7
1 2
6 6
1 389
1 64
26 52
15 34
9 153
5 15
1 22
1 11
3 3
1 363
8 16
1 21
7 15260
1 2
1 4
3 3
6 6
15 60
1 942
5 4805
1 19
1 3
5 5885
9 12
2 2
1 16
12 216
1 55
14 414
2 8
2 2
5 1745
6 6
1 71
20 1356
1 3
2 2
1 2
1 96
8 8
5 5
5 5
7 7
5 50
5 5
1 4
17 3817
2 2
1 23
5 5
6 6
14 266
35 38832
1 2
9 117
20 20
1 288
3 3
1 1787
4 4
3 3
17 27268
5 70
3 870
5 145
3 6
6 6
5 4335
6 34
3 6
1 376
6 12
1 7
1 312
14 3129
3 4
5 1550
1 5
10 18
1 4874
1 2670
19 9273
1 561
1 41
1 1603
1 3
2 2
2 4
2 4
39 76
3 3
3 3
2 28
12 24
1 1767
10 477
3 3
3 15
5 5
7 7
42 701
1 2
1 7
12 588
10 946
1 2
29 115
5 5
1 881
7 8491
3 3
3 3
20 60
4 20
3 183
1 19
1 2
1 496
3 3
2 4
1 56
1 312
1 8
1 5
2 2
1 2
8 11
1 33
5 25
5 5
23 27390
10 67146
16 16
6 24
1 2
6 32
1 20
2 4
2 2
6 108
7 21
2 38
7 21
1 2
3 9
1 7
13 130
1 46
1 290
1 306
7 147
7 448
3 3
40 285
1 32
1 1767
1 3
1 53
29 2065
5 50
1 3
13 310
8 90
1 27
21 6922
1 2
16 155960
1 30
1 29
1 287
26 1423
6 11
5 5
1 547
7 14
1 31
2 4
1 32
15 272
5 5
1 5
6 12
2 8
5 25
1 3
7 7
8 11
2 16
1 4
1 8
1 14
9 126
7 2604
28 31
17 1735
6 328
10 30
7 119
23 13432
12 3564
1 7
5 105
1 5
2 6
1 30
2 90
1 579
1 552
20 2325
1 6719
1 22
7 6608
2 4
1 3
1 2
3 3
4 43
10 10
1 2
83 11201
26 229
18 798
1 11
1 9
5 2940
13 52
9 17685
2 12
1 656
2 4
2 4
1 7
6 210
1 14
1 81
2 12
9 63
7 105
21 1486
1 574
1 3
2 4
1 3
2 2
4 4
1 4
9 3794
8 8
2 6
1 8282
3 3
1 10054
1 5
7 6181
8 2296
3 393
1 2275
9 9
1 16
2 6
1 296
15 1250
20 250
13 14
2 2
1 222
18 906
10 31
2 2
29 95
5 320
5 10
9 18
1 7
1 1020
1 55
7 7
2 2
1 1399
1 654
10 54
2 2
3 9
1 2
5 15
5 8670
6 340
1 277
1 2
3 558
1 2
1 2
4 52
3 3
2 2
13 48503
2 4
3 3
2 2
3 3
2 38
5 56
13 7410
1 1753
10 1132
5 5
4 4
2 2
1 15
1 5
5 5
1 158
13 13
1 20
7 329
5 5
5 15
16 19
4 4
1 4
7 6988
12 24
11 33
1 27
1 492
1 8
5 285
5 60
4 4
21 11580
4 4
2 690
7 451
5 5
3 36
1 8281
6 6
38 5582
19 12448
5 5
1 64
3 3
1 239
12 6996
1 1996
16 21040
1 4139
1 9633
1 1533
1 12
2 6
3 3
24 2557
3 9
3 4
1 17
1 577
1 183
1 3
2 2
3 3
1 16
10 146
37 11632
15 90
31 10591
1 49
1 351
10 7868
13 3990
20 20
7 7
1 2
1 4
9 17685
7 441
5 5
20 3586
1 10
5 335
25 32
3 147
5 10
3 27
2 34
7 236
2 2
9 189
2 54
9 10
1 281
7 7
1 4
7 7
2 6
1 11
7 2009
6 12
1 289
5 10
2 6056
1 2
1 7
1 12
1 801
1 6
15 33
1 1192
1 4
7 21
9 22
31 39
12 60
10 9490
20 12394
15 20533
1 12
1 67
5 116
1 2
25 29
1 2226
2 21
36 955
1 11
2 120
1 44
5 40
2 2
2 2
2 2
1 2
1 3
7 7
44 1388
1 1951
7 7
1 12
26 84
1 5372
2 2
14 28
1 3
10 10
7 2856
1 137
1 4
13 26
2 46
28 258
7 42
18 226
1 25
3 9
1 354
5 1855
1 2
7 21
12 876
5 45
5 5
12 12
2 2
1 47
16 159
1 4
10 130
25 25
1 161
20 220
2 2
2 6
7 245
1 297
2 2
2 8
1 25
5 805
17 5015
4 124
1 301
5 30
1 303
3 18
4 4
1 5
2 4020
1 8
5 725
5 20
1 4
1 2
2 4
5 5
11 11
2 2
7 35
7 404
1 2
1 2
1 2
1 6
7 14
2 10
2 2
1 4
10 100
2 2
1 36
5 20
2 2
20 34921
1 95
7 217
1 294
3 58
5 5
3 3
11 66
12 456
1 53
7 10311
9 37
3 3
16 32
7 7
9 10
12 24
5 175
1 8
2 8
2 262
4 108
7 161
1 1482
3 15
1 301
5 135
1 89
1 289
5 675
35 1211
2 6
1 327
1 397
2 2
1 4
5 400
2 104
5 10
1 1767
8 63
7 3508
3 6
11 25
9 18
12 48
5 5
1 2
16 16
9 135
2 28
10 234
5 5
2 112
1 14
4 4
3 3
1 21728
2 196
6 12
1 14
10 50
5 5
2 2
11 2430
2 16
8 592
2 18
48 5793
1 145
6 9969
2 12
9 19935
12 512
2 2
1 4
17 68
1 2
10 3608
7 14
7 63
1 3
2 570
4 20
21 21
10 10
1 3
5 6
16 3444
4 4
14 28
4 44
1 3
10 281
1 883
5 5
9 9
1 4
1 5
1 2
2 42
16 32
7 7
10 46
8 8
11 45452
9 288
2 6
12 24
6 5304
17 17
2 2
6 13
2 257
1 3
2 14
14 7183
1 4
19 12921
5 6280
1 291
12 2316
1 56
12 96
1 2
4 140
3 3
2 2
7 2492
2 62
1 7
3 3
1 4
34 75
7 2023
13 13
2 2
1 57
3 5988
7 112
1 6
1 12
1 42
13 114
1 3
1 36
1 5
5 29
1 2
11 13
2 2
2 30
1 4
1 877
1 72
5 175
5 10
6 12
2 6
1 25
17 4896
2 666
12 156
9 9
1 4819
6 1134
2 6
7 7
6 121
2 1176
1 6
1 3
7 28
1 2
16 48
5 10
1 942
1 10
3 3
2 2
1 19
2 4
10 17670
42 99
1 3
7 7
4 4
1 12
9 63
8 324
2 2
2 2
1 4
10 57
7 28175
15 164
6 1776
14 3990
11 146
3 855
15 967
2 2
1 1997
1 8
7 92
4 4
3 3
2 128
8 13
1 17
2 24
17 295
3 5985
4 4
5 60
5 5
2 2
1 2
22 44
7 21
10 11696
22 2523
1 8
1 7
5 4475
3 6
17 349
18 162
2 2
1 1082
3 138
1 1578
7 7
5 15
3 3
1 2
3 4
7 7
7 15730
5 2920
13 208
8 21
2 56
3 6
39 304
1 5
7 14
47 598
1 18
5 5
2 2
1 587
1 9
6 9594
101 497
1 287
2 10
12 39
3 6678
2 2
2 6
19 37907
4 8860
9 7707
7 6160
1 5
1 10
5 5
2 2
22 22
12 1164
1 286
1 3
2 2
1 176
1 56
23 46
1 2
1 6
1 203
11 606
1 106
3 3
42 300
5 170
1 18
7 7
6 6
1 6
1 63
2 2
1 8
4 104
1 5965
6 6
2 6
2 652
1 288
1 2
13 130
5 10
1 4
1 2
11 176
2 20
7 98
12 1306
17 146
2 2
1 2
1 53
6 4644
18 6902
4 12
1 7
6 156
1 11
3 3
1 376
10 99
3 3
1 4
6 30
1 11
17 65
5 60
7 140
18 50
9 192
2 8
1 73
1 300
5 80
1 14
1 76
1 3
1 285
1 2
3 18
7 14
1 12
6 4863
1 5
1 7
1 13
3 27
2 14
7 7
63 63
6 174
11 5526
2 88
2 2
9 196
5 220
13 26
6 3528
4 6250
13 9800
6 18
12 432
1 2
6 6
4 4
17 569311
1 10
2 210
1 6
6 30
2 2
1 3
1 2
1 43
7 2247
15 30
1 32
6 6
5 10
1 1562
1 4
1 759
1 14
1 11
1 7851
1 48
2 6
1 23
1 10
8 903
3 3
14 12362
1 2
1 16
1 4
2 6
2 128
2 10
13 33
35 106
6 12
12 468
1 294
12 48
6 11835
7 35
1 6
8 8
1 2
14 56
1 22
4 13560
5 60
2 1640
10 7014
5 20
5 530
1 1214
12 516
14 308
1 2
1 14
26 26
1 3
12 276
1 3
1 3
1 3
1 3
5 45
2 36
17 258
17 7090
2 18
1 2
3 6
3 64498
6 12
1 43
6 12
2 54
3 3
2 2
1 64
4 10008
13 14
9 9
1 2
2 2
8 1184
2 8
2 2
8 48
1 7
1 248
9 27
1 34
3 3
2 2
1 2
4 132
9 17
2 2
7 21
22 78
3 9
1 588
1 883
12 12
1 883
19 787
3 8
2 2
5 5730
5 105
3 903
1 3
8 8
1 40
1 292
1 3876
4 2872
10 2687
2 2
2 24
15 73
3 6
12 12
1 7
20 28790
2 4
1 10
5 5
1 3
1 3
2 4
2 2
2 10
17 78
12 12
1 14
12 24
12 132
4 120
1 76
5 5
9 15327
4 6
1 3
2 2
2 14
2 116
1 11
5 5
5 1510
5 690
7 9
1 2
1 7
1 11
1 90
18 18
1 41
7 14
6 46
8 90
1 5
2 68
3 3
1 116
1 12
12 96
4 12
3 3
1 2
16 57
5 7385
1 11
2 2
5 5
1 278
1 3
2 1458
1 6
3 6
1 1265
1 308
3 6
6 3528
1 28
1 31
5 5
1 25
2 2
7 14
2 2818
6 7054
25 207
7 7
2 4
6 1475
2 6
1 44
2 4
3 189
12 84
4 4
1 588
4 118
1 6525
5 6645
8 34
1 31
1 19
2 4
1 115
5 5
1 39
2 2
2 8
1 7
1 264
1 7
7 4025
1 7
20 20
1 967
6 24834
7 7
2 2
8 217
19 1987
5 60
1 64
3 3
4 192
5 5
1 2
9 19
7 12
20 99230
1 2074
1 181
19 148
34 1782
2 2
16 19497
1 4
4 17
2 4
2 2
14 28
1 6
3 3
2 6
1 4
1 14
3 3
12 246
34 12126
4 26
7 7
2 2
7 1276
1 5
3 3
2 2
3 3
1 296
1 4
5 15
1 8
2 2
2 8
3 3
1 11
1 3
6 6
2 32
13 13
12 840
2 59
1 10
10 240
2 2
14 674
5 5
1 2
2 2
1 2
1 44
1 20
1 885
2 2
1 14
3 42
2 2
1 2227
2 8
3 13
2 250
2 2
1 7851
1 867
1 8
24 5572
3 3
4 4
42 387
6 18
4 4
2 38
8 72
2 4
7 125
1 10
2 2
2 602
1 4
2 14
1 2
2 2
2 16
10 20
2 2
1 5
2 2
5 10
3 3
5 25
1 4
4 3672
1 65
7 7
10 89
5 12788
2 14
6 6
3 6
9 27
5 4835
5 15
2 2
2 12
42 1247
2 6
1 12
12 48
2 4
2 2
17 1940
1 1999
4 127
1 124
5 20
2 32
2 6
1 3
29 29
1 5467
1 2
4 24
1 6
1 6
14 18
64 480
12 96
1 3
2 2
1 2088
1 63
5 5
15 52
83 51785
1 558
2 2
1 967
1 2
3 15
7 105
9 9
5 48165
5 1455
7 7
1 7
1 340
1 62
8 26
1 5
9 5751
31 14450
2 26
15 53
1 1382
2 1116
10 10
10 204
1 1329
1 6
7 112
7 9541
1 30
7 7
1 286
1 6722
5 15
1 332
2 2
9 9
5 20
2 32
1 44
1 5
12 108
1 12
4 2512
1 5851
9 1935
1 2
1 2
6 7
2 4
1 44
2 6
1 115
32 1911
5 27220
2 2
1 2
8 558
6 24
5 15
2 6
12 24
1 4703
1 1961
10 2690
5 5
11 21989
1 4
1 7
1 7
30 25650
2 2
1 2
12 177
16 69
7 126
2 12
3 60
1 5
1 287
2 2
1 2484
1 552
1 14
2 26
1 2479
7 448
3 2631
1 33
5 70
1 1350
5 10
1 14
3 24
1 5
26 1671
2 2
1 14
1 152
8 48
1 12
20 334
7 21
26 442
1 4
5 35
1 5
3 38
7 42
3 12
3 3
1 12
2 2
1 89
2 4
2 14
2 46
5 7320
15 684
1 2
1 2013
17 272
1 1725
2 12
1 4
12 372
2 2
7 84
3 3
6 18
6 90
2 34
2 2
2 6
1 161
1 44
10 366
2 86
12 48
1 2502
2 6
9 58
1 288
5 1275
2 2
1 6
1 9767
1 7
1 1767
10 54
3 42
2 2
1 4
3 3
5 25
1 2524
18 18
10 15
1 671
2 2
8 1194
1 2
12 1080
1 5
2 5274
2 44
30 239
1 7
17 73
4 2716
12 24
2 6
25 40
1 12
9 27663
1 7
10 24
1 3
7 21
2 2
12 12
14 14
1 11
1 20
37 220
1 2
14 33
2 574
9 20
5 29255
1 867
5 2460
15 5481
19 18518
2 2584
9 90
1 2467
1 6765
67 1943
1 8
3 18
2 4
1 3
1 2
1 3
35 323
7 21
8 152
2 4036
1 13
1 7
9 36
2 384
1 12
2 1144
2 110
1 161
2 2104
17 24340
12 12
15 450
2 14
1 2
9 9
1 946
9 3794
1 22
18 9040
1 19
2 2
1 2
1 8
1 2
6 2934
1 296
2 7
7 14
2 2
2 34
11 4016
3 9
2 2
21 474
7 63
12 12
1 3
19 1034
3 3
7 56
2 2
1 5
1 14
1 4
2 34
2 134
8 1568
6 6
12 45
1 4027
1 588
1 3
1 4
31 5134
44 939
9 63
13 13
1 570
1 4
1 2082
10 98
1 107
5 40
31 42916
1 13
8 3685
1 21
7 35
1 552
13 43
1 4
6 96
2 1766
1 6
6 6
2 2
1 34
32 27124
2 726
9 1176
21 9460
12 408
1 54
2 16
13 16
1 1254
3 168
3 4080
29 88
23 2041
2 2
9 50355
7 84
7 37
1 2
7 6587
1 2
25 289
5 795
60 1874
2 12
2 102
12 12
7 7
5 2015
2 702
1 2
7 161
7 308
1 57
1 5
1 9
1 2
8 28
8 12024
5 5
1 2
1 698
5 55
4 20
49 1217
3 3
15 252
32 1757
1 6
11 248
12 36
24 943
5 10
1 2
1 19
5 5
1 6532
3 3
12 108
1 5
2 10
1 2
12 24
7 21
31 444
4 12
9 9
1 2
10 6499
1 2
12 1026
1 5
1 14
17 1666
4 448
22 164
5 10
1 5
5 685
5 10
2 30
3 6
1 6
2 10
3 36
6 3726
2 2
3 11532
12 60
6 12
1 18
5 30
2 4
25 36
12 3060
1 20
8 8
2 6
5 5
7 14
13 182
1 713
1 3
9 36
1 74
2 1240
1 2
5 320
6 1475
2 550
1 17
10 10
4 25
1 8
6 6
7 399
1 3
1 1687
5 10
10 552
1 2
8 8
1 14
7 262
4 6179
18 106
1 8
1 34
10 176
2 2
2 2
2 12
2 2796
5 34
6 1086
1 2
5 5
5 40
7 154
2 2
15 152
4 24
1 3
12 72
7 1051
2 68
1 351
1 6
2 62
10 140
2 12
1 8
16 4592
12 24
1 551451
10 35716
1 991
3 3
1 7
13 39
10 100
1 2
3 6
1 76
7 3906
12 12
1 158
5 5
2 114
26 8031
12 226
10 90
5 780
6 6
13 13
14 14
3 3
22 46518
3 9
1 24
5 30
4 4
5 20
3 6
2 2
2 2
16 82825
3 1854
6 48
1 59
2 22
12 84
3 51
1 2010
1 16
1 3
7 46
11 41688
3 69
12 156
3 9
1 4
1 295
1 291
3 3
13 39
16 17161
1 375
1 9633
1 6
11 916
2 12
40 2413
10 10
3 6
1 22
2 22
1 4
2 18
10 14670
1 766
2 6
5 5
7 14
1 5
5 5
1 2
5 5
1 2
16 9200
1 286
4 12
1 33
2 2
5 60
7 28
11 55
1 5
12 2004
24 8052
3 3
1 2
23 147
1 5
12 12
1 284
1 2
2 2
12 72
2 14
12 48
21 6006
1 15
7 896
1 2
16 48
11 132
1 7
1 737
1 3859
4 144
1 117
6 1806
3 3
7 4319
5 5
1 6
6 5670
7 14
1 4146
5 5
7 175
1 4
3 132
1 2
1 5
1 6
8 175
43 997
1 36
8 16
1 438
1 1503
13 182
1 33
3 6
1 6
9 127
2 2
2 16
15 181
26 212
13 13
2 4
1 78
17 17
3 9
31 57
1 60
1 6
2 2
1 9
1 618
3 1255
10 236
1 302
1 2
5 5
1 5
2 4
13 13
1 23
7 38
7 125
2 680
4 3064
2 2
3 3208
1 3
1 1498
1 57
4 4
2 52
12 12
5 5
2 2
1 2
1 5
1 1124
1 2
1 89
2 3538
37 353
5 15
2 8
1 460
6 6
1 3
11 26923
7 84
2 2
1 289
2 4
1 2
1 29
2 16
1 26
10 66
7 7
1 4
14 56
7 294
6 13
3 867
6 30
30 1089
13 13
7 12754
2 6
1 68
1 44
7 14
6 6
8 112
5 5
1 28
1 1376
2 4
1 2
3 3
4 1239
9 320
1 9
5 5
13 17082
18 6492
1 3
2 2
39 20769
3 6
18 1824
17 64
40 2492
1 29
9 9
1 7
1 2
2 108
2 3546
15 3575
1 10
1 45
9 153
2 8
2 2
6 36
1 3
12 156
7 2254
2 8
1 2
1 299
7 21
5 9975
15 4350
3 3
1 2
1 10
1 2
3 5997
7 7
16 16
1 9634
1 11
6 24
7 105
1 4
1 597
1 140
2 2
1 90
14 14
1 267
5 180
1 10
1 14
2 4
10 24
9 53
2 2
5 20695
1 6
1 3
5 30
2 28
13 1949
12 84
1 128
2 2
1 44
15 60
19 429
2 2
5 65
12 216
33 2407
1 581
3 18
17 464
7 35
1 28
15 3482
6 5286
1 2
1 3
1 306
1 9645
3 1494
2 4
23 115
6 30
1 29
1 29
1 3
3 3
2 2
11 3784
1 16
3 3
12 156
1 586
1 11
2 2
2 4
1 2
8 8
1 5
1 371
17 21964
12 14
5 45
1 322
6 18
1 2
1 2
1 17
2 6
5 75
2 114
1 2
1 4469
3 3
1 2
1 491
1 5
4 4
23 1236
5 37
1 32
2 82
1 5
5 30
7 7
13 3718
18 18509
1 344
11 12308
1 6
3 21
1 6
1 16
9 26
1 7
1 8
9 135
15 8036
2 2
18 234
8 29
8 8
3 3
5 547
7 7
21 109325
1 11
6 36
4 5
4 8
5 53
13 149
14 19
2 12
5 1270
1 2
7 490
1 970
1 4
1 11
2 68
2 3062
9 27
5 2455
15 803
1 4
5 1485
1 2
5 6245
6 49902
4 4
9 14
3 3
31 58937
1 1531
1 3
3 12
11 33
3 6
1 3
5 45
1 927
1 14
1 222
4 1592
12 2675
1 12
15 15
19 474
2 6
3 3
3 15
1 487
1 289
12 36
10 4920
1 2
2 38
1 7
1 2
1 15
1 124
12 216
2 2
7 14
22 22
1 2
7 7
2 1176
5 5
1 20
5 85
5 5
9 9
1 3
3 192
14 28
1 289
1 946
1 32
3 3
14 1770
1 2
14 326
2 4
10 20
4 4
1 24
5 10
10 1610
1 29
1 17
67 1658
1 2
2 85
5 5
2 12
3 74
5 10
1 20
12 864
20 53
1 7
1 3382
21 17886
6 1486
1 5
1 23
9 108
1 93
7 343
1 14
10 20
2 2
1 297
9 90
5 5
2 6
2 28
1 28
2 12
11 28765
2 584
2 2
14 28
7 42
2 4
3 6
7 7
1 2
6 156
12 12
3 3
1 302
1 2
2 124
2 12
1 4601
8 16
21 21
2 434
6 7
19 4712
1 64
1 847
5 1770
1 12
1 1707
1 553
19 199
5 10
5 5
7 14
1 1467
2 2
2 8
1 3
1 5890
3 159
10 74
18 18
12 120
1 1335
2 6
12 3000
1 68
1 5
1 5
2 2
3 3
6 24
5 5
3 66
3 3
2 2
20 6012
38 1483
7 448
2 2
2 10
1 4
4 60
2 6
1 4
2 2
4 844
5 15
17 17
2 8
1 7
2 22
1 10
8 8
5 5
7 7
5 30
5 30
2 1898
47 1626
1 16
2 2
2 4
2 100
1 11
8 16
1 3
6 8
1 287
17 1970725
3 3
9 70
29 29
1 2
7 7
5 5710
3 3
1 3
3 3
5 5
7 39
35 1991
15 95
7 7728
1 2
8 60
2 578
1 4
2 10
1 25
12 12
8 3732
1 1292
20 2265
2 2
6 38
18 20743
2 6
6 36
5 5
2 6
5 1485
5 1745
2 4
10 10
19 2989
6 6
19 155
1 1822
30 12550
14 773
5 80
18 18
1 72
12 468
2 50
20 110
6 3166
12 852
5 25
2 2
18 151
11 155
4 4
2 83
1 21
1 4
1 5
5 955
5 570
1 11
1 3
7 21
1 4
1 15
3 3
6 1086
1 587
19 13161
7 10297
3 62
2 2
7 63
1 68
7 28
15 2816
6 6
1 33
1 4
5 20710
1 573
20 15995
16 1694
1 19
3 6
12 168
7 203
8 440
7 448
1 2
9 12
5 5
23 37
16 2489
1 74
10 2850
5 43
1 8529
1 301
5 5
5 10
11 576
4 7
15 38895
4 8
6 12
6 7
32 353
5 20
1 295
5 215
2 2
9 9
2 2
9 72
8 2456
7 28322
1 541
6 13209
1 291
1 50
1 299
2 2
9 9
1 2
35 431
2 30
1 2300
2 4
2 10
1 535
1 31
1 64
2 2
15 20640
2 2
12 156
11 11
1 35
6 6
7 35
14 14
2 2
15 209
4 4
2 12
4 1866
2 2
2 12
1 41
4 12
6 9
5 2690
1 1603
7 28
19 1178
1 349
1 2
1 6
15 540
1 3
1 1999
5 27095
1 2088
15 7502
2 28
13 975
2 30
5 5
1 280
3 3
1 3
4 4
10 180
1 5
2 6
2 556
1 3
3 6
7 14
1 2
6 6
5 35
1 46
5 29480
1 327
2 6
3 105
14 28
1 4
7 84
5 45
6 3763
3 3
3 993
6 1475
20 24008
1 457
41 8253
7 6146
7 14
15 394
1 8
28 203
1 304
1 3
1 3
12 12
3 3
9 390
2 2
5 320
1 344
1 2
4 16102
1 267
2 10
1 11
1 1972
2 2
1 9
1 9473
1 2
2 2
7 8
2 2
1 289
1 14
5 5
5 15
1 2
3 3
1 573
20 20
2 2
1 10
1 78
19 34
10 169
4 201
2 4
5 70
7 1008
1 2
36 16164
4 4
5 5
6 38
2 2
1 58
1 9
13 13
7 240
1 687
5 5
12 36
1 3
2 366
20 72
1 2
17 4879
1 1295
8 512
1 2
4 3828
16 95
7 35
1 2
2 8
7 14
12 5232
45 82
1 2
3 18
8 448
19 11650
1 12
1 14
1 297
1 6
1 2
2 2
2 178
19 6820
1 3
8 226
1 70
2 2
29 107
14 56
7 7
1 287
27 20576
7 7
12 168
2 2
1 8
2 8
12 12
5 25
5 5
15 30
1 3
12 72
13 312
20 7959
19 167
1 1018
28 5182
1 14
3 27
1 2
4 4
1 318
23 69
3 828
1 276
6 156
12 12
3 3
7 931
2 4
15 22
17 309
15 511
1 7
1 2
3 6
7 588
2 4
2 2
16 594
6 11
5 2915
2 14
1 3
1 7
26 33
2 2
42 20041
1 263
1 15
1 9670
5 15
1 281
26 174523
5 80
12 276
1 3
12 48
3 21
3 18
1 22
44 2079
5 25
1 1687
11 13890
16 79
21 420
6 44
1 4
1 2
20 7175
1 19
2 30
15 9942
2 59
6 46
1 2
5 70
7 15
13 13
12 120
1 3
3 9
4 4
1 5
3 9
15 51
1 260
1 5
5 40
7 539
2 2
13 260
2 22
10 165
5 760
6 74988
5 15
1 3
3 9
4 1498
3 33
7 4109
2 2
15 27
2 1614
24 60328
13 132
12 12
12 24
10 12
10 369
2 44
5 5
1 45
1 4
5 10
5 5
9 12
5 805
1 16
6 6
1 4
8 4102
6 36
1 53
10 2408
3 4509
11 19
2 2
1 96
1 350
2 10
1 15
3 3
14 816
9 55
1 1616
1 327
2 4148
1 23
11 259
2 2
2 2
6 6
10 34
5 3325
1 64
21 15362
1 75
4 22
1 291
2 30
2 10
1 82
1 1266
8 14
1 11
7 749
1 6
2 2
1 3
14 25
1 3
1 6
10 1676
1 3
13 13
5 295
1 4
1 3
2 140
1 5
1 3
1 10
1 327
2 4
5 10
7 7
1 14
1 2
5 3590
1 59
19 6980
8 567
11 3168
2 2
5 2985
3 1752
2 2
19 44
1 2
6 86
2 12
1 4
5 420
10 218
1 20
23 288
7 49
13 65
1 15
5 35
4 1104
5 5
1 27
6 9594
1 252
3 3
7 56
12 348
12 180
1 6
1 7
12 72
2 28
1 2
3 3
2 10
1 5
2 4
5 5
2 6
7 28
1 2
12 108
1 1773
3 3
6 7
1 63
12 72
1 942
1 9
1 16
5 20
1 67
74 134680
1 7
2 10
2 4
10 2837
2 2
12 84
7 21
1 399
15 2734
3 6
1 1524
1 294
6 44
1 125
1 355
7 44
19 1745
2 10
1 9
1 3
27 25088
1 17
6 27
1 558
5 5
5 10
21 21
1 8
7 240
12 2988
2 46
1 296
3 3
7 1995
12 84
28 172
1 284
4 4
2 512
10 13042
4 136
3 3
1 13
11 7988
42 859
1 21
13 377
16 23
34 31076
1 15
12 12
5 10
3 3
2 22
12 828
1 5
1 7
10 19
1 3795
5 4695
15 36
28 35
4 56
3 3
1 3
3 36
2 30
7 16390
6 8
3 39
7 98
2 60
3 51
2 78
1 616
17 521
1 16
1 23
2 18
1 3
2 1350
2 2
29 153
3 3
2 586
1 21
2 12
1 2
9 20
1 2
2 1833
2 14
1 176
1 7
2 3
1 3
5 15
12 60
16 80
1 8
2 16
2 112
1 2587
1 6
7 42
6 54
1 3
1 10895
2 30
2 66
6 2897
2 2
1 6
2 6
1 6
12 12
3 9
2 2
1 56
20 28
7 7
6 342
2 2
5 15
1 2082
1 62
14 140
7 7
2 2
2 8
2 18
1 2046
2 8
12 108
5 340
1 36
1 200
1 70
11 11
4 52760
1 287
1 5
9 38
1 12
7 406
2 2
1 35
7 112
1 2
1 4
10 49312
1 104
5 51
7 21
19 1025
1 72
12 3252
21 226
1 15
1 291
2 10
2 8
24 1702
39 158818
12 156
6 10
5 5
2 238
7 41
5 45
7 8811
12 36
1 3
1 654
1 4139
1 64
10 50
18 76
15 7110
2 16
5 1750
1 2
1 2
11 33
1 4778
15 50
7 30982
64 120
2 10
2 4
1 6
1 441
3 192
2 4
3 6
27 54
5 10
2 12
1 2180
1 26
19 231
5 285
6 30
43 748
2 26
1 64
1 1187
5 285
4 4
1 6
7 7
1 10
1 10942
10 1326
26 2538
38 1102
4 4
7 77
4 44
10 57
2 2
1 9
2 4
2 2
39 1944
1 3
7 30590
1 4
12 928
19 95
1 11
30 960
10 20
1 2
11 66
2 8
2 4
9 12
1 28
1 867
1 67
2 36
12 12
1 7
13 13
1 1002
7 9632
2 2
1 506
2 8
1 36
2 1012
19 19
5 4590
7 7
14 14
1 13
2 2
18 10584
27 131
2 2
1 77
1 5
2 4
2 2
2 62
7 11228
1 158
11 18
1 8
7 42
10 50
2 2
1 32
5 15
12 55
4 4
2 2
15 225
1 173
6 37
5 5
7 1841
1 39
12 12
8 3465
1 144
1 15
1 2
12 3157
5 190
1 322
3 12
1 17
5 281
1 2
1 276
13 3731
12 1164
9 483
8 8
3 1764
1 3
1 2
26 35
1 4469
11 6798
5 5
1 1293
1 10
4 4
1 3
1 4
31 72
1 14
2 48
1 6
3 3
1 52
1 36
7 7
1 5
2 2
3 128
1 6
1 4740
1 64
1 8
12 156
20 32
3 6
3 3
36 846
1 24
8 16
1 5
7 7
1 14
19 144
1 50
1 21
1 3
20 372
7 70
2 2
5 21005
20 7568
2 574
2 58
5 5
1 576
19 4794
6 2910
36 36
1 2
1 64
2 4
14 14
2 2
12 24
5 155
5 17764
42 7528
6 18
6 6
3 3
2 16
14 14
2 2
3 126
2 2
1 2593
1 8
5 5
1 585
1 3
35 12500
23 12883
1 135
1 5
2 4
15 101
2 42
2 2
1 147
3 3
1 2
1 149
1 286
1 2
1 3
7 15589
14 1057
1 3
11 66
20 3338
7 617
2 4
1 17
1 32
13 156
1 15
3 18
15 28
2 4
29 1980
9 4812
3 7506
1 2
3 3
2 2
30 30
1 36
3 3
7 112
2 2
3 3
1 6
6 48
1 354
1 2
5 450
12 96
1 10
1 2
2 24
22 52
22 2432
1 2
1 24
7 7
4 12
1 2
12 468
40 1982
1 285
7 21
10 1560
7 14
3 9
2 104
1 15
1 22
9 261
1 2
3 6
2 4
5 5
7 7
15 15
1 942
7 35
20 64436
5 11075
6 750
12 768
1 141
2 4
5 5
3 18
1 863
1 1604
12 324
1 2
1 5
1 136
1 3
1 24
3 5301
4 20
1 575
4 1489
1 98
61 1737
1 2
18 595216
1 181
2 26
9 11
12 12
1 5
1 2
2 6
1 23
1 3
13 47
1 2
3 6
1 297
1 1091
1 7
4 1968
4 2352
1 31
12 12
1 23
7 13965
6 2454
1 15
28 441
1 6
4 1148
6 56
2 14
9 225
1 7
2 12
1 2
1 36
1 588
21 462
3 18
5 10
6 6
1 274
5 20
1 16
2 128
19 19
10 874
20 5166
2 42
3 6
1 22
1 12924
9 4833
14 1295
11 220
16 4592
12 36
1 2
2 570
2 4
1 296
1 2
1 2088
3 3
1 41
1 4146
1 11
1 1496
2 3446
2 4
5 2735
1 2
1 5
7 4688
12 84
51 352
4 66
1 123
5 25
5 5
2 2
9 235
1 13
1 8
2 10
4 82
25 38
1 945
8 6566
3 12
9 7515
10 40
1 2
2 30
2 2
13 1339
1 17
1 1442
1 16
12 11016
5 50
18 270
12 324
1 2
9 261
1 217
16 48
15 1860
1 35
10 100
1 3
7 7
2 64
30 30
1 77
3 3
1 6
1 5
7 539
1 2
4 4
8 441
2 4
5 5
1 2
1 6
2 58
2 20
4 4
2 578
4 20
8 16
14 72
17 17
7 7
10 14
12 48
6 12
1 269
10 35
1 7
10 45600
25 30
1 5
5 5
1 17
12 36
2 2
6 7
1 33
4 4
1 2
1 28
24 10109
1 21
12 72
1 52
3 9
1 2
15 57
3 4509
17 34
7 7
1 35
1 5
5 10
1 268
5 4390
3 3
16 1567
2 30
12 96
10 10150
4 7028
7 7
1 5
2 17
1 13
1 2
2 12
1 6
1 2004
1 14
1 64
4 7996
5 15
1 304
3 34
8 16
1 4
3 3
15 206
5 6460
5 5
1 16
1 27
2 2
12 37
1 6
2 2
5 30
12 216
5 85
5 5
12 12
7 21
8 2108
3 3
2 2
7 29229
1 11
12 1332
7 6076
16 54
32 576
7 6727
1 7
13 8971
1 390
1 36
9 161
1 2
3 3
12 12
7 25876
6 3438
1 3
1 1601
4 548
3 12
1 3
1 2
12 156
1 3
2 6
14 816
1 26
1 4
1 126
1 18
1 27
4 4
5 55
28 42428
3 54
1 2
11 11
1 6719
1 884
7 196
7 4060
1 60
10 10
5 5
1 301
2 42
10 30
1 6525
1 10
2 2
3 54
1 1996
1 2
1 68
22 46
1 2
5 5
1 4
2 2
2 310
1 3
3 3
13 13
5 15
7 14
1 542
5 115
2 2
3 9
2 8
1 15
1 65
13 56
2 2
7 10738
2 2
1 19
5 10
1 9
1 716
1 77
1 947
2 2
2 2
34 1500
1 3
3 2115
13 1162
1 2
1 3
1 3
7 41
5 430
11 11
2 2
1 735
2 26
1 23
1 3
32 827
12 36
2 10
1 11
12 12
17 17
13 13
13 23
2 32
7 14
9 9
1 2
1 786
3 6
1 459
2 32
2 1852
2 10
2 2
1 117525
2 4
1 7
2 2
1 2
1 4
27 1050
1 22
1 290
2 592
12 440
1 2
2 1182
1 287
7 833
3 32
17 3604
16 352
18 21496
2 2
1 52
75 78782
12 72
2 246
1 7
12 286
3 3
1 6
1 884
1 16
1 307
12 600
4 4
5 2870
3 888
5 250
3 3
11 650
1 591
1 21
9 9
12 168
5 60
1 5
12 3216
1 23
14 14
1 288
1 5
1 596
7 7
41 23028
1 5
2 12
1 2053
1 6
3 3
1 4977
2 602
1 3
20 44
1 95
8 510
7 9065
5 5
5 5
1 7
2 4
26 1369
1 3
2 4440
2 1176
10 309
5 110
1 14
5 4340
5 35
3 6
5 5
13 13
6 1711
21 21
5 5
1 1011
7 7
5 65950
7 4025
3 6
5 5
1 1998
1 2
6 120
1 9
45 242
4 4
2 2
7 105
5 1540
1 75
1 4
17 8364
15 26
5 5
5 15
12 72
1 11
2 12
7 84
20 48
1 2
2 14
5 5
2 2
3 6
14 336
1 3273
1 3
10 61
5 7320
1 592
1 129
11 89
16 724
17 48166
5 50
1 2
7 7
12 4032
19 7393
1 350
1 80
5 875
1 351
2 4
8 8
5 10
1 122
2 2
6 18
2 12
1 2
1 35
2 8
1 2
8 3542
10 868
5 5
5 20510
13 26
9 10
1 15
3 26
7 7
2 76
20 20
9 21
7 7
6 18
1 4521
1 127
1 6
2 4
1 1723
12 24
1 222
2 1776
5 2655
2 44
2 22
2 2
2 2
6 25
15 2288
13 208
1 64
18 18
2 8
1 8
1 263
3 3
1 1723
1 6
2 2
6 78
3 15
3 6
7 2597
29 16572
1 588
3 3
5 3685
2 2
2 8
14 572
6 6
12 192
2 12
10 66
1 5
1 4
1 301
2 304
1 349
1 14
3 21
1 11
5 389
3 3
16 32
1 133
7 7
5 165
5 105
1 10
9 9
36 1040
31 39
12 26772
15 1470
41 130124
1 7
1 14
1 2
2 2
12 2325
7 14
7 2002
1 2
5 24360
7 35
5 5
1 1118
16 80
17 1493
1 1522
2 8
2 544
1 2
1 2
2 4
5 12635
1 31
1 1286
2 34
7 620
2 288
1 1136
4 1508
1 24
2 10
12 288
2 2
1 161
2 84
1 19
2 20
2 210
2 3844
1 35
15 1395
13 53
1 1245
5 55
9 81
1 8
1 2
37 1192
6 6
7 98
1 21
1 247
1 64
5 10410
6 14
5 1480
1 24
5 20225
1 2
2 6
1 615
6 16
3 78
10 84
12 1681
3 10
7 7
7 49
1 1250
1 7
1 2
1 221
2 2
1 693
1 303
7 4021
1 2
1 354
21 61
2 4
2 6
1 10
3 3
22 48
1 312
2 18
1 62
1 12
3 6192
1 2
2 4
2 2
1 27
1 3
2 2
4 36
2 2
3 3
2 152
1 20
5 40
10 81810
2 6872
5 25
2 3998
2 2
7 28
6 12
1 466
8 8
2 10
1 3
5 10
6 6
2 2
1 2
7 7
2 6
4 17840
1 12
7 7
10 106
29 80
5 14716
12 240
9 10919
1 24
7 4116
1 281
7 945
2 4
15 925
6 384
7 630
1 33
2 2
2 2
1 6
1 17
2 36
1 58
12 14
1 23
7 7
14 5044
6 30
4 4
6 48
1 312
2 2
2 2
18 5292
1 3
16 32
1 1562
2 10
5 5
1 441
8 120
7 1162
9 16
1 743
20 642
2 4
16 57
7 91
12 840
6 30
7 269386
2 594
10 36
2 42
1 5
16 16
5 5
1 13
2 8
9 337
26 26
2 2
6 69
1 15
6 351
10 392
24 120
6 18
2 2
2 634
1 4
1 2
1 286
9 41
1 4
2 14
3 180
1 2
1 15
24 13687
15 40
1 35
1 4
12 72
1 10
2 32
2 8
1 10
2 4
2 614
10 1176
12 108
3 8
3 42
12 300
7 42
20 23
5 895
20 22760
1 26
5 15
3 3
2 12
1 1524
2 14
1 2
19 10737
7 413
12 900
4 1755
6 89
1 15
2 144
2 16
23 662
6 378
1 4
14 1307
40 1312
8 2980
1 2
1 296
12 120
24 63
5 675
3 12
1 289
2 2
1 5
15 129
15 1390
1 286
4 28
2 100
2 2
6 7
4 109
1 57
12 228
1 2
9 1640
1 573
1 2
1 5
5 5
3 3
14 14
7 7
1 13
10 10
1 1335
2 34
7 7
1 11
1 7
2 6
2 576
11 2889
7 119
1 13
4 4
2 2
2 114
15 60690
2 64
2 2
1 13
5 480
7 21
1 10
32 1300
7 21
8 8
7 35
2 2
6 6
1 757
16 16
1 6
2 16
1 1996
12 672
5 5
1 9
2 70
1 14
3 3
43 8397
3 27
1 4
5 321
4 5
5 5
5 5
2 28
2 2
2 2
12 138
13 130
10 42
5 45
2 208
1 2
15 51555
13 12337
9 9534
2 2
9 77
1 385
5 2460
2 2
1 231
1 296
14 43
7 7
2 6
2 2
1 2
1 135
1 2
7 7
8 41038
1 286
18 2272
1 9
1 11
5 835
1 570
6 6
2 12
20 60
1 2
33 111146
2 12
6 63234
4 3928
7 35
1 3
1 597
13 9685
12 24
1 34
13 3663
12 96
11 15
1 304
3 6
10 243
2 12
2 2
13 39
3 3
1 19
3 6
1 64
1 3
2 2
10 90
103 11180
4 68
6 6972
10 144
6 340
2 96
1 2
1 5
10 24
1 6
4 8256
10 976
1 9
15 1491
1 2
5 5
2 2
5 1056
5 10
15 60
1 20
13 3572
6 54
1 5
1 3
12 321
2 4
6 6
5 465
32 30670
3 3
33 2212
1 9961
1 1999
14 394
3 3
8 3664
1 44
1 1523
4 940200
1 24
2 1274
24 3019
1 2
41 43868
11 10316
1 4
6 6
10 10
3 9
1 269
12 12
5 20
1 103
3 3
22 51
2 4
2 2
2 696
1 2
18 18
5 12185
1 4375
16 195
2 2
1 12
1 4
5 5
7 76265
16 31
10 2486
5 10
1 12
1 12
1 17
2 2
12 12
31 8751
5 5
7 7
7 7
2 4
3 867
9 162
6 6
1 2
7 56
6 30
1 4
5 10
11 891
10 640
6 26766
5 165
1 2
4 16
1 2
1 24
16 271
6 12
1 88
2 4176
7 7
6 16
4 4
1 2
1 1091
1 3
1 14
5 10
1 3
1 877
6 5682
1 7
2 2
5 1380
1 286
2 14
1 4
6 6
7 481
5 5
1 535
1 11
5 443
5 5
1 303
5 655
1 57
1 2
17 4981
7 29967
12 12
5 5
5 165
35 44
7 10668
1 11
1 3
5 30
2 2
1 13
23 201
4 20
1 2
5 55
19 57
3 5
18 396
12 12
1 2
6 2448
2 28
4 137
19 99
14 14
1 1252
24 3685
6 1316
1 2
13 15093
1 264
10 32
18 7200
5 5
2 2
1 125
1 1725
1 2
10 237
1 62
3 3
1 36
1 104
6 73
7 7
12 1332
2 2
1 12
28 98
5 1200
2 2
1 268
13 468
2 30
14 28
11 51
2 14
7 49
2 2
12 324
23 27
11 33
2 134
96 217
11 2502
1 5
13 14430
1 3
12 72
13 543
5 5
1 289
10 19
1 57
1 95
2 572
5 310
4 5
2 2
5 885
1 3
7 7
5 5
1 301
1 3
1 21
1 10
1 15
2 70
20 200
7 14
10 104
7 112
1 591
2 4
10 36
7 175
2 8
2 2
18 1432
1 294
1 64
1 7
12 4452
1 261
2 4
35 626
2 4
1 2
2 124
1 269
1 2
15 77
12 12
2 26
20 60
6 6
5 35
3 36
1 8
7 14
6 6
1 1723
1 29
7 17
3 4584
1 4
1 5
11 11
1 27
2 66
9 16
1 12
1 76
7 7
5 48236
1 75
1 312
1 2226
1 43
2 230
12 24
1 588
1 301
12 48
2 9480
1 365
15 32385
1 3
1 11
4 4
5 5
16 3666
2 184
2 2
1 64
2 60
1 59
19 41384
7 651
1 2
1 289
2 2
1 288
3 3
9 9
6 12
1 2215
5 95
1 1197
5 20510
2 4
1 22
3 9
1 24
12 2988
10 630
2 2
2 44
55 154
7 7
15 22
10 289
4 654
1 302
1 4
20 40
12 96
8 8
2 6
1 2
2 2
2 32
1 35
1 288
2 2
6 162
6 54
17 15310
17 11436
1 10
8 232
3 20157
2 146
1 9
2 10
5 25
1 1753
1 8
9 9
15 375
1 232
14 58
4 32
1 3
3 3
11 9647
1 344
2 2
1 6
1 88
1 102
3 9
1 2
2 2
1 1382
3 3
7 1043
4 4
1 3
5 205
1 5
1 5
5 4375
1 248
1 587
7 245
4 4
31 24801
5 30
3 15
32 3826
10 28
2 2
5 290
1 591
1 4074
2 14
5 3750
6 12
40 694
17 25
2 22
1 23
3 3
1 10
27 3631
2 7
2 4
1 1601
7 7
3 3
9 77
3 60
6 9606
10 86
6 24
23 328
36 163264
1 302
14 14
15 15
1 573
2 770
1 54
11 36
2 2
3 6
1 867
1 12
2 2
1 2
1 26
22 88
5 55
1 1162
12 108
1 877
1 2
1 2
1 288
10 1469
7 112
34 1670
2 2
1 3
9 54
1 7
1 3
1 2
2 26
9 11
2 4452
4 92
2 18
1 3
1 3
7 7
3 3
14 70
5 120
3 3
2 50
1 6
6 12
2 2
1 268
1 57
3 3
5 40
1 4321
1 289
6 38
1 6
16 169
22 19700
2 2
1 33
1 6
1 2
1 35
1 2
8 16
9 9
7 49
1 4305
8 28
18 35366
2 2
1 11
10 2876
19 25716
2 2
5 12
6 6
3 19
2 2
6 84
1 10
15 15
7 84
6 12
6 608
14 108
2 2
6 6
1 11
3 3
1 169
2 2
1 469
6 6
7 7
2 2
1 322
13 39
1 287
1 2
5 5
17 349
2 86
7 21
1 14
1 6
3 15
1 3
5 450
15 321
1 7
16 22529
1 2
1 288
3 12
14 85
2 4
14 504
2 24
1 908
21 46027
2 16
2 12
1 352
13 78
13 37084
7 1242
2 2
9 9
5 7335
14 14
7 35
5 1770
3 3
1 44
7 14
1 168
1 296
1 6
7 7
2 150
3 6
17 394
1 9
8 88
2 120
28 16853
2 2
2 2
2 4
43 526
22 12848
2 2
2 2
10 10
2 2
5 5
1 10
1 287
35 39
2 2
6 21
2 2
1 3
6 12
2 2
8 32
5 25
1 6
1 2
1 7
1 75
26 9807
10 20
3 3
7 7
5 5
1 4
6 6
2 2
2 4
67 134
1 9
1 858
10 19
14 1148
2 2
2 2
5 5
52 136
5 3730
13 3497
6 6
1 3
9 112
1 7
1 3
2 12
21 35
32 3256
12 12
2 114
1 63
1 275
17 139009
5 55
11 114
35 21509
3 3
13 34
45 22671
1 3
8 8
1 1757
2 124
1 16
2 2234
1 885
1 51
7 25
1 288
2 7508
8 49
4 76
2 2
1 2
9 18
10 135
11 402
2 2
6 6
8 2970
5 5
2 4
12 576
3 18
1 6
7 14
1 6
2 180
17 34
5 80
1 4046
2 2
1 96
2 2
10 8810
6 384
5 7515
5 8010
31 31
13 3562
1 576
10 108
5 515
1 248
2 2
123 8525444
1 64
4 4455
7 9
38 381
12 168
2 2
11 628
25 51600
2 4
5 50
1 3
1 3
6 3510
2 2
21 1347
26 257
5 215
5 10
14 20
2 2
3 3
4 4
10 240
8 8
24 13165
7 4130
28 38
8 88
1 32
1 1757
5 100
14 42
3 3
2 2
29 17310
21 203
3 3
1 14
12 276
1 4
2 14
11 81
1 40
2 446
19 351
5 5
1 2
18 90
9 5880
7 35
3 18
12 60
2 8922
5 3235
2 10
2 2
3 3
19 349
2 2
2 2
2 28
19 23036
1 4
3 3
1 22
5 5
1 348
1 7
26 255528
1 2
9 9
1 4
1 1526
10 290
5 2995
2 2
17 1159
2 4
1 4
3 15
1 57
1 48
2 6
40 410
19 31946
2 2
3 1764
1 269
1 1972
5 1435
4 46
1 301
1 115925
7 28
12 1980
2 2
12 24
1 653
10 6860
1 45
38 74
8 4704
2 5637
1 822
5 6070
2 4
12 348
5 5
12 1368
11 29
3 3
1 326
1 287
3 3
6 6
5 579640
5 5
1 19
1 5
14 43
12 12
1 468
5 35
5 5
2 5888
21 285
1 2
6 36
1 4
1 4073
1 48
5 15
2 8
1 10
8 70
1 4
1 19
12 60
1 1492
15 3433
1 28
1 27
42 364
2 26
1 7851
2 598
7 14
1 9
9 2968
1 23
2 4
6 38
12 1164
10 200
2 2
2 4
5 10
5 5
2 2
2 32
11 521
20 1911
11 1016
2 2
26 18960
2 2
1 8
1 3
1 2
5 115
1 10
38 3294
1 2
25 25
1 6
14 122
4 7012
10 8374
1 1999
6 12
7 7
1 14
1 43
12 12
5 5
2 2
5 111
1 7
12 24
21 63
1 40
31 8364
1 4
22 66
1 2
7 14
1 9
1 35
4 2190
4 572
5 10900
6 36
34 2069
10 266
1 354
3 15
1 136
5 5
5 1435
6 8028
12 576
1 611
1 2
12 72
2 4
1 3
3 3
1 3
1 2
2 12
1 7
2 64
12 36
1 87
2 10
3 6
2 2
1 2
5 465
2 22
3 3
3 7443
1 5
8 8
1 588
5 2120
2 4
21 4068
1 3
1 294
1 287
6 8838
1 7
2 2
6 25
12 1332
15 2112
12 804
1 292
7 7
7 133
12 96
3 5922
4 1755
6 384
11 55
1 90
2 2
20 72
1 188
7 4088
2 2
1 289
20 160
2 19
12 12
5 27075
3 183
13 3952
4 73
2 136
1 89
4 1816
15 15
16 215
1 32
1 37
16 81
7 1048
7 525
7 140
7 34
23 69
6 6
1 12
3 3
1 44
13 13
7 7
1 3
3 3
4 8
2 2
1 2
8 5720
12 252
6 6
1 2
1 4
5 5
2 1276
1 303
5 30
7 1967
7 126
1 5
2 2
1 29
1 945
8 16
4 3596
2 2
2 6
2 2
1 289
13 32526
2 6719
1 137
1 349
2 4
2 6
1 2
1 6
26 647
5 1880
16 20
2 10
1 908
1 4
2 20
10 180
1 350
1 4
14 14
1 5
10 60
1 287
5 15
10 10
6 201
2 12
12 2184
21 5520
7 7
1 31
5 45
1 3
2 4
1 2
5 12
1 877
1 4
5 10
2 2
12 12
3 21
5 30
1 371
1 947
2 2
26 1670
14 14
1 286
15 540
10 1130
1 8
13 78
1 354
34 8153
5 30
4 24
2 6
7 7
2 2
2 2
4 8
12 1205
1 2
11 11
1 41
5 5
5 1405
8 32
6 6
1 1995
1 3
1 2
1 15
7 35
12 10202
2 199
1 45
1 18
7 14
1 588
6 6
7 21
1 26
13 286
1 267
18 25
1 22
6 6
2 2
12 1932
1 8181
1 5
2 2
3 9
6 6
3 3
11 767
1 6
1 2
1 588
16 216
12 12
6 1475
7 14
7 372
2 4
1 3
5 10
5 5
1 6
3 102
1 2615
9 238
13 377
1 1769
3 3
1 304
1 2
6 7
12 60
1 15
1 5
19 127
1 16
10 45
1 8181
10 20896
21 12639
7 28
1 353
2 8
1 8
1 3
1 17
1 35
1 6
5 25
6 6054
5 15
8 8
2 24
1 286
8 16
6 6
15 12569
1 16
3 18
8 512
1 4045
1 2
1 1291
1 64
1 10
2 2
5 5
7 35
15 27
13 1144
11 11
3 3
5 5
18 469
2 4
1 106
10 328
18 3450
1 3
1 585
12 12
2 2
2 2
3 6
13 26
1 41
2 8
5 15
5 5
5 75
1 9
1 5
1 3
1 4267
6 1475
5 6260
5 15
5 5
8 971
7 133
7 7
2 46
7 7
1 5
1 80
1 3
6 300
2 2
1 337
1 580
5 5
5 335
1 1707
1 2
2 2
2 8
7 7
2 130
5 5
11 32
3 3
1 264
11 11
1 2
1 939
9 27830
7 7
3 3
7 7
6 12
1 21
2 104
4 40
1 93
1 290
2 126
6 111
1 9777
1 4
6 9
6 12
2 10
1 3
5 290
1 5
5 700
1 98
1 3
7 723
10 84528
1 14
5 5
7 434
12 48
10 5476
8 32
1 287
38 37002
20 376
2 22
37 8611
1 13
8 12208
8 36
6 45
1 24
1 37
6 6
2 8
1 15
5 15
2 536
5 5
2 42
5 280
1 93
12 168
1 2
2 2
1 64
2 1182
3 15
8 8
4 12
5 20730
9 9
13 34
5 60
1 3
2 2
9 9
1 576
5 4425
1 7
2 2
1 49
7 7
5 1505
1 23
3 6
5 10
1 5
2 4
1 48
1 426
12 8000
1 15
7 4116
2 2
11 27
28 43
5 5
24 9248
9 9
3 30
3 15
7 1883
1 33
6 13320
14 28
6 1475
3 3
3 20
2 34
1 9
2 4
2 14
1 30
11 15
7 7
17 3839
8 96
1 64
3 9
11 820
1 120
5 1485
2 2
10 90
5 5
2 496
6 18
1 267
7 14
2 2
1 5
3 15
1 76
3 9
6 54
1 13
1 289
5 5
1 4469
7 21
13 13
8 8
2 2
12 276
13 13
9 80
3 33
10 30
1 10
2 160
2 38
14 1949
2 94
2 2
1 12
5 10
7 343
9 266
5 2370
5 5
6 42
2 2
12 348
6 18
22 303400
9 18
20 115
2 2
2 156
2 6780
23 4796
2 2
28 37
35 654
2 109
2 10
1 70
5 35
18 645
2 6
17 1799
1 175
24 91875
2 2
1 296
8 2116
2 6
5 5
1 1528
9 7398
3 6
2 2
1 2
1 3
1 4
1 880
1 5
2 2
13 13
1 1390
1 3
37 3231
1 2
24 3345
26 52
2 2
2 4
7 7
1 8
2 2
1 591
1 3
2 50
14 18
5 60
11 220
7 7
3 3
2 2
12 264
28 196
1 201
12 12
1 3
3 3
52 1295
1 25
33 911
1 946
4 1096
15 2344
3 3
7 119
1 18
1 16
4 4
7 7
14 14
30 150
6 18
15 900
2 2
2 2
15 451
1 350
1 21
4 8
7 35
15 42
2 1688
4 28
1 1893
2 144
1 591
1 14
5 15
11 1832
5 25
21 1420
2 10
1 2296
1 15
2 2
7 392
1 22
1 12
22 88
5 39255
9 45
5 225
11 1028
13 26
2 4
1 153
12 96
1 2
12 384
5 5
2 2
1 5
2 2
2 2
9 9
1 2
9 2655
13 13
9 18733
1 3
19 467
3 888
3 6
7 1800
8 14
5 40
1 3
2 2
5 5
1 40
3 84
6 21
3 3
27 27
70 314
5 5
18 187
1 4
5 125
3 15
1 5
5 5
1 64
7 7
1 14
5 5
7 28
2 6
1 68
1 9
9 9
2 2
6 12
1 18
5 5
7 5824
7 2478
1 10
12 636
28 86
12 48
5 565
13 3705
2 574
12 36
1 89
5 30
24 6864
1 183
1 51
3 336
5 15
1 54
7 4101
8 12
1 287
2 6
8 16
5 1315
1 22
9 38984
1 2
16 158
1 3
18 58
1 61
5 15
15 15
1 4
4 1412
1 848
1 9
5 25
2 2
1 4
1 26
1 7
1 1723
1 2
9 196
1 332
12 36
2 2
1 1723
7 7
13 3848
5 235
1 5
1 592
2 2
2 2
17 17
2 2
2 190
1 6
22 1339
5 5
1 303
8 3519
5 5
13 28
1 70
8 868
5 15
2 30
2 1306
1 2
10 10
65 13903
3 39
5 55
2 2
1 17
3 6
1 558
7 7
10 352
1 35
3 3
2 2
1 2943
1 2052
4 17
5 5
5 5
1 7712
5 30
10 142
1 5896
1 287
