3 128
3 6
35 117
2 1770
1 2
5 5
1 2
7 262
1 10
6 6
2 2
1 116
1 13
3 21
7 588
2 4
12 840
1 3
5 10
2 250
7 5428
1 14
1 27
6 4992
18 145
13 13
7 4688
32 27124
8 13
9 485
1 5
4 16
14 98
7 7
6 108
7 91
1 2
1 2
7 20
1 408
63 153
1 5
1 3
12 108
3 9
20 20
1 22
2 2
7 14
10 309
1 140
1 276
20 60
7 161
6 14
1 22
9 15327
17 73
1 2
1 5
7 7728
7 49
8 2808
1 72
9 30
2 6
5 5
5 15
17 347
2 2
1 618
1 2
1 13
12 120
1 6722
10 640
7 42
1 585
12 768
1 10
2 2
1 253
1 13
3 15
5 5
3 88
9 196
2 2
1 10
2 2
1 584
4 4
1 47
1 946
13 13
1 750
6 18
13 13
1 14
1 599
11 975
16 81
1 26
21 475
1 2578
5 65
5 5
40 1982
15 7110
1 2
8 150
1 6
12 1408
1 14
2 138
1 542
12 108
1 2
1 444
2 6
12 12
6 7
1 10
30 30
5 4475
17 48166
1 2
1 5
5 5
1 4
1 6
10 180
1 2008
9 9
5 805
1 296
1 45
1 87
13 130
5 5
12 72
18 52
1 7
7 7
19 72
24 9948
2 66
9 9
6 18
2 38
2 124
2 38
1 4
2 2
11 628
6 12
3 3
1 116
6 18
1 35
23 147
1 349
1 5
5 10
2 22
1 581
1 2
1 1760
1 2
5 5
5 20
1 90
40 1751
1 3
1 20
1 7
8 245
2 2
5 35
2 6
20 36502
1 4045
2 32
1 115
2 6
1 301
5 80
1 2
5 5
1 19
32 3090
2 2
1 588
1 2
1 2
2 6
5 515
2 2
7 7
1 908
37 125
11 21989
19 12448
7 10
11 44
2 10
1 868
2 524
5 5
12 1932
5 290
1 4642
1 596
8 29
1 5419
74 314
1 2
11 22615
3 3
1 11
5 70
2 136
12 636
1 5
21 17886
5 20
12 216
1 3
2 6
1 16
19 9334
11 155
8 16
1 81
9 567
9 483
9 18
12 768
10 10
2 58
1 20
1 289
2 2
15 60690
17 3839
7 14
1 277
1 12
6 11
1 574
1 3
12 12
6 6
12 12
1 16
2 6
28 43
7 14
1 19
3 18
13 13
11 12308
8 8
2 8
1 3876
31 10591
2 704
7 189
1 64
14 70
7 42
1 822
20 20
1 2
40 2050
13 39
2 2
31 40
20 24008
9 218
5 1750
1 10
12 636
7 105
12 60
1 2004
2 12
5 10
1 43
18 70
1 5
10 19
1 6
7 9
1 3
10 10
2 4
1 301
2 4
12 1332
5 5
1 886
1 8
15 542
1 3
2 2
3 9
6 1430
1 3
6 30
25 109
1 15
9 5040
16 3444
16 119
3 876
5 8765
9 126
10 2175
1 3
18 152
4 940200
6 1475
1 10
2 2
1 4874
5 130
5 85
1 3
2 2
5 5
6 6
8 11
35 1991
19 3552
3 12
13 182
10 56
1 4140
5 52
7 1792
13 26
18 7196
7 35
17 383
12 432
44 7205
3 3
13 1911
1 1533
1 264
6 340
15 12301
1 4
12 576
1 32
2 2
18 18
1 327
1 2
5 5
2 2
17 17
5 33855
1 2
1 2
25 36
5 15
18 893
13 560
1 16
1 2
5 25
2 26
6 6
2 6
1 1503
2 58
2 2
5 7215
1 3
7 21
2 4
5 20
6 6
13 310
7 35
7 49
29 17310
2 26
5 1243
3 3
1 58
6 18
1 6
2 2
3 15
1 7
3 3
5 5
2 8
7 42
5 285
1 4
5 5
1 2
7 336
6 3528
5 85
3 3
2 6
3 6
10 281
17 34
1 27
5 10
12 12
7 236
26 403023
9 4886
1 10
1 23
1 586
1 267
1 1166
2 16
5 5
1 19
1 18
7 7
14 1949
1 4521
1 15
1 103
1 31
1 588
2 4
11 1747
3 7611
5 5
7 7
15 435
9 9
1 41
11 3201
2 26
7 154
24 1926
7 63
2 4
4 4
2 2
5 5
1 10
5 5
6 6
12 3157
3 15
4 24
5 30
3 3
1 15
1 5
1 5
7 28
6 3570
1 8
2 4
10 10
5 10
2 6
3 6
8 28
3 3
11 100
7 7
1 2
1 5
3 3
2 4
1 140
4 4
1 105
10 8856
35 39
1 135
8 8
1 297
42 1265
24 168
1 95
26 1538
1 716
20 3586
16 16
7 1617
1 4
2 14
1 3
15 15
1 2
1 3859
7 10311
10 57195
6 6
1 2
5 5
42 7528
2 1690
1 2
1 256
4 36
1 584
5 10
2 2
3 3
23 92
5 5
2 4
2 4003
1 1995
14 14
2 44
8 8
4 48
7 28
1 3
1 8
5 5
6 6
3 3
1 65
1 35
1 587
13 312
20 28
1 68
1 32
2 50
2 2
18 36
42 3938
1 895
2 8
7 1048
1 145
1 12
19 549
13 23
4 3828
5 25
1 11
7 811475
33 229
6 24
5 15
2 18
4 13823
1 9
1 13
3 3
1 1822
2 20
6 43
1 269
6 253
1 9
10 62
13 3731
2 38
21 181
1 18
5 5885
5 192
7 7
13 94
2 4
2 72
8 1386
6 126
3 39
1 17
37 10514
1 3
1 5
11 25
12 36
1 1161
2 1120
1 88
1 15
1 15
4 4
1 268
24 13165
15 50
1 3
2 2
1 1039
2 4
1 2
9 26
31 52061
1 19
1 3
5 4695
9 9
1 30
19 19607
11 28765
10 36
1 15
18 165
6 6
2 22
4 56
1 1329
7 7
4 73
1 3
2 2
12 636
2 2
1 57
1 5
2 150
1 138
19 144
1 2
1 286
1 14
7 14
2 702
2 4
1 32
12 12
1 2481
12 24
1 2762
1 287
5 340
5 5
1 24
1 408
1 13
6 34
1 4
3 9
1 5
3 36
20 160
3 3
1 63
1 945
14 572
13 39
2 180
4 8
27 389
12 5232
1 394
5 15
5 55
1 14
2 4
5 60
4 73
1 31
1 7
7 196
6 20340
2 2
33 459
6 48
1 16
13 13
1 2
7 7
5 10
3 180
1 68
7 128
10 4846
13 48503
1 5
2 2
20 99230
7 14
3 18
1 6
20 92
6 108
13 13
1 3
48 5793
4 844
1 3
13 13
8 8
2 2
1 334
1 36
1 14
2 2
2 12
1 5
2 56
5 1665
1 25
11 33
1 307
15 30
3 867
15 52
5 30
2 2
18 10105
1 4
24 864
1 87
18 1152
5 165
1 293
5 30
1 13
20 317
1 10
1 6
7 4116
18 532
6 6
7 119
2 4
7 7
2 10
1 70
1 15
2 4
5 70
1 1999
2 4
5 140
5 5
2 2
2 2
15 20533
2 2
8 14
1 5
1 11
1 13
6 6
1 133
8 77799
3 6678
1 280
3 6
24 27710
1 58
1 24
1 41
1 2
12 348
2 14
24 8052
11 2889
5 5
2 4
20 372
7 133
9 845
3 4
5 15
1 9
1 1161
6 1486
4 5
5 2389
28 28
1 78
11 70
3 18
1 36
6 6
5 1815
3 7
1 2
7 35
1 29
5 1515
2 144
13 53
1 302
11 457
1 286
1 4
6 6
1 976
6 24
17 349
6 24
1 6
376 1715
7 723
2 2
2 14
15 4454
1 3
1 9777
21 61
12 276
6 73
2 2
2 4452
10 2408
1 4
2 4
7 28
1 6
3 3
28 272
2 2
16 221
1 30
2 30
1 32
11 81
3 6
5 15
35 1138
6 6
5 281
4 76
7 7
5 9
6 12
5 5
26 9807
2 38
7 2002
2 2
2 8
5 65
3 6
1 10918
31 24801
5 5
17 349
14 14
1 4
3 3
1 5
1 2064
1 3
3 6
10 146
7 629
7 259
5 270
1 2
1 6
9 38984
1 297
5 1435
40 694
20 60
2 4
6 3438
2 84
1 3273
1 2
2 2
1 7
1 4
5 5
3 3
12 96
1 5
5 9805
2 8
8 16
4 4
16 18
14 72
11 1812
6 6
2 2
5 10
5 267
1 9
10 36
1 4
5 11100
2 2
2 2
12 26
12 1932
7 70
27 411
5 55
10 8374
11 22
6 21
3 15
6 258
8 2456
1 17
9 99
1 1018
3 3
6 48
1 78
7 7
1 5
2 36
1 8
1 289
5 275
1 9
1 1357
12 840
1 20
5 5
2 4
5 25
3 3
1 5
1 44
1 376
1 1492
2 566
3 42
1 4
1 5
1 4046
2 4
1 4
1 124
13 13
1 27
20 6012
2 6
3 3
1 292
7 14
1 2
5 2680
7 7
11 11
1 2
1 2
1 580
1 352
9 9
1 3
7 7
36 172
1 4977
2 2
1 58
5 50
5 720
9 84
1 6
2 16
2 3842
4 5172
11 11
1 1995
3 3
26 26
1 4
2 2
1 1602
2 2
6 72
7 7
2 46
1 17
3 24
1 16
1 5
1 775
5 20730
5 40
1 79
3 6645
1 831
4 4
1 57
18 270
5 1880
16 8624
22 66
29 7315
5 25
3 69
25 29
2 2
10 1324
7 7
7 574
7 21
2 2
3 39
1 2
2 1662
1 62
2 4
2 138
2 4
5 20
6 37
5 245
6 201
5 11205
20 20
25 83461
18 595040
16 352
2 2504
11 650
2 4
3 3
13 34
1 3
5 5
3 3
1 350
1 12
6 6
1 10
6 24
1 50
15 2816
7 14
19 2367
3 3
6 6
3 3
6 6
2 8
1 98
2 4
1 2481
5 10
1 76
1 22
11 19
2 14
1 58
10 475
6 18
5 170
15 101
12 48
13 13
22 275
1 46
5 2880
1 14
1 145
1 64
15 60
46 1332
5 5
12 12
5 10040
3 3
2 56
7 7
14 14
6 6
1 321
1 7
1 283
4 527
1 5
1 4816
1 37
7 4067
2 2
1 3
2 144
15 803
1 745
1 13
5 40
5 1275
3 3714
2 4
1 71
8 8
1 2
1 3
1 2
3 27
4 104
5 5
1 1893
5 5
21 315
2 14
20 802
2 1210
9 320
2 9312
1 2477
1 4
12 276
2 3446
2 2
1 2
9 9
1 291
1 48
10 10
2 16
2 2
3 3
2 4
4 32
3 42
1 16
7 7
1 170
10 10
3 3
12 12
1 33
6 8802
1 441
1 10
1 9961
30 30
4 20
2 2
1 4
31 27953
2 110
1 908
1 2
6 44
6 114
7 16390
3 18
1 552
12 7428
2 26
1 583
1 11
5 25
5 4540
2 88
1 3387
2 12
9 9
17 58
5 5
2 46
3 9
9 18
2 18
10 54
47 719
2 4
36 602
1 716
19 155
24 63
1 211
10 9490
1 5
5 125
2 6
10 20
1 6
2 6
15 9082
1 885
12 1026
2 2
4 1040
1 1951
1 11
3 147
9 10919
6 6
1 3
5 25
2 2
3 3
3 162
39 3527
5 2895
1 2524
1 297
13 78
2 2004
1 25
5 21525
1 297
3 30
1 80
1 2180
12 228
14 398
1 240
5 40905
1 8
1 2
2 1656
12 8000
3 3
12 120
1 588
1 2
1 2
52 370
1 498
14 23
2 8
3 6
2 6
2 6
5 10
8 217
1 2
3 42
9 225
5 10
7 7
1 289
10 264
1 172
1 2671
7 4101
6 6
8 16
18 2189
2 12
2 2
1 1597
2 14
72 90
23 37
1 60
26 1660
7 14
2 67
7 7
8 16
2 602
1 275
1 10
31 798
1 2
1 5
1 15
16 4592
1 274
1 2
5 6
3 45
14 18
1 51
1 29
9 2968
5 5
12 24
1 10
5 10
9 63
2 24
14 14
1 9
7 7
8 2408
7 9
7 5425
1 344
1 8
7 40
2 6
2 2
1 14
1 20
1 2
1 67
8 72
1 391
1 3
2 1146
9 27
3 6
1 6
21 248
11 90
1 2
2 1158
14 14
22 110
1 8
5 5
1 457
3 9
1 16
1 199
2 30
1 8281
10 35
19 8312
2 86
16 16
10 10
1 15
2 2
20 553
6 1134
1 5
1 4
7 14
1 426
6 42
1 27
8 8
5 110
8 2296
6 426
2 596
1 13
1 3
2 8
59 162
3 5109
5 20
1 2
2 10
23 51
1 14
1 6
1 9
11 18
12 768
1 6
15 45
1 67
7 28
2 2
1 2557
1 2
1 4
2 6
5 5
2 2
7 267
5 29500
10 10
1 79
1 2
2 240
2 42
12 708
3 3
2 2
2 2
6 18
4 4
39 240
7 7
7 7
5 5
2 1218
1 54
1 2
10 19
4 4
2 2
1 6
7 7
12 12
1 867
2 2
1 3
11 36
2 2
1 3
1 2
2 86
1 3
5 4221
13 42
8 19800
20 40
1 1298
2 22
1 15
9 61
2 126
7 112
2 2
1 2
1 2
5 5
1 497
3 6
1 3
5 36
3 6
19 5968
2 6
1 221
1 5
1 5
12 12
4 76
11 1215
2 10
6 12
5 5
16 199
1 2
7 7
1 13
1 400
3 903
11 1573
2 2
1 36
1 289
6 56
1 1604
16 25
2 584
15 451
1 4
12 2988
1 2
1 25
2 6
2 2
1 355
1 1599
1 103
1 6
3 102
5 5
2 2
41 2218
6 7
9 27
7 171
14 1640
12 286
1 2
1 50
3 1255
3 336
1 6
1 23
19 19
1 19
1 9
5 145
6 7951
1 2
18 226
2 2
2 6
19 1178
2 4
3 3
1 45
14 36
1 29
1 2
2 38
1 6
6 6
1 10
2 2
6 9606
18 640
4 23544
6 6
11 501
1 203
1 585
6 1475
2 2
5 285
1 6
2 2
2 240
18 32997
2 6764
2 8
6 8
13 4238
4 40
1 4
6 300
1 2
1 2
7 7
1 838
12 876
1 3
12 96
4 6
1 2
1 474
1 2
5 45
29 42
2 10
2 2
5 15
3 3
5 30
8 4102
18 106
1 3
1 5373
7 1841
4 1968
6 138
18 54
1 1947
9 261
15 967
2 2
12 12
5 1750
2 32
1 326
20 22760
1 5
1 2
37 664
13 13
12 24
11 11
5 5
1 4
1 335
1 592
1 340
2 50
3 15
1 37
10 60
10 20
7 252
1 286
24 9248
5 6460
1 1034
96 217
2 2
7 21
19 7393
1 18
1 15
12 192
10 80
4 256
16 3645
12 348
2 1792
1 11
13 42
6 6
12 72
1 2
1 49
7 42
5 65
6 2910
3 393
1 6
2 22
1 7
1 18
2 2
1 19
1 156
1 385
103 11180
1 11
1 149
3 3
6 30
6 6972
3 15
25 593
2 4
12 168
7 2009
7 7
5 75
1 5
1 32
1 296
6 6
4 8
1 2
1 297
7 469
1 6
22 46
3 9
5 25
24 20940
1 2180
14 14
6 18
6 2934
2 4
1 588
2 2
2 2
13 26
1 10
1 5
2 1424
8 21
16 41
3 12
2 3844
5 26815
2 4
7 7
8 588
8 24
11 1832
7 28
1 42
1 2
5 2460
5 5
1 2
26 1661
7 392
6 9
5 5
2 24
2 1082
1 3
2 16
3 9
16 1567
6 49086
1 39
1 8
1 22
9 20
1 289
18 5718
5 10
1 3
1 11
19 12925
1 28
2 2
2 4
9 9
7 140
1 2
2 1776
1 3
2 4
1 13
6 18
1 3
1 3
2 8
5 805
15 1005
9 6012
1 126
1 3
1 4
8 16
4 24
7 63
13 39
2 126
5 5
12 12
13 12337
1 2
4 4
2 32
3 3
1 10
1 828
5 5
3 3
1 12
2 4
3 3
2 38
13 3562
1 3
9 18576
5 30
1 287
15 23083
1 2
1 1091
12 689
16 4316
2 2
1 8
7 20
9 145
13 33
1 2
6 5304
23 27390
2 12
7 343
2 2
5 15
5 30
2 14
5 5
2 4
7 7
1 404
5 5
3 3
2 16
12 84
5 5
4 92
2 32
1 13
5 5
20 72
1 7
3 8
5 5
15 169
1 5
9 11
6 6
12 72
1 8
17 425
14 42
7 30590
15 258
1 10
2 2
4 88
2 6
1 17
2 30
7 21
1 114
1 74
2 2
6 6
1 307
9 11
12 672
6 1722
5 65
2 26
1 1605
20 250
20 40
10 130
1 3
1 296
2 4
1 7
5 5
14 19
1 35
2 10
2 2
6 3528
8 120
3 3
11 22
1 117525
3 1063
1 305
1 3
1 4
1 5
2 6
1 4
1 58
1 867
2 2
6 6
5 621
7 7
3 9
5 205
7 7
18 3718
1 1020
2 4
1 5
1 27
12 2184
1 43
3 3
1 8
10 10
3 3
1 591
1 4147
7 7
12 276
2 574
1 91
6 12
9 127
1 552
15 63
1 6
7 21
21 21
7 98
15 15
2 2
1 3
3 3
2 68
10 12
7 21
2 16
10 3608
1 3
1 2
5 4340
1 2
2 2
26 1272
5 6240
5 10
7 1008
1 62
10 30
1 45
2 2
6 10
1 9
1 23
7 133
1 15
1 14
3 9
1 2
1 49
1 6525
7 14
1 7
3 3
1 536
1 3
1 71
1 9670
9 18
2 2
3 3
1 6
9 53
1 428
4 12
1 458
3 6
1 115925
17 25902
4 4
1 15
12 12
5 4835
4 12
8 56
3 3
16 80
8 8
1 2
1 2
12 24
1 2
1 1974
1 11
4 4
21 128145
1 2
11 32
1 2
8 8
1 352
1 2
1 2
1 5
3 3
1 72
14 14
1 547
10 61
10 11696
29 113
5 80
1 63
1 80
9 27
1 9
2 10
3 9
1 154
1 6
1 25
3 1854
5 8
7 63
1 5
3 30
1 2
1 23
3 36
14 1770
3 3
5 30
11 11
12 384
1 89
12 84
1 6
29 35
1 588
6 343
2 6
2 3992
5 5
1 1594
9 9
3 9
1 945
3 462
1 3
5 110
18 204
8 2280
1 3
7 28
1 2
12 36
2 2
5 30
5 10
20 28790
9 943
2 96
12 55
6 7
6 62064
12 2988
1 1999
1 2
7 7
33 52626
10 15
1 31
2 59
5 115
1 10
3 3
12 2016
1 36
1 6
6 60
1 22
7 9065
9 189
3 15
5 2940
3 9
3 1047
1 308
2 3664
4 8
4 36
1 4
2 2
5 2995
4 256
16 116
1 3
21 462
7 7
7 7
1 4147
1 4
12 48
3 8
5 15
2 10
1 1187
2 574
26 254997
1 64
3 6
3 9
12 48
3 3
1 19
2 2
1 3
6 6
2 6
19 349
17 84
1 6532
1 6
1 2
16 158
4 12
1 10
4 16
16 19
1 5
21 474
7 42
5 5
13 34
1 4
1 10
1 153
5 450
7 342
5 695
11 11
12 2064
5 5
14 674
11 89
9 33
23 29
15 26612
15 15
1 3
1 16
1 2
4 160
1 1999
15 126
2 80
1 15
3 6
2 10
9 27
21 24461
9 9324
1 19
5 12335
9 1036
21 57
2 10
15 2754
3 864
5 17
2 4440
1 926
2 26
2 2
37 87
1 1292
1 2
1 885
26 26
12 48
3 48
1 5
2 4
3 54
5 15
1 15
1 2
3 12
1 2
32 114
2 4
3 9
1 1995
10 270
5 5
9 198
1 5
2 54
1 36
12 48
44 1040
7 7
3 1764
7 7
1 17
7 14
3 6
1 737
1 26
2 2
2 83
1 57
1 1385
1 44
11 1230
1 5
2 2
6 36
20 60
3 18
2 2
1 301
28 22815
2 2
7 7
4 528
1 57
1 33
1 4
4 5
1 7
1 297
20 20
1 4
5 34
2 136
7 7
2 4
1 2637
8 16
1 2
12 12
10 10150
5 85640
1 2
3 5997
2 2
30 328
2 36
1 95
1 1997
2 4
5 95
2 610
5 1275
5 40
9 78417
24 9054
2 4
2 4
12 12
2 3538
23 27
2 2
16 7023
18 145
3 3
5 1750
5 1734
2 588
1 1117
1 2
1 2
15 30
3 9
4 4
9 9
1 2
5 25
1 10
1 7
5 15
10 58
1 302
5 50
28 31
1 2
2 56
3 3
1 6
3 3
3 3
7 35
15 311
8 112
1 2296
13 39
1 2229
22 303208
69 3433
4 4
2 4
6 24
5 39255
7 7
2 430
5 5
2 6
1 2
1 11
3 3
11 16556
19 19
1 2
8 35
7 147
2 10
1 33
3 9
1 5
1 7
4 109
1 1768
1 8
1 30
7 1988
2 2
1 22
2 20
2 8
2 18
10 90
1 552
1 294
12 1080
2 2
14 56
2 2
3 8
7 14
12 892
1 2
7 161
1 23
1 2
7 28
6 90
1 286
1 4
5 35
2 6
9 12
6 30
8 574
1 3
1 4
5 5
12 276
5 780
5 2930
1 3
6 84
9 24
1 4
8 2205
1 1503
29 88
9 9
2 2
2 4
3 3
5 10
1 44
19 3113
1 836
1 296
43 2521
1 1276
1 13
1 4
10 874
1 1142
1 5
1 14
7 42
5 865
1 3
1 2
9 19935
1 14
1 1723
15 416
6 6
2 2
1 2
21 420
1 26
12 10915
1 2295
2 10
2 2
5 5
7 7
1 8
19 18518
20 416
1 4
7 3108
2 1884
1 3
4 4
5 25
1 93
1 152
1 3
7 7
6 102
5 2015
1 2053
12 1164
2 34
5 5
12 24
2 6
23 370755
1 4
11 17
2 52
10 30
12 36
7 7
1 1176
2 2
1 33
16 16
1 1124
1 2
5 5
1 573
3 3
1 1769
14 56
9 27
1 4
5 10
2 2
5 115
24 7572
5 155
7 28
10 90
7 7
1 2
9 2421
2 4
6 6
6 25994
17 28
2 62
12 84
6 1716
2 2
1 2
2 110
2 2
6 6
7 7
1 2
5 480
1 15
5 5
1 3
1 5
7 5829
12 156
8 32
1 133
3 3
1 11
1 4112
2 2
2 4
5 47
3 7761
2 2
1 3
5 200
5 5720
2 2
1 295
3 3
1 11
11 243
1 35
1 6525
1 125
21 1448
5 5
1 11
1 947
12 12
5 5
16 80
49 7484
9 9
15 1896
19 7087
4 4
5 25
1 27
3 3
5 2370
16 19842
12 12
7 6594
1 3
3 6
5 10
1 211
1 637
5 465
13 260
10 1506
1 2
1 251
16 569
15 60
1 5
2 12
1 2008
17 27268
3 3
2 10
5 1485
4 4
4 4
8 1348
1 36
28 42428
18 9028
8 40
22 1543
34 103
7 42
2 2
7 7
3 3
1 547
33 166
1 2
4 8
2 22
1 2
1 19
2 4
6 9
6 12
4 219
1 11
1 52
5 5
5 25
5 5
15 90
2 8
4 4
1 2
3 3
1 4
2 2
1 2
12 12
2 2
7 21
1 2
1 1011
1 50
2 2
6 24
1 8
1 292
2 2
6 324
2 8
1 2
12 12
2 2
1 4523
2 2
1 2
1 9633
1 15
1 5
1 14
16 16
7 7
10 38
5 60
7 70
3 2709
15 1860
15 63
1 9
101 497
1 7
5 12640
4 4
2 2
2 2
1 1343
6 8838
1 287
3 5295
1 102
1 25
1 640
8 8
11 1175
6 6
10 84
1 3
5 5
1 900
1 42
1 6
5 30
1 41
8 16
5 12505
1 29
1 3
12 156
4 16
1 881
1 1144
4 17840
7 35
2 128
4 4
6 78
1 1804
4 32
6 1475
12 24
1 8
1 584
7 7
7 728
2 16
7 71
7 7
6 69
13 3705
1 289
1 22
4 20
20 40
24 470
9 1176
16 404
1 12
2 44
20 110
1 34
2 6
17 6767
2 32
6 6
7 7
2 2
1 104
5 20
1 3
9 9
1 5
3 861
2 2
1 552
15 15
1 39
2 550
1 64
12 2004
6 3510
1 698
1 20
7 35
8 8
3 39
12 60
1 7
1 469
1 4
3 1641
2 2
7 49
6 12
12 868
5 5
2 102
1 3
8 29
1 27
5 25
18 2277
20 103368
7 413
8 8
3 12
1 2
5 19740
2 9480
3 3
4 4
4 4
2 12
3 1359
3 16
1 301
1 2
6 7722
5 110
18 2149
24 28491
11 11
15 900
1 1524
11 767
3 3
2 8
17 65
1 10
1 2
7 7
9 520
1 7
1 10
1 6
1 653
4 6250
2 160
5 2655
3 4
13 23
2 2
5 105
1 3
1 23
14 1057
5 5
5 15
2 82
1 939
1 7
15 68520
5 43
1 393
3 6
2 2
2 2
1 13
10 30
3 1674
1 6
5 25
5 5
1 2
13 13
7 42
1 264
6 2403
6 17
5 20
1 50
4 10008
35 4318
10 6860
1 3
16 390
4 4
2 1514
7 2737
5 795
7 7
1 3
14 33
1 2
12 12
1 585
2 574
2 2
5 3325
16 16
1 288
1 7
1 7
2 2
4 980
6 384
11 6804
1 591
1 2
1 5
8 2108
2 6
5 15
2 196
9 63
21 21
7 7
6 1475
19 38
1 7
24 24255
7 21
4 8
7 7
4 12
1 2
1 57
2 4
19 1297
1 4027
1 25
2 2
1 7
13 144
1 5
12 2201
1 4
1 14
8 8
3 3
5 74
1 4305
32 374
22 46518
1 29
2 14
45 82
5 14
4 4
1 6
3 3
12 84
5 5
1 2593
1 115928
1 6
1 14
1 22
12 36
5 5
7 7
7 7
14 28
5 48160
2 2
19 778
2 592
2 6
13 1926
5 15
1 3
1 2
2 6
1 9
14 43
12 45
5 135
1 23
1 80
13 2821
14 14
1 3
1 2
1 49
3 6
31 99
11 17
2 576
1 57
7 7
1 5
2 2
2 30
2 30
1 881
2 4
2 801
2 2
7 6181
17 25
12 96
2 366
5 21090
9 9
2 2
1 2
1 12
7 112
2 9312
2 110
1 1356
1 4139
29 115
1 36
6 6
5 25
1 14
5 40
6 1854
5 50
7 21
7 7
1 10
1 2012
11 11
2 6
12 138
1 57
1 61
1 2
1 5894
6 168
20 5166
1 3
22 22
1 13
1 786
1 2
2 2
1 4
2 1166
8 3664
19 1318
1 17
1 5
12 876
7 2597
1 2
1 22
7 63
8 11102
8 8
11 26923
11 4004
8 76
1 25
2 12
7 42
13 247
12 72
9 5383
2 4
1 64
1 276
5 5
21 63
2 32
2 2
2 2
8 987
15 32385
5 25
5 65
2 18280
1 25
1 7
2 32
1 883
12 48
1 327
4 6012
21 6922
2 2
1 492
7 21
2 10
2 2
1 4
1 3
13 39
2 2
7 451
11 6737
1 7
2 2
16 24
5 10
15 38895
8 40
2 12
1 28
1 5855
5 55
3 14
2 6
1 351
3 3
2 2
1 5
14 14
3 3
6 23
14 37008
12 348
1 528
7 441
3 9
1 2
12 504
22 310
5 15
27 294
5 60
3 4
2 2
2 6
10 266
1 6
1 9473
3 3
12 84
6 18
2 10
6 159
28 31
1 2
42 580303
1 58
12 468
1 8
7 56
1 2615
1 11
6 36
14 122
1 351
7 175
1 2
7 7
12 60
30 1306
3 3
7 49
2 16
2 144
24 37
10 380
2 126
5 5
7 7
7 10920
2 2
1 42
30 63
3 6
5 10035
6 410
1 26
1 74
2 2
13 13
3 6
26 8057
2 208
17 8835
1 1996
10 20
17 3699
39 76
1 14
8 232
3 3
7 33
5 5
7 24710
15 450
1 35
1 2
1 3
16 54
1 4
7 4025
1 292
7 252
2 2
3 3
7 381
2 3056
1 860
5 65
2 415
2 1176
2 6
2 10
17 4879
2 22
8 49
1 64
21 203
15 2344
7 203
5 325
12 60
16 82825
13 312
7 7
5 50
3 3
12 168
13 951
1 10
14 28
1 292
10 10
14 816
2 8
3 6
2 2
1 32
2 2
7 11228
29 66895
3 3
9 12
1 304
3 3
3 201
6 18
1 287
8 8
7 170
20 376
11 4887
4 8
2 2
2 2
3 9
1 1999
10 8810
2 2
5 1435
13 312
1 9
1 128
28 1634
2 102
6 54
17 17
1 4
1 144
12 852
1 30
2 2
1 2
12 60
2 1280
5 20695
6 1711
1 2
1 5
1 3
7 7
1 1922
1 3
2 2
10 45
2 2
3 2858
1 2
17 11428
2 4
12 180
1 5
2 130
6 66
1 9
1 3
69 525411
5 12
12 168
7 651
1 289
1 14
2 6
1 3
19 155
1 2
2 2
4 36560
1 408
19 11650
7 7
2 4
1 26
8 2970
12 216
5 7460
1 3
2 2
5 15
12 12
1 441
21 21
1 1996
9 36
1 77
1 29
1 536
5 5
12 84
2 16
5 30
2 2
2 7
1 2
2 4417
2 76
1 576
2 2
1 16
5 25
1 3
6 36
3 42
6 9
2 8294
1 3
15 252
8 8
2 2
6 12
3 3
1 288
1 140
1 16
1 885
7 1242
1 941
1 14
5 105
5 6
2 8
1 288
9 16
1 2
4 44
33 10223
4 4
4 4
3 9
1 2
10 104
1 5
8 4198
3 6
5 10
1 59
2 77
23 111
1 14
6 6
10 540
1 77
2 2
7 617
3 165
5 15
1 1767
1 4
2 5274
1 4
1 2
2 10
1 2
66 122
1 3
1 18
1 88
2 1982
1 17128
1 1528
1 14
7 7
7 145
5 5
1 7
3 4
7 70
1 5
18 1465
2 2
2 548
21 6006
1 949
5 5
2 3
1 1767
14 14
10 10
5 10
4 4
2 118
1 96
5 5
1 64
15 2112
2 2
1 9
1 144
1 6
5 615
14 2614
18 1371
2 2
12 156
4 4
19 38
5 340
1 2
7 14
1 2
16 654
1 7
1 2
23 22473
1 19
1 6
14 4018
18 2466
1 23
7 3508
6 18
5 105
1 1524
2 8
12 84
13 204
12 12
1 588
5 5
2 38
6 12
4 9800
5 10
10 15
1 286
3 15
6 46
2 2
21 11580
1 2
10 30
5 10
1 1995
12 864
5 2940
2 128
3 6
8 3465
10 1250
26 1553
2 28
1 5
2 2
1 13
2 2
2 8
8 56738
9 19
1 69
7 35
1 2
12 1164
2 10
1 95
13 13
63 63
20 4300
3 3
4 24
1 6
1 16
3 3
1 757
20 7959
6 12
2 58
5 5
1 7851
5 20
1 6
1 5
2 102
8 8
1 82
6 1602
5 25
16 19586
1 6
5 5
14 14
2 77
2 8
2 8383
1 19
1 2
3 42
4 4
21 12639
9 9
1 16
1 2
17 51
2 8
1 76
1 5
29 23377
2 270
9 175
1 64
4 1768
6 6
2 10
1 60
1 8
11 309
2 4
1 16
3 3
39 1312
5 130
4 4
16 22875
1 592
1 22
6 8
7 7
2 162
11 164
1 2
26 212
1 1052
1 2
1 19
1 61
2 2
14 14
1 4
34 2059
6 6
37 125
1 3
1 2
1 23
5 5
1 89
5 35
59 890
2 2
1 3
1 36
12 324
2 4
1 1292
1 2
3 9
5 320
7 7
2 4
1 11
1 43
6 18
2 2
1 14
4 4455
2 2
2 1816
25 30
1 10
6 2448
1 69
9 19935
37 8611
3 186
10 10
23 23
3 123
7 14
2 3546
2 8
1 19
3 9
29 73845
1 4
7 750
4 16
24 60328
1 1600
1 32
1 3
1 1364
3 9
7 14
15 20640
1 20
12 36
12 60
13 208
2 774
2 4
12 12
1 3
2 85
1 1773
2 10
1 121
7 6622
1 1256
1 3
1 3
1 588
3 3
1 4
9 77
2 6
31 5134
13 13
5 90
15 15785
1 2
11 7993
6 28
5 25
11 402
1 1292
1 55
2 2
2 2
2 2
4 4
3 3
1 107
7 686
1 2226
16 19497
5 15
2 6
2 136
1 3
2 2
5 25
1 2
2 8
6 6
5 480
1 287
16 21
10 146
9 4833
11 113
2 52
6 60
7 21
9 44
8 9459
1 42
1 2
21 27
11 220
2 8
16 32
1 10
1 3
1 29
5 1540
1 9
5 29
1 2
2 86
9 144
13 339
2 3998
2 2
1 15
1 281
2 2
1 2
1 75
1 1040
12 3612
1 37
1 2
1 4
2 40
2 232
1 6
2 570
33 911
12 13008
5 17939
7 13986
26 168
13 34
1 62
1 62
9 3801
5 1435
5 1550
1 5
2 2
1 16
1 289
1 16
2 12
6 6
1 64
15 34
9 153
1 2
1 161
7 28
15 16
1 22
1 363
7 15260
2 6
4 60
1 145
7 203
3 3
6 6
1 942
14 308
11 1028
1 491
13 13
19 787
7 49
2 2
9 50355
4 4
1 2
12 216
1 3
18 469
14 550
2 8
2 2
12 72
20 1376
7 56
2 2
1 2
5 1750
1 96
2 2
3 9
3 26
1 945
8 8
7 7
27 42
1 3
11 606
6 30
1 2
2 2
1 16
1 23
1 5
35 38832
1 2
9 117
3 6
1 5
6 12
7 17
18 18
34 294
8 397
10 1176
32 3800
3 3
6 11835
4 4
3 30
5 70
5 145
3 9
17 131
6 6
3 6
6 6
1 376
5 5
6 12
2 570
14 3129
2 2
10 18
1 867
5 10
1 2670
7 7
2 2
1 24
21 315
1 41
1 1602
5 315
6 90
6 1581
2 4
39 76
1 3
12 24
8 1184
5 281
2 2
1 5
17 349
3 15
10 20
11 18
7 7
42 701
1 7
1 15
12 588
1 64
2 12
10 946
14 1295
3 3
2 4
12 48
1 2
1 2
20 60
1 19
1 2
2 114
1 9
1 22
3 3
2 36
2 2
1 293
2 12
1 2
1 2
5 25
1 2
8 63
5 5
6 677
10 67138
10 10
6 24
1 2
6 6
1 2
2 4
2 2
6 108
7 21
8 12208
1 125
1 2
3 9
1 4
1 7
3 3
1 46
7 133
30 674
8 558
5 4425
3 3
30 239
40 285
6 2897
1 32
11 1635
1 53
2 2
8 90
1 27
5 75
1 4
1 6
3 3
5 1770
1 203
2 8
2 2
1 3
6 11
1 2
2 5637
7 14
2 2
15 272
38 73
1 2
1 5
2 8
5 25
13 16
1 8
2 586
1 14
9 126
2 16
1 2
6 328
2 6
10 30
7 119
23 13432
5 5
1 3
1 5
12 12
2 2
12 58
2 118
1 579
20 2341
9 58
1 6719
33 30996
1 4139
2 4
1 3
5 45
3 3
1 4703
8 14
26 229
13 65
7 378
15 53
3 45
2 16
6 6
2 12
7 105
9 17685
8 324
13 78
5 5
1 11
2 2
12 120
2 4
40 1873
8 2296
5 29845
1 7
3 3
5 5
6 210
2 4
1 82
2 12
9 63
7 5824
9 231
19 19
21 1486
4 4
1 597
1 3
2 2
2 2
5 10
4 4
8 8
1 2
10 60
2 6
1 8282
6 12
1 11
2 4
1 1914
6 7
5 185
1 16
2 6
12 12
2 2
9 280
5 1440
1 3
13 39
5 70
2 2
1 2
1 222
26 1431
18 1210
10 31
6 10
29 95
6 38
2 6
1 7
5 10
10 54
2 17
5 80
1 281
7 21
1 12
16 35
2 42
1 1399
5 55
1 3
5 8670
1 267
1 6
5 10
1 277
3 558
1 2
4 52
4 4
2 2
2 12
1 1350
3 3
1 2074
5 56
1 1753
6 7054
10 1132
1 354
4 4
6 42
7 14
1 15
1 34
1 16
1 117
3 189
7 128
1 64
14 28
1 20
7 336
2 2
1 72
16 19
3 6
1 5
1 4
7 6988
12 24
2 12
1 8
1 62
5 65
4 4
8 88
11 409
2 690
1 1767
5 5
4 1866
1 7851
10 218
38 5582
1 2074
1 64
5 5
1 239
1 536
1 485
14 6552
12 6996
3 60
7 112
1 2
1 9
2 1786
16 21040
5 5
2 2
1 12
1 37
3 18
7 7
1 17
1 183
1 3
8 8
1 171
37 11632
5 1460
8 903
1 7
2 38
5 2955
2 144
24 6972
20 20
10 2690
12 12
1 5
1 2
1 2
1 9
3 3
9 17685
5 5
2 2
2 2
25 1432
3 3
32 912
1 465
25 32
2 34
12 828
2 54
9 10
15 1250
1 4
7 7
2 6
7 2009
6 12
7 4060
5 450
5 5
2 6056
1 7
1 14
12 24
1 6
3 3
15 33
5 5
15 25305
1 1191
7 21
7 2002
12 60
1 67
10 477
15 4350
5 116
1 2
6 18
2 2
16 20
23 2041
7 35
2 134
1 6
1 44
1 18
2 2
5 6070
2 2
5 65
7 7
44 1388
1 1951
7 7
17 160607
1 12
26 84
2 1754
2 1274
2 12
1 3
1 137
12 156
2 46
6 1475
1 21
28 258
13 19918
7 42
1 3530
1 286
1 25
3 4419
7 448
9 189
1 93
1 12
12 876
2 2
5 60
2 4
16 159
1 4
25 25
1 287
20 220
11 22
2 6
7 245
3 3
13 13
2 80
8 36
1 224
1 3
10 630
2 32
10 2486
10 100
6 6
17 5015
1 2
5 7050
4 124
1 287
5 30
9 106551
2 1306
1 312
2 4020
1 301
2 2
1 15
3 36
1 4
1 2
34 31076
2 2
2 4
5 5
1 561
1 3
1 312
1 587
11 176
1 2
7 14
2 2
3 18
1 4
14 14
5 20
2 2
7 7
1 4
20 34921
11 15
2 2
7 217
1 2
3 58
5 5
10 20
12 456
1 53
10 261
16 32
14 266
7 7
9 10
12 24
5 175
1 8
1 297
2 8
2 262
4 108
2 4
1 11
8 12024
5 135
1 83
3 3
14 14
1 290
2 2
35 1211
2 6
1 397
1 4
10 5700
5 10
7 546
14 266
3 6
7 7
9 18
1 2
1 2537
19 9521
20 951
2 28
10 194
5 5
2 2
1 14
1 19
2 16
1 21728
2 116
10 60
6 12
10 50
5 20
2 2
1 2
2 16
5 5
2 18
5 655
5 5
1 5
6 9969
12 512
7 7
1 2
2 64
1 3
13 26
1 2
5 5
21 21
1 79
1 3
10 40
5 5
20 5824
1 10
4 4
2 22
2 2
5 5
1 38
20 3338
1 2
16 32
14 1943
1 3
1 575
7 21
2 680
10 46
2 38
9 288
6 5304
6 13
1 252
1 967
2 2
13 13
2 257
1 3
2 114
4 1239
2 2
10 20
26 26
32 689
5 10
5 6280
12 2316
2 42
2 102
1 422
1 16
1 4
12 96
2 2
3 9
12 1205
4 140
2 2
2 62
15 631
1 287
34 75
13 13
2 2
3 9
3 5988
2 4
1 299
1 7
2 104
1 4321
1 6
1 1723
1 15
13 114
7 6615
13 13
2 614
1 3
4 56
1 5
8 13
7 175
1 1523
1 1265
1 4
1 877
1 161
5 10
6 12
2 6
2 154
2 666
1 64
9 9
30 30
1 3
16 48
1 2
1 1767
5 10
1 23
7 77
1 297
2 4
42 99
7 7
28 16853
5 3685
1 3
1 12
13 3990
3 3
67 8764
1 13
7 7
1 11
8 8
1 5
29 11437
13 26
2 2
1 4
10 2632
2 2
9 11
1 7
14 3990
5 10
14 14
11 146
3 855
3 3
2 2
1 12
11 2745
20 200
2 26
17 468
3 5985
12 24
22 44
7 21
10 11696
2 4
22 2523
1 8
7 7
1 7
2 2
9 9
1 14
1 1082
3 138
2 22
1 1578
2 2
1 2088
7 7
1 2
2 2
7 15730
5 2920
1 8
13 208
7 7
2 10
39 304
40 20794
1 5
7 14
1 3
1 18
1 2
20 15995
1 2088
5 5
2 2
1 587
18 971
6 9594
2 10
12 39
1 349
2 6
1 287
13 47
13 286
7 56
5 5
4 8860
2 2
1 12
5 5
2 2
22 22
12 1164
11 6798
9 9
2 12
6 1776
1 176
1 56
6 1806
1 2
1 8
12 26772
1 106
2 10
42 298
2 4
1 2
1 588
1 139
5 15
5 170
1 312
1 6
1 3
19 23020
1 63
2 6
2 2
1 7
2 2
6 750
1 3
4 104
16 39
2 2
1 137
2 2
2 6
10 36
2 652
6 6
1 2
1 1095
13 130
2 2
21 273
2 20
7 98
12 1245
3 3
3 3
11 51
2 26
1 53
2 78
14 28
5 1510
1 656
3 3
10 99
6 557
7 14
3 3
1 11
10 240
2 4
2 8
2 2
17 64
1 73
1 300
1 14
14 5044
1 3
1 285
8 28
1 33
3 18
7 14
1 2
1 12
6 4863
1 5
52 1295
2 14
1 64
3 3
5 30
6 174
12 3850
6 6
3 3
2 32
6 18
24 4614
6 3528
1 14
8 512
13 9800
1 4
1 3
9 189
1 2
35 12500
6 6
12 432
1 7
14 85
1 303
5 7320
12 12
2 6
5 5
17 569311
3 6
22 2599146
2 2
2 2
7 7
1 2
1 43
11 11
7 2247
1 32
6 6
5 285
1 1562
2 128
9 18
5 5
7 2604
1 48
2 2
1 35
1 2
5 5855
1 4
1 29
1 286
7 7
17 82
1 10
14 12362
7 7
6 7
1 296
7 1869
1 3
3 3
2 128
1 2
12 468
12 48
1 597
1 6
1 2
1 3
1 2
5 45
4 13560
5 60
2 1640
10 7014
5 530
7 35
3 3
2 2
1 14
26 26
1 3
1 3
1 3
1 3
6 6
1 5
17 258
17 7090
1 906
5 320
7 84
2 18
1 536
3 6
5 5
1 20
7 7
2 2
1 43
6 12
3 15
1 2
5 10
5 5
9 9
1 24
8 48
14 20
1 7
1 11
1 248
5 135
5 5
9 17
2 2
7 21
9 27
3 9
1 588
1 883
12 12
18 7592
6 44
1 883
3 8
3 1791
2 2
8 8
1 40
12 1332
4 2872
2 2
5 1505
2 24
12 12
1 7
1 8
7 112
2 939
27 4800
1 3
1 3
7 140
14 140
14 28
1 14
12 24
4 120
2 199
6 30
4 6
1 88
1 6
1 3
2 14
2 4
1 11
2 2
3 3
2 2
5 24080
2 2
5 5
7 2331
8 28
5 690
18 798
21 34439
12 120
19 1537
8 90
3 6
2 68
3 3
1 551435
1 2
1 13
10 18
3 3
12 96
4 12
3 3
2 2
16 57
5 7385
1 21
1 11
3 62
1 63
1 278
2 1012
1 3
2 1458
9 90
1 6
64 480
2 2
13 52
3 6
6 3528
2 2
1 28
1 31
5 2120
6 24
1 9
2 2
1 25
2 2
19 351
6 6
5 5
2 2
6 1475
7 14
15 26
25 207
1 49
2 770
12 84
1 72
1 42
4 4
1 588
8 34
1 26
7 7
1 19
2 4
1 115
10 144
2 8
1 7
1 290
16 4592
1 7
13 13
1 7
20 20
1 967
2 572
4 4
17 272
2 10
5 80
4 192
5 42
1 2
2 10
3 3
2 8
1 181
34 1765
9 9
2 6
2 4
1 303
14 28
1 6
1 5
2 6
10 10
1 295
1 4
9 5751
12 246
34 12081
4 26
1 8181
3 3
5 5
2 2
7 1276
1 5
15 15
1 4
23 211
1 4
5 15
1 8
2 4
2 2
3 3
10 204
6 8
1 2
5 250
1 3
17 41
12 840
2 2
2 59
1 2
4 4
1 2
2 2
1 6
1 2
1 44
1 24
1 885
2 2
1 5
1 268
2 2
16 32
10 2837
2 8
2 250
7 7
1 8
44 939
10 10
42 387
4 4
1 881
1 281
7 125
1 19
12 12
2 2
5 10
1 296
12 45
5 60
1 4
2 14
1 15
1 2
9 27
1 29
10 20
1 3
5 5
1 288
2 2
1 1295
6 6
3 3
2 4
2 2
5 25
1 942
8 112
1 4
4 3672
3 3
4 4
1 65
1 287
7 7
1 3
5 5
1 19
2 14
16 594
4 12
1 6
5 15
14 58
2 2
42 1247
12 12
1 12
2 2
6 20
21 4068
12 48
3 3
2 86
6 16
4 127
5 10
2 4
2 26
1 5467
1 51
7 23
1 6
1 18
6 12
16 271
1 34
1 908
7 4319
12 96
1 3
2 2
1 15
1 25
1 581
15 52
9 9
83 51785
1 895
7 399
2 2
2 22
1 2
7 105
2 2
5 10900
1 2088
1 75
6 12
1 7
22 2432
1 62
1 5
13 182
31 14450
2 26
2 6
5 20
7 30982
3 3
2 4
5 5
1 4
13 43
1 12
1 3
4 4
6 384
7 119
1 573
7 7
26 686
7 7
5 65
8 12
10 290
1 286
1 6722
5 15
1 332
9 9
2 32
7 11809
12 108
1 2
4 22
1 12
4 2512
9 1935
1 2
5 1795
2 4
11 29
1 44
5 27220
2 2
7 620
1 9
19 34
6 12
1 1723
5 15
2 4
12 24
1 79
1 7
12 72
1 7
12 36
14 17
36 846
1 2
12 177
20 1911
7 126
2 12
3 60
2 2
1 7
1 2484
1 14
1 14
2 26
1 21
1 21
1 2479
1 5
22 164
8 70
1 42
1 33
3 6
10 12
19 9273
5 70
1 14
3 24
8 8
23 23
5 1485
1 12
17 1735
5 5
5 115
8 48
12 84
1 11
1 267
5 5
3 6
1 558
7 441
26 442
1 3
6 7
75 78782
1 96
1 288
14 14
1 4
7 42
3 3
2 10
1 6
9 1838
1 5
6 24834
1 2
1 12
11 55
2 2
1 89
7 42
19 4320
2 14
2 46
6 6
2 1144
24 2612
1 2
3 9
14 326
1 2013
2 4
15 5481
1 1725
2 12
12 372
7 84
1 4
2 32
3 3
2 6
10 366
50 4327
1 15
6 84
12 48
1 2502
1 3865
1 6
19 8484
2 2
50 679
5 35
1 9767
1 7
16 28
1 41
1 896
3 42
1 4778
1 4
3 3
5 25
19 19
1 4
1 5
1 22
16 615
10 15
2 2
1 653
5 10
8 1194
1 5
15 768
13 3718
4 2716
1 291
25 40
1 12
7 4137
9 27663
1 5
2 2
1 7
3 3
8 8
1 4
3 3
1 573
30 25650
12 276
7 534
7 21
36 36
5 4805
1 20
1 2
1 3
2 598
38 37002
2 2
1 7
2 2584
3 21
29 44
5 5
13 130
2 2
26 52
5 175
21 300234
2 1240
2 4
15 252
1 20
1 2
2 2
1 3
35 323
8 152
3 3
1 21
2 4036
1 14
3 27
2 30
6 30
9 36
2 384
1 12
1 161
1 4
8 120
6 12
2 2104
10 7868
12 12
9 9
1 1687
1 4
2 2
1 946
1 2088
10 240
11 11
3 3
1 72
1 8
7 470
1 2
2 4
2 2
1 2
2 7
7 14
7 14
26 18960
5 10
2 34
3 9
4 100
1 5
2 4
5 5
2 2
18 741
10 84
1 1376
5 5
1 4
2 34
16 4617
1 55
5 5
1 588
3 1721
1 4740
1 5
1 26
1 16
2 2
19 4305
1 570
1 2082
1 1482
9 192
1 107
1 2
5 40
31 42916
1 13
5 20
8 3685
1 21
31 58937
7 35
1 552
8 448
17 139009
1 4
1 3
1 7
6 96
5 5
2 4
2 1766
10 60
1 289
5 23710
7 25876
3 15
2 726
1 289
3 21
5 48165
12 408
2 2
2 14
3 63
1 1254
3 4080
1 2
1 96
2 1116
6 6
1 376
8 11
15 73
4 92
7 84
1 11
7 6587
1 2
1 1236
2 12
13 156
2 102
5 5
7 7
2 26
13 9685
10 78
1 3
1 2
15 152
7 308
1 57
2 68
1 7
15 164
2 34
1 288
8 28
2 304
9 2655
5 5
6 25
3 3
1 1723
5 5
12 12
1 2
2 2
1 698
1 10
4 20
1 2
1 363
49 1217
32 1757
7 98
5 5
5 21010
1 30
1 16
1 294
13 13
1 13
12 108
31 72
2 10
7 7
1 93
7 404
17 15310
1 2
6 11
10 6499
1 5
1 2
17 1666
4 448
2 4
2 10
7 7
1 16
33 111146
3 3
1 2275
5 685
5 10
20 20
1 13
1 3
13 34
1 6
7 7
1 1973
2 2
5 15
2 2
12 60
2 2
1 18
2 210
12 3060
1 20
2 4
24 24
2 6
5 5
4 12
7 14
5 5
1 26
1 707
1 3
10 10
9 36
1 75
6 12
9 54
2 2
1 113
8 1568
16 16
19 1745
37 220
11 14
3 3
3 3
1 68
1 8
12 24
1 3
7 525
2 2
10 552
4 7996
1 21
1 2
8 8
1 14
4 6179
10 15
1 10019
6 560
14 18
18 757
1 8
1 34
2 12
1 62
12 156
5 5
12 12
2 2796
6 1086
7 154
4 24
18 18
2 2
12 72
5 5
4 10
2 68
1 10
14 14
1 351
2 2
1 6
10 140
2 10
12 12
2 2
1 2
12 24
5 10
2 2
13 13
1 991
15 15
5 5
11 11
3 3
1 35
19 1987
1 4
13 39
1 4
1 2
2 2
3 6
7 3906
3 12
14 18
2 24
2 8
1 158
1 3
1 4375
12 226
6 6
3 64498
3 3
1 2
1 10
1 6
1 24
5 30
10 100
4 4
1 11
5 20
19 167
1 19
2 12
2 22
12 84
1 588
1 15
23 662
15 75
1 487
2 12
1 2010
1 27
4 109
7 28
7 46
11 41607
3 69
2 2
1 4
1 295
1 291
16 17161
1 867
5 75
1 373
1 6
11 916
2 12
40 2413
10 10
5 15
1 88
1 4
6 30
2 18
4 4
6 42
2 6
1 3
7 14
1 5
2 2
1 2
2 2
4 12
1 287
7 28
3 993
1 5
14 28
1 2
1 5
32 20733
12 12
1 284
12 24
2 2
2 6
2 14
12 48
1 15
7 882
1 2
16 48
3 15
1 11
5 5
6 3726
2 588
4 144
3 3
2 2
3 3
12 12
32 8383
5 5
1 6
1 327
1 86
1 32
13 377
11 33
2 38
5 5
9 9
1 4
1 2
5 5
3 132
15 2580
1 5
43 997
2 10
1 36
3 24
2 6
7 189
14 14
1 438
7 21
1 33
1 6
3 3
6 6
18 18509
2 3998
2 16
13 13
2 4
17 17
2 2
2 14
31 57
1 6
2 2
1 9
1 4045
2 4
10 236
17 21964
1 2
1 352
1 5
1 3
6 12
1 23
7 125
4 3064
3 3208
11 2430
1 1498
2 52
12 12
2 2
1 4
1 63
16 169
2 2
5 5
7 7
1 62
1 858
5 15
2 8
1 1496
7 38
11 11
4 676
1 246
5 5730
1 574
2 112
12 12
2 4
6 46
10 10
1 29
10 66
1 4
7 294
8 6566
3 66
1 3
7 7
30 1089
1 35
8 72
2 6
1 44
7 14
7 7
1 4
1 2
1 2
17 3904
2 2
1 28
1 12
2 4
1 2
5 5
3 3
13 17082
1 3
3 6
12 2675
7 1758
40 2492
1 29
9 9
2 512
1 7
4 4
1 2
23 46
2 108
1 654
3 10
6 36
2 28
1 8
2 2
29 29
13 13
2 4
3 3
1 2
7 21
2 6
1 1118
2 2
1 2
17 8833
4 132
1 106
2 2
16 16
1 2
13 149
1 9634
1 11
1 11
1 33
1 304
7 105
2 2
6 6
1 2
1 146
1 90
14 14
5 180
2 4
1 2
1 9
10 24
12 72
1 301
1 6
1 7
2 28
13 1949
12 84
1 5
1 3
1 128
2 32
1 60
1 45
19 378
1 44
1 9
5 65
14 14
13 14
1 303
3 18
1 188
2 2
17 464
2 2
1 3
6 5286
1 2
1 1995
3 12
1 9645
3 1494
5 5
2 4
23 115
1 29
3 9
11 3784
1 16
6 54
12 156
5 2985
2 2
1 307
24 1117
3 168
2 2
9 53
2 984
1 4
2 2
1 1011
1 9633
1 86
2 2
12 14
1 29
5 45
1 322
2 2234
1 5
2 21
1 2
1 3
1 2
1 7
1 4469
13 39
5 80
3 3
6 74988
2 2
6 7
5 37
5 30
1 20
7 7
3 3
5 1880
1 15
3 15
2 2
15 15
1 344
1 7
14 4811
1 32
13 37084
1 8
20 880
15 8036
1 2
18 234
2 2
3 6
3 3
6 6
5 130
5 548
21 109325
2 56
4 20
1 64
5 10
4 8
5 53
3 3
36 1040
6 6
10 108
2 12
1 5
1 23
2 1104
12 37
7 490
1 963
1 4
16 80
1 96
2 3062
27 103
1 267
1 3
1 4
1 2
5 6245
2 2
6 49902
9 14
9 9
1 1531
2 114
2 4
1 4
1 12
2 126
1 354
1 15
5 45
4 12
1 927
1 47
7 10738
1 222
4 1592
7 3864
15 15
19 474
3 15
6 89
66 1452
12 36
5 70
7 7
29 29
2 4
14 59
14 43
1 7
7 7
1 124
12 216
7 14
22 22
2 1176
1 17
2 2
5 5
5 85
9 9
95 2100
3 192
1 2
1 2
14 28
6 53
1 289
1 946
1 5
1 2
2 4
10 20
1 326
10 10
2 28
17 78
5 10
1 2
33 2407
2 85
25 289
11 20
12 864
7 448
6 36
1 23
20 53
2 2
1 1356
1 3382
1 3
21 17886
1 42
1 24
47 600
29 29
9 117
1 14
1 371
5 8010
9 90
5 5
2 6
7 7
4 4
2 28
1 28
2 12
2 584
11 259
7 826
1 9
5 5
19 1008
4 20
20 2265
5 320
4 43
6 156
12 12
3 3
2 124
1 294
2 12
1 4601
8 16
21 21
2 454
1 23
5 55
6 6
19 4712
1 1996
1 64
1 847
1 12
1 692
1 1707
12 12
1 553
19 145
2 2
1 2
5 24360
1 4
14 56
3 3
2 6
1 4
5 20225
1 68
1 17
1 7
1 2
5 5
1 2
2 22
1 10
7 7
3 69
38 1483
1 4
4 60
1 6
1 671
8 3542
21 5520
1 3
2 2
9 70
2 8
1 7
15 60
1 292
1 5
2 2
7 7
5 30
2 1898
3 9
13 7410
6 12
47 1626
1 16
20 352
2 2
34 1670
2 100
30 7873
8 16
7 210
1 22
2 48
3 3
3 3
1 2
3 3
9 9
12 48
1 4
3 3
1 576
8 60
3 3
2 578
1 117
1 25
12 12
1 4
8 3732
1 291
5 5
5 30
1 3
6 38
18 20743
18 166
6 6
6 36
2 2
14 43
19 2989
24 3844
1 268
12 276
14 773
8 8
18 18
12 468
5 290
2 48
12 852
12 143
3 6
2 6
2 2
1 21
1 76
1 5
5 971
2 26
24 58
1 11
20 20
2 6
18 1432
1 3
3 3
6 1086
14 14
1 587
2 2
2 2
7 63
1 2
2 2
4 4
6 24
7 28
4 17
2 38
1 34
16 1756
2 548
1 2
3 6
12 168
9 7714
7 2492
7 448
5 5
16 2572
6 549
12 1332
5 565
1 35
6 3166
4 8
6 12
32 353
1 295
5 220
1 286
2 6
15 34
3 3
5 10
9 9
2 2
20 23
9 72
1 541
1 3
6 13209
1 1973
7 14
7 21
1 299
7 34
6 2820
1 288
2 2
21 21
18 195
35 431
5 12635
2 4
1 9
5 70
18 21075
1 576
1 31
1 64
2 2
9 135
12 120
7 7
59 97
1 354
1 5
1 2
1 35
7 35
2 2
2 2
4 4
17 17
2 2
1 1973
8 72
18 73
5 1750
1 41
4 12
8 8
1 7
2 4
6 6
1 801
7 28
7 7
6 6
19 1178
2 2
4 100
1 2
1 6
5 27095
14 8022
8 5029
2 36
5 570
2 28
2 2
2 30
17 155
3 6
1 280
1 3
3 34
15 1390
5 20
10 180
1 5
5 105
9 9
3 6
7 14
1 2
5 35
1 46
11 2430
1 327
13 56
1 10
3 105
14 28
1 33
2 6
20 642
6 3763
3 3
5 5
1 10
16 9200
1 5
2 2
7 6251
2 2634
1 8
28 203
1 3795
1 1787
31 444
1 3
9 390
2 2
1 27
1 344
12 192
1 14
2 2
1 10
1 9
1 3
7 749
1 2
9 9
19 31934
15 540
1 2
1 881
1 44
20 20
1 10
1 78
2 12
2 22
10 169
4 201
3 4
4 4
1 3889
2 4
1 9
5 5
1 687
1 64
6 18
5 5
12 36
5 5
6 24
11 45477
19 44
26 1413
2 2
8 512
1 3
1 2
2 2
16 95
2 578
23 12883
2 8
12 5232
5 400
18 12981
2 48
6 6
1 2
32 30670
1 6765
1 14
2 2
1 7
1 2
1 2
1 6
1 2
2 178
19 6820
14 14
1 927
1 312
8 212
1 70
1 1482
5 5
1 31
15 27
6 40
7 2079
1 287
2 4
12 168
12 12
5 25
1 12
15 30
1 4
17 1960
12 72
2 22
1 36
10 2687
1 2
1 585
2 2
1 14
1 3
3 27
1 3
3 3
1 318
23 69
3 828
9 9
6 156
3 15
11 41
7 931
1 222
2 2
1 654
15 511
1 7
2 2
5 2915
1 3
5 7320
26 33
5 65950
5 15
20 334
3 6
42 20041
1 263
15 36
1 11
1 54
26 174523
1 7
1 3
2 2858
2 2
3 18
44 2079
5 25
7 14
1 1503
7 7
4 8546
3 58
13 14430
24 5572
6 86
20 7175
5 465
1 19
1 2
15 9942
2 59
3 33
1 6
1 64
1 2
7 15
1 2
1 302
1 2
21 49101
3 9
14 14
1 5
3 9
1 42
15 51
2 34
1 312
1 269
1 5
5 40
23 210
1 289
2 2
1 10
3 6
15 225
1 5
10 165
3 6
2 2
7 4109
2 2
12 55
5 5
2 2
15 27
2 1572
13 132
12 24
10 369
7 49
2 2
17 346
1 45
1 4
5 805
4 4
3 6
2 48
1 16
1 7
6 36
1 54
1 5
1 302
3 4509
1 290
19 41384
2 2
1 363
2 10
1 2
7 41
1 1616
37 1192
1 327
1 3
33 48
2 2
1 23
1 1999
3 32
10 58
2 10
3 3
1 4
1 5
2 1852
1 1266
2 2
3 888
8 87998
1 2074
1 11
1 5
1 37
1 6
1 3
14 25
2 2
1 3
30 30
10 1676
5 1380
1 3
1 2
1 5
2 2
24 21354
2 4
3 27
5 10
5 105
7 7
1 14
1 2
1 4
5 3590
3 6
1 15
1 59
2 4
2 4
19 6980
10 20896
1 67
11 33
11 3168
2 2
13 30596
1 115925
11 32
1 3
1 5
3 1752
1 2
3 3
5 420
12 576
7 49
12 12
4 16102
7 35
1 15
5 35
1 3
1 3
4 1104
5 5
1 349
6 9594
3 3
7 56
12 348
12 180
1 6
1 6
1 68
1 8
2 28
1 2
8 343
2 2
7 28
11 5526
12 108
3 3
19 43
16 2585
1 63
1 65
1 942
1 4
1 67
74 134680
2 1182
1 16
1 2
2 4
1 9
2 2
12 12
17 3490
12 84
2 28
1 26
7 21
1 398
1 10
3 6
2 2
30 1076
7 7
1 5
16 169
18 610
7 44
1 591
1 287
7 161
1 17
9 187
26 2528
1 558
5 5
5 10
2 6
2 48
3 38
7 1995
12 84
28 172
1 284
36 16164
13 7683
7 651
2 60
10 13042
4 136
3 3
7 8475
1 13
42 859
1 21
5 700
13 377
16 23
5 10
12 14142
3 3
1 6
7 7
2 2
6 6
1 5
1 7
2 86
2 5888
1 4
1 14
8 529
1 25
3 12
3 3
6 30
1 3
3 36
2 30
7 98
2 60
3 51
2 78
2 1336
2 2
1 4469
29 153
3 3
3 51
2 12
2 12
18 1824
9 20
2 1833
2 14
1 4074
1 3
5 15
12 60
1 389
1 2
6 74
16 80
2 114
1 2587
5 480
1 6
7 42
6 54
1 10894
1 289
1 14
1 2
1 356
2 2
1 59
1 4146
5 2455
12 12
29 208
1 56
17 4981
2 2
7 7
2 2
1 2082
1 62
2 2
5 50
2 18
12 108
2 2
1 200
6 72
1 70
1 55
1 1767
5 5
2 536
9 38
1 12
7 406
1 35
5 1480
5 5
2 2
7 35
1 2
10 49312
1 104
31 39
5 51
7 21
2 2
1 14
8 8
2 2
12 3252
21 226
1 15
5 15
7 37
39 158818
12 156
6 10
5 5
12 3000
7 7
1 296
12 48
13 3848
5 10
12 2325
5 80
1 64
34 413638
2 16
1 2
1 2
1 11
5 245
1 3
64 120
3 9
6 1475
32 1227
1 581
3 192
7 240
3 6
2 2
9 217
27 54
5 10
1 2180
6 12
1 6
2 2
7 134
5 285
43 748
1 64
5 285
1 20
1 32
4 4
1 577
2 2
7 133
1 616
1 10942
1 8
38 1102
4 44
8 48
2 2
3 74
2 14
7 35
1 3
1 26
1 4
1 3
12 928
19 95
5 5
31 994
10 20
1 2
11 55
1 3
1 15
9 12
1 390
1 7
2 700
5 5
1 1002
1 296
2 8
1 37
1 288
1 3
7 822675
5 4590
14 14
2 28
3 10
18 10584
27 133
1 44
22 52
1 5
2 4
1 5
2 56
1 158
7 42
2 2
13 13
2 32
4 4
67 1658
1 1399
3 3
2 2
7 420
5 2558
7 1841
2 2
19 99
1 39
5 15
1 3
1 144
1 15
1 2
13 14
5 190
2 8
3 12
1 7
5 75
1 17
1 56
1 2
5 30
2 2
12 1164
8 8
3 1764
2 2
1 4
1 2
26 35
1 4469
3 12
1 12924
1 1293
1 10
3 3
15 684
1 3
3 39
1 26
1 6
18 90
6 17
1 42
22 19700
2 2
1 5
15 17
3 128
1 6
1 10
1 4740
1 64
1 8
3 3
3 6
3 3
3 3
10 2850
12 24
5 295
1 24
1 926
1 5
28 37
7 18151
7 42
1 365
2 10
1 21
1 1999
2 574
7 7
2 58
3 26
5 10
5 70
1 76
10 388
1 2
2 4
12 120
5 155
5 17764
1 3
1 2
10 13728
2 16
14 14
2 2
1 2
5 285
3 126
2 2
1 17
1 10
5 5
1 596
1 3
1 135
1 5
2 4
9 27
2 2
1 2
6 21
2 2
1 147
10 216
1 3
3 3
1 2
7 14
1 3
7 15589
11 66
2 4
1 2
5 5
2 6
1 1995
1 867
1 15
3 18
1 13
61 1786
1 4
29 1980
6 30
1 152
3 7506
3 3
2 2
1 37
7 112
2 2
3 3
1 6
17 3817
7 8491
12 120
1 49
1 2
12 96
1 2
1 3
5 25
1 45
5 290
1 5
5 20
7 7
41 43868
25 69
6 30
3 3
24 939
12 468
1 4
1 2
13 13
1 2
1 285
10 1560
8 40
6 4644
3 3
3 9
1 3
2 104
7 14
1 3
3 6
7 7
6 18
28 35
5 11075
9 153
12 768
3 18
17 525
1 2
11 220
1 3
4 1489
5 675
18 18
2 13530
1 3
2 2
7 112
1 181
8 5720
9 11
12 12
55 143
1 5
1 7
1 2587
1 2
3 6
7 39
1 7
7 14
4 2352
20 14914
1 31
1 492
1 23
20 12394
7 13965
6 2454
28 441
3 12
1 6
1 327
4 1148
9 216
1 11
9 5880
1 7
1 2
2 4080
1 36
1 588
3 18
5 10
1 297
5 20
2 238
1 2
1 16
2 128
2 10
3 6
1 11
14 6964
1 22
9 4833
12 36
5 22130
2 4
1 288
1 2
3 10
1 6
1 288
4 4
1 65
12 12
5 2735
1 12
1 2
20 64436
2 26
67 1943
1 32
2 6
2 2
1 1533
8 48
1 123
6 48
1 1603
1 877
19 4794
1 2
4 24
8 4634
1 13
1 337
1 8
4 82
25 38
2 2
9 7515
5 2865
5 45
10 40
9 3930
13 1339
1 1442
12 11016
1 1364
1 5
12 324
1 2
1 35
5 95
3 36
10 100
2 62
3 3
1 5
7 490
8 16
1 2
1 3
2 104
5 5
2 2
3 6
9 9
4 20
7 12144
7 7
33 2212
10 14
1 14
5 185
1 269
18 3450
1 7
7 7
1 297
15 15
5 5
10 68
2 26
3 669
1 2
1 28
14 504
1 52
5 1270
10 59
1 15
17 170
12 36
15 57
1 6
19 25716
3 4509
3 5301
2 2
7 7
1 11
5 4390
3 3
2 20
4 7028
5 1485
1 5
2 556
1 12
3 3
3 3
1 2
1 6
1 2
13 13
1 304
9 55
1 14
1 64
4 7996
5 1770
24 13679
11 12907
8 16
1 14
15 206
10 50
4 43
12 15199
1 16
1 27
1 161
1 6
25 11456
2 2
7 14
2 36
5 30
12 216
1 13
1 2
2 36
7 21
24 19539
11 89
12 1332
13 26
3 888
12 1682
32 576
7 6727
13 8971
1 154
1 36
9 161
1 2
12 12
5 35
1 16
4 2428
1 2
1 39
5 35
1 1601
4 548
1 3
2 4
1 3
4 220
37 46
4 4
5 55
21 2085
1 6719
11 114656
1 884
1 4
15 1470
5 5
11 13
23 328
1 301
1 8
18 18
3 6
3 54
1 3
1 1996
1 2
2 2
2 310
1 45
12 96
1 3
5 10
7 14
1 26
3 9
1 23
2 8
1 15
27 101
7 56889
1 19
5 5
16 31
1 9
1 70
1 947
1 7
5 5
34 1500
1 82
24 539350
1 3
123 8525204
1 149
13 1293
3 3
1 231
1 3
1 3
17 309
5 430
11 11
13 13
2 2
2 2
1 735
2 26
32 831
12 36
1 5
12 12
40 226
5 5
20 157
2 32
7 14
1 2
2 32
2 4
1 7
5 5
2 2
7 12
2 2
5 1505
11 39379
1 303
12 451
6 12
39 1944
5 21850
5 29275
1 2
14 14
1 2
15 3575
1 3
1 2
1 848
12 72
17 3604
2 42
18 21571
2 2
1 52
18 6492
1 140
12 72
1 7
3 3
1 6
1 371
1 884
1 16
1 286
5 1855
1 3
1 591
6 54
4 56
18 1441
12 168
5 65
1 2
12 3216
1 3
3 9
14 108
7 7
2 12
1 6
1 3
20 44
20 149
8 510
1 5
26 1359
1 106
1 65
7 7
2 4440
2 1176
10 22
15 208
7 35
5 35
5 45
21 21
4 424
10 45600
6 6
6 27
5 5
1 457
3 6
1 1998
7 105
2 22
5 3725
7 35
1 4
1 75
18 162
17 8364
1 294
2 28
5 5
7 8
5 15
7 56
2 12
1 2
7 2856
2 16
3 6
1 296
6 6
1 18
1 3
16 567
5 50
7 7
12 4032
1 350
5 875
2 10
2 4
1 122
1 4
2 2
1 3
6 18
2 12
12 12
1 2
1 35
1 2
18 36
10 868
5 5
1 939
5 20510
9 10
1 6
1 301
2 62
20 20
9 21
2 2
7 7
1 127
28 196
1 29
1 14
1 6
1 11
8 26
24 1546
1 260
2 2
2 162
3 3
15 2288
1 114
14 14
18 18
1 263
1 1723
2 2
1 6
2 2
6 78
17 68
3 3
4 4
1 24
1 286
12 192
7 98
35 1219
10 66
6 6
2 716
1 301
1 349
1 14
3 21
1 11
2 14
5 389
5 20
5 70
6 6
1 10
17 17
2 36
15 60
31 8364
10 32
5 5
41 130124
1 14
1 2
1 21
7 14
4 5261
1 3
7 7
7 35
18 396
1 1522
2 544
1 2
1 2
2 2
1 254
2 4
5 5
1 31
1 1286
2 34
1 2
2 286
5 15
4 1508
2 2
1 24
2 2
12 36
12 288
2 2
3 9
22 48
1 35
1 1245
34 8153
5 55
5 5
5 3730
9 81
1 2
7 98
5 10
1 19
11 66
1 64
1 3
5 10
5 10410
1 5
3 171
19 527
5 5
16 703
1 24
1 7
1 7
1 593
2 8
7 7
1 615
11 13890
29 2065
7 49
1 1250
6 16
1 7
3 2115
1 7851
1 130
7 8483
1 354
1 10
2 18
8 441
3 6192
2 10
2 4
2 2
8 2296
1 3
4 4
4 36
1 64
2 2
5 10
1 2
7 7
2 160
1 20
1 312
7 442
5 395
7 10297
10 81810
2 6872
17 17
5 1440
1 3
17 1970725
7 7
3 3
1 2593
1 585
2 6
1 11
5 5
7 7
24 10109
29 80
5 14716
12 240
1 8
5 325
2 2
1 24
3 3
2 2
1 64
3 3
15 15
7 945
2 4
15 925
2 4
11 11
7 630
10 50
12 14
1 23
1 536
7 7
1 286
3 8295
5 5
10 10
6 48
13 65
51 352
1 3
16 32
1 1562
2 10
1 19
5 5
8 16
1 2040
1 10
1 441
5 320
7 1162
9 16
1 728
16 57
2 22
7 91
2 594
3 6039
2 42
16 16
2 2
9 337
26 26
1 2
7 7
6 351
7 84
24 120
5 690
2 614
1 4
1 2
35 106
1 286
5 5
12 96
2 2
9 41
1 4
2 14
6 18
7 240
1 2
5 5
2 4
12 108
1 8
1 58
3 42
12 300
7 42
9 18151
10 74
14 28
7 63
2 2
5 15
1 269
3 84
1 1524
1 15
4 8
2 6
1 11
1 2
5 5
12 1080
7 420
14 15
12 900
4 1755
1 15
13 13
31 39
2 4
1 4
14 1307
3 1532
2 2
24 3685
8 2980
1 286
1 2
1 296
5 675
41 23028
2 2
1 5
2 2
15 129
2 2
3 3
1 14
12 216
1 286
5 1010
2 100
2 2
4 1019
1 1687
4 20
3 1224
12 228
9 1640
1 5
3 4
3 3
1 4
1 332
1 301
1 34
1 289
2 34
8 49
2 2
2 602
3 3
3 30
4 4
7 35
5 5
2 114
5 1455
5 15
1 2
2 64
1 15
3 3
7 21
32 1450
37 353
12 252
6 6
16 32
1 6
26 38
2 16
2 68
12 672
27 20578
1 9
2 70
3 69
1 14
15 15
3 3
43 8397
3 27
12 12
15 15
5 321
5 25
2 2
2 2
2 14
1 3
6 6
8 441
1 2
10 42
5 45
2 208
4 20
15 51555
12 72
1 44
2 2
9 77
2 2
6 1801
9 112
1 588
1 927
5 2460
7 48
12 24
15 42
1 16
5 579640
2 6
5 20710
1 2
2 4
1 135
1 2
1 105
8 41038
1 766
18 2258
1 9
5 835
1 570
7 269386
20 60
11 11
8 168
2 6
2 12
6 63234
4 3928
7 7
1 22
12 24
7 196
19 37891
3 6
20 1077
21 15362
13 3674
12 96
11 15
1 4
5 70
10 243
3 12
10 90
40 1312
1 19
6 6
2 2
15 540
1 3
2 2
5 70
5 1430
4 68
6 6972
2 96
1 2
3 8
12 147
16 69
5 50
5 5
3 3
5 25
6 384
1 17
10 24
1 6
1 2
4 8256
2 140
10 976
1 3
1 9
15 1491
1 2
2 2
5 1056
16 32
1 6
13 26
9 273
13 3572
6 6
12 321
2 4
1 335
1 9961
5 5
5 10
5 5
19 1174
1 10
2 2
1 44
5 40
8 66
1 2
1 2
12 72
11 10316
1 4
1 523
3 9
2 2
12 276
2 2
2 8
1 2
1 5
2 2
12 12
2 2
5 20
1 103
22 51
2 2
7 1281
2 696
1 2
2 10
1 129
6 6
5 12185
16 195
1 12
5 5
7 76258
1 9
2 48
24 3054
1 2
35 106
7 1199
1 12
2 4148
1 17
2 2
3 3
12 12
5 5
2 2
1 4778
2 4
7 7
3 15
5 100
1 11
4 1498
3 867
19 23945
1 2
6 12
9 2135
1 618
1 4
7 7
5 10
11 891
1 3
6 26766
7 35
1 2
41 39280
21 46027
1 7
17 17
3 6
1 2
4 4
1 24
5 450
1 32
4 2292
1 89
1 693
2 78
4 1460
4 4
1 2
11 78
3 15
5 5
1 1091
1 3
1 14
5 10
1 3
1 877
1 3
6 5682
1 7
7 92
1 1604
12 12
2 8
5 280
5 443
5 5
5 655
12 12
1 6
9 147
1 290
1 287
1 14
18 6898
2 2
1 306
5 1460
35 44
7 10668
3 6
3 3
1 30
2 2
5 7515
2 2
1 3
35 2702
13 275
1 4
1 2
19 57
1 95
12 12
3 6
5 340
4 137
14 14
14 14
1 1252
1 4
1 2
13 15093
5 4635
7 29229
6 71
1 125
1 1725
1 17
10 237
18 5292
1 585
1 36
9 162
12 1332
11 576
2 2
10 17670
1 16
28 5182
6 9461
28 98
5 1200
1 268
13 468
1 2
2 18
13 975
7 49
2 2
4 24
5 3460
12 324
23 27
2 150
10 176
11 2502
15 6761
1 3
13 543
10 19
1 57
1 2
1 2
10 200
5 310
4 5
2 2
5 885
13 26
1 3
7 580
18 151
1 466
1 15
2 70
3 3
41 8253
4 2190
7 14
1 591
2 2
12 4452
1 261
3 3
1 2
17 143525
35 626
5 1435
1 2
1 22
1 2
3 66
11 11
2 124
9 27
15 77
2 26
20 60
1 8
1 288
17 23
7 14
1 2
3 4584
18 174
8 8
2 4
2 66
9 16
1 76
7 7
5 48236
1 169
14 394
1 5
1 9
1 2
1 10
1 15
7 448
2 86
1 10
12 3564
1 173
1 2467
5 3235
1 20
60 1874
1 11
2 42
1 8181
16 3591
3 878
2 19
1 64
1 59
2 18
2 8
2 12
18 18
1 2
1 3
7 7
2 2
6 12
1 17
24 1702
1 2
1 2215
2 2
1 1197
5 20510
9 77
7 7
1 98
2 4
1 22
1 14
2 12
1 22
2 2
6 24
10 289
1 4073
4 654
2 10
2 6
1 351
1 36
1 8
2 2
6 150
6 54
1 21
1 11
6 6
4 118
5 150
3 20157
7 7
1 2
2 162
1 9
3 3
1 1753
9 9
15 375
11 9647
1 344
1 289
2 2
5 15
2 2
1 6
10 106
19 1370
29 107
2 584
6 6
1 2
7 3925285
3 3
7 1043
8 88
4 4
7 77
1 3
5 165
5 205
1 2
5 4375
1 248
14 14
10 14670
13 3497
7 245
5 1675
4 4
5 30
17 17
1 13
9 207
10 28
1 13
1 303
2 2
5 290
2 14
16 16
5 3750
17 394
2 4
21 9460
2 28
7 8
2 4
7 210
1 23
1 4147
2 4
5 295
3 3
27 3631
4 4
7 175
2 4
1 1601
7 7
7 350
1 5
12 12
5 30
1 3
12 60
10 86
2 26
2 2
3 3
6 121
3 9
2 2
1 62
2 2
8 16
3 3
1 11
22 88
1 3
1 1162
12 108
1 34
1 877
1 2
20 32
10 1469
7 112
16 79
7 49
1 3
1 10
1 10
1 5900
2 2
2 4
2 18
3 3
9 12
1 3
1 3
1 575
2 40
10 30
13 14
2 50
1 6
6 12
1 8
7 7
1 9
4 7
1 57
7 7
1 3
5 40
1 737
3 183
18 50
9 18
2 2
7 35
5 12788
1 5
2 2
2 10
6 9395
5 5
1 2
2 2
8 16
3 3
7 49
1 57
17 4879
2 2
18 35366
1 322
10 2876
5 80
2 2
1 4
5 12
2 18
6 6
3 19
2 2
14 816
1 10
1 270
6 12
6 608
1 5969
7 2030
7 7
1 12
1 15
1 11
1 169
7 7
9 9
5 10
2 2
1 3
1 322
2 2
1 287
16 16
1 2
3 9
20 48
14 7087
1 64
1 2
15 321
1 5
1 7
16 22529
3 36
1 2
2 24
7 84
5 5
7 7
1 13
3 5
2 2
1 4
14 14
2 2
6 342
1 1961
1 4
1 44
7 343
7 14
1 168
7 7
3 6
1 14
1 9
1 12
2 86
1 496
3 1791
2 26
2 574
2 2
2 4
1 11
15 30342
43 526
22 12848
1 2
5 55
2 3006
2 2
1 19
9 6921
2 2
2 46
1 10
2 18
1 287
35 39
1 4
1 3
3 3
6 12
83 11201
1 6
2 8
1 2
1 7
1 34
39 20769
7 1869
10 20
7 7
1 4
6 6
2 2
4 52
67 134
14 28
2 2
19 10737
3 3
52 136
1 9
2 42
8 16
10 35716
1 6
1 3
21 35
23 5049
1 2
18 645
1 2
1 12
1 2
5 2880
1 3
1 4
12 12
36 955
2 4176
35 21509
1 17
45 22941
1 290
7 29967
3 6039
7 7
5 20
1 1757
2 124
1 885
1 51
7 25
2 2
2 7508
3 6
1 161
2 2
1 2
9 18
1 3
2 2
4 4
1 5372
1 45
3 18
3 6
1 6
15 209
7 14
1 6
7 14
17 34
1 12
36 163278
1 264
1 2557
1 22
6 384
15 7502
1 26
1 14
5 100
2 2
7 14
1 2
3 6
1 248
2 2
26 26
10 10
7 9044
38 381
12 168
7 12754
1 3
25 51600
2 4
5 50
5 725
3 78
2 6
1 3
12 600
6 3510
5 32
7 91
3 3
21 1347
26 257
5 151
5 10
1 5
2 2
3 3
23 23
10 240
8 8
18 18
1 232
7 4130
6 44
3 1072
28 38
1 32
1 1757
8 40
51 14416
1 4
1 937
4 4
2 12
2 12
5 1750
11 81
7 4088
1 40
2 14
2 446
1 158
1 304
74 89327
1 2
3 18
7 9632
12 60
1 11
9 12
2 8922
2 130
1 351
8 49
2 2
12 840
2 2
2 28
1 4
2 2
2 44
9 1169
1 591
1 1214
4 4
5 205
1 4
1 307
15 22
1 93
1 22
8 875
1 348
1 2
5 25
1 1526
7 105
2 2
17 1159
6 6
14 28
10 4920
1 2227
2 4
11 22
1 49
2 6
40 410
1 28
3 1764
1 269
4 4
1 5
1 8
2 2
1 17
6 35
4 46
1 573
2 94
2 4
9 3780
12 1980
12 24
1 3
1 4
1 45
38 74
8 4704
1 801
1 51
19 18408
12 348
27 1050
12 1368
2 2
1 37
6 27
2 2
1 326
19 658
1 2046
1 70
12 324
3 12
1 19
1 2
2 10
1 2
2 6
1 7
5 35
5 5
2 4
9 9534
21 268
7 21
2 2
1 29
1 4
1 49
1 46
10 135
21 21
7 28175
5 15
16 1138
15 1395
1 19
1 301
12 60
2 588
15 3433
1 28
6 11
42 364
1 33
15 450
1 40
7 14
7 7
2 6
3 3
5 7
5 2870
1 8
2 2
2 4
15 28
12 1164
5 30
5 10
7 14
2 2
11 33
2 128
1 3
12 12
2 2
1 64
1 8
6 6
1 2
1 10
1 6
38 3294
19 13161
5 5
5 1750
12 96
25 25
10 392
12 72
4 7012
1 4
18 1029
1 3
6 12
1 14
2 8
15 15
12 12
5 5
1 28
2 2
5 110
1 7
18 76
2 54
1 301
1 40
12 24
24 6498
1 2
17 3817
1 3
3 204
1 20
1 35
1 77
3 15
3 15
5 50
4 572
1 1528
6 42
2 2
1 354
1 136
1 35
6 8028
1 611
12 72
1 5
1 5
1 3
2 12
1 289
2 4
12 36
1 87
4 12
10 98
12 24
6 6054
3 7443
2 2
1 4819
8 8
2 4
5 1315
11 297
2 2
2 24
1 263
5 5
1 1999
12 804
26 25105
1 64
2 32
12 96
3 870
3 5922
4 1755
11 55
32 1911
1 11
11 1016
3 13110
5 1515
20 72
1 2226
1 296
2 2
12 12
5 760
5 27075
3 183
13 3952
7 8811
2 136
7 16
4 1816
13 13
1 11
23 69
2 2
10 1610
14 47560
6 6
1 877
7 7
1 42
3 3
1 3
2 2
1 287
4 8
2 2
1 2
9 4812
1 3
2 64
12 252
6 378
1 90
1 4
3 999
1 2
2 4
1 8529
2 1276
1 3
5 30
7 126
1 5
1 14
2 2
5 10
2 6
5 825
4 3596
2 2
2 6
1 2
13 32526
2 6719
6 156
1 2
1 19
26 647
2 2
1 58
2 6
1 908
1 51
31 31
1 16
2 10
4 4
15 40
1 350
13 1144
2 30
6 38
3 33
2 12
12 2184
1 11
7 7
7 4073
7 7
1 31
13 182
5 11
1 4
8 2116
5 10
12 12
3 21
1 2
4 12
5 30
1 2
2 2
2 2
4 4
2 6
2 156
10 1130
1 8
4 24
16 51
5 5
2 2
2 2
4 8
1 2
13 13
1 41
1 1999
5 5
3 3
1 542
5 5
8 32
16 48
1 1995
5 15
10 50
15 48
6 6
1 2
7 35
3 3
12 10202
12 576
2 2
1 18
2 16
11 262
7 21
1 57
1 20
7 21
2 2
3 864
1 3859
3 3
18 25
1 22
5 5
7 4021
9 22
2 6
2 2
2 2
15 22
1 289
9 9
1 3
1 1142
1 64
1 10
12 2013
1 6
1 2
1 588
1 287
23 1236
7 14
7 372
1 1467
15 95
1 3
1 3
3 3
1 5
1 6
3 102
1 2
1 5
10 45
2 2
18 35866
13 13
1 3
15 15
2 30
2 2
1 2
1 3
1 14
9 230
1 354
2 8
1 8
4 66
1 3
24 8275
1 17
8 440
1 424
5 10
8 8
5 15
1 286
6 6
9 37
15 12569
7 7
7 2023
1 1291
4 52760
1 13
1 64
1 10
12 516
2 44
2 26
5 5
19 148
3 3
7 35
2 8
14 280
2 2
13 78
1 4
5 5
4 28
14 14
10 328
12 12
2 184
2 2
5 5
2 2
3 6
2 2
1 2
2 2
5 4335
2 4
5 15
12 12
7 2254
3 11532
5 6260
5 15
1 7
8 971
1 2001
1 2
5 10
6 300
1 327
2 120
1 3
5 15
2 4
2 594
6 5670
1 13
3 3
1 3
21 112
10 142
1 1707
5 5
1 1292
1 55
16 23
3 2631
26 212
1 506
21 63
1 2
3 9
9 27830
7 7
3 3
27 25088
1 56
1 95
1 21
4 38
9 2673
1 2
14 28
2 14
2 126
6 111
2 210
37 3231
6 12
13 65
9 235
3 3
13 13
1 5
10 84528
29 16586
2 2
7 14
7 35
5 5
7 434
22 78
10 5476
1 376
8 40
1 75
1 4267
1 287
13 39
12 156
1 27
1 13
1 775
1 169
8 36
2 2
6 45
1 4
1 24
1 573
2 8
1 15
6 6
1 21
3 30
19 127
2 42
2 3534
6 6
2 3446
4 4
7 1051
1 2
12 168
4 4
1 64
2 1182
1 136
8 8
5 65
1 5
1 117525
1 4146
15 3460
4 4
1 942
1 576
1 5
12 36
1 287
1 312
7 7
5 1505
1 23
3 6
5 10
1 5
1 48
7 539
15 408
11 2064
1 443
7 140
7 4116
4 8
11 820
1 5
11 27
9 9
3 30
3 15
3 12
8 8
1 5
1 156
5 10
8 868
6 13320
6 1475
3 20
1 9
1 288
2 4
7 7
8 96
3 9
1 120
6 12
2 2
6 7
6 120
2 496
11 6072
6 18
3 6
1 580
1 3
2 2
3 9
14 1148
1 59
1 335
17 4896
2 2
3 15
2 4
1 289
3 9
1 52
1 14
1 3
4 496
5 9975
2 4
15 181
2 2
1 62
1 2
9 80
3 33
1 1961
1 3
1 19
2 2
2 4
1 6
12 132
1 12
5 10
1 294
5 5
2 2
12 348
5 115
1 4
11 248
20 115
1 76
2 6780
35 671
2 109
1 3
1 5
3 3
2 10
1 70
5 35
1 468
17 1799
1 175
24 91875
3 6
1 3
7 4025
2 2
5 5710
1 597
16 135
5 5
1 2
2 6
1 1524
1 2
6 6
31 8751
9 7209
16 3528
1 2
8 572
1 4
1 880
3 3
7 14
14 14
1 2300
2 2
1 1395
24 8604
9 259
19 155
7 84
1 4147
5 5
1 306
26 52
6 22
3 13
30 12532
1 15
7 7
1 8
1 275
10 944
1 301
1 6
1 3
2 50
15 225
6 25
7 7
5 220
2 2
2 2
12 264
1 199
3 1380
2 6
31 197
12 12
1 3
1 65
3 3
1 946
7 6160
4 1098
3 3
7 119
15 15
1 16
2 2
1 15
4 4
7 7
30 150
6 18
15 900
9 9
6 6
2 2
1 13
1 350
1 21
4 8
1 2
14 308
4 28
2 2
2 2
1 591
1 14
3 3
21 1420
2 17
2 10
2 2
7 70
1 12
17 24340
5 5
22 88
1 867
1 11238
2 140
9 45
5 225
1 153
12 96
16 155960
1 2
12 384
5 5
5 10
5 6645
1 294
6 6
2 8
7 7
2 104
1 288
1 1473
2 230
2 2
1 11
19 293
9 9
5 7335
5 1405
1 29
9 18733
1 25
19 538
3 888
3 6
7 1800
5 40
3 8
6 30
5 165
1 3
1 40
7 9541
3 3
7 1967
1 2
27 27
1 15
70 314
6 1316
1 36
5 5
1 4
5 125
3 15
3 3
1 5
1 64
7 7
1 14
7 28
1 68
2 2
2 4
5 5
14 14
6 36
6 6
2 112
8 32
1 2
7 2478
1 28
17 1493
2 40
1 64
12 636
28 86
12 36
5 30
24 6926
1 11
1 183
3 336
1 54
2 462
5 25
5 9995
45 242
1 1767
7 14
12 12
1 307
8 16
2 4
7 1883
3 21
2 2
1 10054
6 30
1 3
18 58
1 61
93 122
5 15
16 215
1 4
4 1412
3 3
12 276
1 9
1 7
1 4
1 4
1 26
1 7
1 2
1 332
6 340
12 36
5 5
1 9
1 15
1 7
1 592
2 2
1 22
2 190
1 6
1 8
1 291
52 83365
5 5
16 16
2 4
8 3519
13 28
2 12
1 70
1 176
5 15
1 16
1 2
3 3
5 9800
7 6076
65 13903
5 5
1 558
9 9
1 4375
10 352
6 84
1 291
8 808
3 3
1 2943
13 78
1 2052
4 17
6 6
1 7712
5 30
1 939
2 22
7 28322
1 287
