38 73
3 128
3 6
35 117
2 1770
6 25
5 30
1 10
2 6
2 6
2 14
1 13
21 181
1 15
32 3167
3 24
2 10
25 273
2 4
1 2
12 840
1 3
5 10
5 110
2 250
3 3
1 28
9 121
2 4
1 4
1 11
8 16
1 5
1 652
1 119
1 491
22 52
14 98
1 64
6 138
1 2
7 20
1 408
63 153
1 5
16 153
12 108
3 9
1 141
1 4
103 11180
1 22
29 16356
1 22
3 3
7 161
7 63
2 83
14 14
12 12
2 2
5 25
7 168
1 5
2 2
7 56
2 2
5 5
1 5
2 8
1 618
1 13
7 4025
21 112
1 6718
1 2
1 8
7 42
1 582
12 768
4 7
1 10
2 2
1 2
2 18
1 13
3 15
1 908
1 3
1 10
2 2
13 3497
1 584
1 947
3 3
1 939
1 749
1 24
6 18
1 599
1 8
2 2
1 2
1 2570
5 60
1 2
1 1999
1 2
7 7
16 3528
12 1408
1 14
1 276
12 108
1 2
1 487
1 25
12 12
16 32
1 10
1 10
1 595
3 15
1 4
1 36
5 5
1 35
1 4
1 6
1 2008
2 2
1 45
1 87
2 6
1 2
12 72
15 7110
18 52
18 484
19 72
7 30590
5 5
6 18
1 11
2 2
19 855
4 4
2 42
1 2
1 2
10 144
2 38
11 11
7 4073
1 57
1 2
2 2
2 2
10 1032
1 4
5 5
1 3
1 116
6 18
1 33
21 61
1 296
3 3
1 349
9 15327
1 304
5 70
1 6
12 12
2 4
7 35
18 1441
1 581
7 49
1 1758
5 3695
7 7
1 2
5 5
5 20
4 7996
1 3
7 7
1 7
2 2
2 2
5 35
20 36502
2 32
1 115
6 6
2 2
1 4
2 1210
5 5
14 280
33 459
2 64
1 19
11 2349
2 2
1 2
2 6
1 37
5 45
3 3
3 12
1 907
7 5388
4 5
37 125
1 5
7 10
4 20
14 14
6 6
1 5437
79 446
2 2
11 22615
1 2
3 3
7 77
2 136
42 7632
12 636
1 5
21 17886
4 4
12 216
3 5997
2 6
8 16
2 2
1 16
2 570
2 6
1 4
8 16
9 576
2 4
1 5
5 25
9 18
12 768
1 588
7 35
1 19
6 46
3 6
7 7
1 277
1 12
6 17
12 26772
1 276
5 20
1 16
2 21
2 6
7 14
1 19
12 12
3 18
1 2
51 352
1 2
31 5134
7 7
2 698
2 4
7 140
7 189
1 64
1 822
20 20
17 24340
40 2050
9 252
12 12
5 1755
5 5
1 15
2 2
3 6
12 2670
1 2
12 636
1 44
7 105
12 60
1 137
5 10
1 42
18 70
2 2
6 20
2 1174
7 1869
7 63
2 2
1 3
2 4
2 4
1 294
2 36
1 888
7 7
6 614
12 120
3 3
3 9
9 9
8 4631
5 10
10 26
2 2
25 109
9 5040
16 119
3 874
5 8765
1 2
10 2175
2 2
5 130
1 4
17 349
19 3474
5 8010
5 185
3 12
13 143
5 5
2 16
10 56
1 4158
1 9
3 3
16 703
6 18
7 35
17 383
12 432
44 7285
2 2
7 28
13 1924
6 1430
1 5
4 4
4 4
1 4
7 7
1 287
10 176
33 48
3 26
1 2
2 8
17 17
5 5
7 49
1 5
3 45
1 15
1 23
1 2
2 2
5 15
18 845
13 560
1 6
1 16
1 5
7 35
5 25
2 22
8 8
3 21
1 1503
1 7
2 60
2 2
6 126
1 3
34 8133
24 2049
2 586
5 15
13 26
1 553
3 3
19 1344
7 49
21 27
5 1280
1 14
1 58
6 18
1 6
7 1008
1 867
12 24
1 14
13 275
2 8
7 42
5 285
1 2
6 253
1 2088
1 4
2 12
7 210
6 3528
3 3
2 8
11 20
5 10
1 32
12 12
1 6
26 403138
9 4879
1 1166
8 8
1 4
1 103
4 56
1 288
1 31
1 587
12 3612
13 156
2 574
2 2
3 7607
1 4
4 28
15 435
6 6
1 5
2 22
11 3201
2 26
1 301
1 58
2 4
7 63
2 4
4 4
15 1860
6 24
6 78
3 15
4 24
27 42
2 26
2 1792
13 13
1 15
1 5
1 5
1 1688
7 6160
10 106
6 3570
1 8
2 4
8 35
14 36
3 6
1 9
1 19
2 462
3 3
1 139
4 4
2 2
1 96
1 2
35 39
1 547
42 1335
24 168
26 1538
1 716
1 2
7 1617
6 48
7 7
1 3
10 10
1 2
1 3859
14 4643
10 57195
1 2
7 60
2 8
1 13
2 6
13 13
1 17
4 36
1 584
5 10
23 92
5 5
1 5
2 8
9 943
1 2
12 48
2 4
2 4004
1 1995
4 48
1 3
1 8
1 3
1 6
14 5553
8 48
1 3
3 3
2 4452
10 68
1 65
1 35
1 588
2 6
13 312
10 1610
18 36
2 8
42 3912
1 27
5 5
14 56
2 6
1 12
19 325
6 5022
15 126
2 2
4 32
1 637
1 11
5 35
1 10
1 11
6 3166
30 12523
2 8
7 259
19 18518
6 24
1 27
13 182
5 10
2 18
7 7
10 62
11 13890
2 2
1 14
1 2
1 18
1 941
5 192
7 7
13 86
1 11
1 4305
6 3438
7 1051
1 4
2 72
6 2403
37 10482
1 3
1 289
12 36
1 1162
2 1120
1 293
20 5824
12 12
1 18
1 877
17 4879
1 12
2 2
2 2
2 4
16 35
31 52099
1 22
2 2
2 2
14 18
1 19
9 9
10 36
1 597
1 15
21 2085
4 56
3 3
5 45
2 124
6 24
49 78
12 636
11 132
13 65
5 10
1 5
1 4
1 140
15 542
1 29
2 12
3 3
1 4642
1 21
1 16
7 140
1 297
12 12
1 2481
5 5
12 96
1 12
5 5
66 7416
4 60
14 43
7 35
18 35866
1 63
1 42
13 39
1 4375
5 17939
5 5
1 62
1 26
4 8
9 11
27 359
12 5232
1 395
5 15
3 6
2 4
7 8517
1 254
7 41
8 70
6 20340
2 2
17 272
2 4
1 34
30 30
22 337
1 67
7 128
1 596
8 16
5 290
6 549
5 450
9 182
13 65
9 9
10 4846
1 3
8 8
9 12
7 14
6 36
20 92
17 170
1 50
6 138
5 5
3 3
1 20
1 3
1 4
5 5
12 12
7 7
34 31023
8 8
1 334
10 2850
1 20
1 15
2 12
2 56
14 8022
1 24
3 102
2 2
2 2
18 10075
1 4
15 2336
5 10
2 2
1 87
18 1152
1 2
2 2
35 2702
5 30
5 465
1 2
2 8
6 6
6 8802
20 317
18 422
2 2
10 477
7 14
13 3990
1 71
1 882
1 71
7 7
3 867
23 215
9 9
5 5
24 940
2 592
1 6
1 303
17 25
1 81
2 18
1 7
1 5
6 6
18 7592
8 77554
2 4
1 280
3 3
15 15
1 2
3 3
1 60
1 24
1 2275
12 348
2 14
18 593520
9 845
2 2
5 15
1 1162
2 4
1 11
7 2009
5 2385
1 3
1 2
28 28
1 134
23 5049
3 18
1 36
1 4740
5 1770
5 1815
3 7
1 3
7 35
1 4
1 3
1 29
1 289
2 146
1 6
1 2074
5 725
5 5
3 21
2 8
2 2
10 311
1 2
1 981
1 16
31 31
20 32
1 6
5 780
5 1734
2 14
1 3
15 181
12 276
1 31
2 18
2 4
6 6
4 4
3 3
1 8
2 6
7 28
1 6
11 6737
5 1515
1 335
1 31
11 81
3 6
1 2296
1 5
35 1138
10 10
6 12
5 281
9 18
1 5
7 13
17 82
1 64
1 739
5 10
1 2
21 24461
2 18
2 2
2 702
21 4068
1 2074
4 4
37 220
1 154
1 390
1 2
1 4
1 10900
1 2064
7 7
10 146
12 1164
5 1430
5 20
20 60
17 4896
8 440
13 13
5 2885
5 5
9 9
3 3
1 2
2 2
12 12
12 96
20 3327
7 1967
1 11
5 1560
2 8
1 41
4 4
16 18
12 24
2 801
1 2
1 585
11 1893
18 1045
5 4475
1 33
5 10
5 267
1 9
5 11125
7 7
24 2996
1 296
12 39
7 70
1 335
27 411
3 1046
11 22
2 6
18 707
7 7
1 7
14 504
6 264
15 60
1 304
2 304
2 4
1 78
7 7
2 17
36 16164
5 110
1 10
1 274
5 275
1 9
1 78
1 1362
12 840
11 21989
2 4
5 5
3 3
6 54
1 37
5 25
11 276
3 3
2 2
1 44
1 23
2 566
10 90
4 24
3 45
2 228
2 2
2 4
1 2
1 5
3 18
7 7
2 6
22 120
2 2
2 6
7 14
1 1604
1 2
2 6
8 11
1 2
11 1025
20 153
1 580
5 6460
1 335
7 7
3 3
6 36
12 24
1 3
2 12
1 2
36 172
10 104
1 838
1 17
1 297
6 6
6 6
1 58
5 2865
1 4
9 77
3 12
1 6
6 7
2 10
4 5172
1 140
1 1995
3 3
1 2
2 2
2 2
6 72
2 2
7 14
2 44
1 14
1 16
1 741
5 40
6 6
1 1602
3 6645
1 19
1 818
4 4
4 10008
1 141
16 8624
5 25
1 11
3 69
1 2
5 21850
7 574
19 43
1 366
1 2
1 62
2 8
2 2
34 413510
2 138
5 85
5 170
5 11205
1 2539
1 58
5 20
2 2504
3 3
2 30
5 5
3 6
1 3
1 322
5 165
1 940
1 13
7 7
15 95
19 2225
1 757
3 3
13 13
1 654
6 6
2 8
2 4
1 2481
19 11662
1 22
2 16
2 160
2 2
10 475
10 9490
7 11816
1 289
6 6
2 2
1 3
13 13
11 767
6 24
1 50
14 236
23 46
46 1332
1 90
5 10040
14 14
1 324
1 28
40 21421
1 283
4 527
2 2
5 60
1 5
1 37
1 17
2 524
6 7054
1 5
7 14
1 22
5 10
3 3
1 731
6 7
5 1275
3 3720
2 2
1 2
1 302
1 5
4 104
3 3
2 3534
1 3
1 588
2 9312
3 74
5 5
2 2
1 2477
2 6
3 6678
2 3446
26 686
1 55
1 33
1 2
3 3
2 4
2 2
1 173
12 12
9 153
2 2
8 441
47 719
1 9961
7 30975
1 7
1 4
31 27953
1 22
20 20
19 149
1 908
59 97
7 27
10 100
1 3
20 799
5 60
6 6
2 26
4 4
1 583
1 2
5 4535
1 3387
5 280
15 38835
1 2
1 1767
10 60
7 7
17 58
1 124
1 1480
2 2
11 11
3 9
9 18
1 508
1 2088
2 4
36 602
19 155
17 3904
1 219
1 5
3 9
2 4
5 75
1 6
1 4
1 885
41 43877
4 1040
1 1950
16 16
9 9
7 7
1 3
1 389
39 3411
5 2895
12 12
2 2
3 3
1 596
2 2004
1 24
12 1679
7 7
2 2
7 14
5 5
2 2
3 30
12 228
14 372
10 68
5 5
1 240
9 9
45 242
2 1656
3 3
19 41383
1 156
5 1515
5 1015
24 9042
12 120
1 205
1 588
1 2
52 448
1 498
7 14
10 50
1 2
7 14
9 261
1 2
3 42
9 225
5 10
15 803
5 5
9 27
7 7
10 264
1 172
1 5
1 2671
3 36
6 6
8 16
63 63
10 30
1 15
22 46
6 11
1 1599
7 14
20 28781
24 6506
8 91
9 9
16 215
7 14
3 15
7 7
74 89312
1 10
9 106551
1 80
19 786
19 9383
1 2
1 5
1 15
2 548
23 12882
5 6
2 12
2 2
1 29
12 24
8 40
2 24
1 1142
14 14
1 82
1 9
7 7
8 2408
1 286
7 5187
3 3
4 4
1 344
1 8
1 524
7 40
17 48158
2 2
2 2
1 2
2 2
1 67
8 72
6 24
4 32
1 391
9 36
1 4
3 6
21 233
11 90
2 1158
2 2
22 110
12 2988
7 1778
1 16
1 201
19 8541
2 88
2 2
5 1440
1 14
1 5
6 42
10 281
25 36
8 2296
6 426
2 596
1 4
8 8
5 5
2 8
2 78
3 3
59 162
3 5295
6 6
2 4
30 30
21 21
11 18
1 64
12 768
21 294
1 492
15 45
29 29
1 67
14 14
3 3
2 4
14 56
7 267
8 120
10 10
1 40
5 760
24 60313
1 94
5 2460
2 2
1 2
2 10
2 12
3 1224
7 3925901
6 6
12 708
12 156
10 10
7 12754
6 18
7 243
39 240
7 7
6 6
5 9810
2 2
6 1581
2 1218
40 1924
3 12
1 27
4 844
31 10520
1 2
5 10
3 6
4 4
1 3
1 10
1 2
1 3
2 86
1 3
1 574
5 4211
10 218
8 19816
67 1658
1 2
6 84
7 7
20 40
1 1303
1 15
2 126
6 17
1 2
72 90
17 1493
1 2
7 7
11 100
2 4
6 1475
3 6
3 3
8 3479
1 3
1 6
5 36
3 6
2 6
1 52
1 303
1 5
1 5
1 70
12 12
1 4
19 799
6 12
1 286
16 16
16 199
2 2
1 2
1 1265
7 7
13 14378
7 7
1 13
1 75
1 398
11 1551
18 50
2 2
1 36
7 448
1 94
16 25
7 763
19 1987
29 88
1 2
1 2
1 25
1 2
9 19
2 6
5 10
1 1600
1 80
1 103
5 2015
12 12
34 294
2 2
41 2334
6 6
9 39
3 3
4 4
1 45
1 7
6 18
11 12983
3 336
1 6
1 23
1 34
5 150
6 7951
14 42
11 22
2 64
2 6
19 1178
1 4
2 32
5 5
6 30
20 14914
1 45
2 2
18 1824
2 38
1 6
6 6
1 10
28 35
18 640
4 23544
6 6
12 120
2 3998
5 285
2 240
18 32997
2 6802
2 2
13 4238
4 40
7 20
1 2
7 7
1 2
12 876
12 276
2 130
12 96
5 12
1 2
29 42
8 638
5 325
18 18
13 26
25 30
31 58937
1 3
7 1841
6 138
18 54
1 158
2 2
12 12
2 32
1 326
1 2
37 664
12 24
5 5
22 301561
1 2
5 3655
1 296
1 335
3 3
1 53
5 4425
2 50
1 3
3 15
10 20
1 131
1 2
7 245
1 3
1 1528
10 630
1 2
1 1020
7 7
13 30596
2 8
1 9
7 14
16 80
1 18
1 9
5 3460
2 20
1 4
1 268
12 192
2 2
10 80
1 6
4 256
16 3645
12 348
5 22
15 54
13 42
9 31
12 3861
1 2
12 840
1 49
3 3
7 42
123 8526416
5 65
6 24
1 6
2 24
5 80
24 1529
1 7
10 130
2 48
1 18
1 3
1 159
19 1174
1 1768
3 54
1 148
6 30
6 6
6 6960
1 231
1 1329
3 3
12 168
2 2
1 2
18 270
35 4200
3 906
5 5
7 7
1 764
13 39
1 5
1 32
3 3
1 3
15 974
1 64
3 6
10 74
1 25
4 8
2 2
5 55
1 6
3 12
5 25
2 2
24 20940
14 14
1 2180
10 135
14 14
2 10
8 3542
11 33
5 50
2 4
1 587
2 2
2 22
5 7515
1 89
1 10
2 1424
16 41
2 4
3 12
7 240
2 4
10 2496
8 24
1 5
7 6174
7 35
2 2
5 10
1 2
6 12
29 29
1 3
3 3
15 1470
1 3
19 351
3 6
2 2
2 12
2 24
2 1082
1 289
1 2
4 16
2 16
1 32
3 9
24 147
7 7
1 39
9 1015
18 18
1 37
5 5
10 216
18 5575
5 10
11 501
9 9
5 35
1 2
1 2
5 5
2 1776
17 4981
13 23
5 5
1 50
1 4
5 805
15 1050
9 5949
2 2
10 8374
2 558
2 2
1 4
2 6
3 3
4 24
7 63
2 124
1 16
16 16
6 6
12 12
1 3
13 286
2 32
1 1117
7 14
1 828
5 5
2 6
1 12
17 394
2 38
9 18576
5 30
8 2808
1 287
15 23109
47 614
12 629
1 2
9 145
6 12
11 26923
6 5304
1 289
2 12
7 196
1 115893
2 10
2 38
5 5
7 161
2 4
24 13156
2 8
1 401
5 5
1 2
1 46
1 8181
2 16
12 84
3 6
2 2
4 92
5 5
1 7
2 32
10 7868
1 7
2 2
2 2
11 15
1 7
2 12
2 6
3 183
5 42
3 864
3 6
3 8
17 425
15 258
1 377
2 10
19 12448
5 5
6 22
6 16
1 882
1 2589
16 4617
9 11
12 672
6 1722
7 7
2 4
1 2
2 26
1 290
20 40
1 4
14 14
1 371
1 14
31 24801
1 7
1 3
10 20928
2 10
7 7
1 2
29 107
2 2
7 98
1 289
8 5720
1 25
6 3528
11 22
1 87
1 261
1 3
1 2
1 5
2 6
1 4
23 328
1 58
5 621
7 16
10 2834
1 13
19 25924
18 3718
2 2
6 56
12 2184
1 8
1 11
2 2
14 266
10 10
1 591
3 15
1 4163
12 276
10 10
1 134
6 12
2 2
11 628
15 63
1 6
1 5
7 21
21 21
7 98
1 9
1 3
1 6
2 64
10 12
2 16
1 3
1 3
1 9
1 2
1 301
1 4
2 32
5 6240
1 62
1 45
23 111
7 133
3 9
2 4
2 2
1 2
1 49
1 5
2 6
2 2
2 2
3 3
9 187
2 2
20 64391
1 3
3 878
1 70
1 17
6 9606
1 4163
7 448
1 6
1 427
1 451
3 3
9 9
17 25902
1 9
2 2
1 5928
4 12
2 2
1 20
8 54
5 5
16 64
8 8
1 2
6 6
6 12
3 33
1 1976
11 2430
21 128145
1 287
11 650
11 32
1 10
1 349
1 2
5 700
1 4
3 3
1 72
20 20
9 18
7 29229
2 588
1 545
5 320
10 11696
5 80
1 10
40 226
3 9
1 151
1 6
1 25
18 165
5 5
7 63
1 10
1 5
376 1715
1 7
29 23377
3 3
1 33
1 287
3 9
5 30
11 11
1 15
12 384
1 89
12 84
1 4
2 2
1 587
1 44
1 1595
20 48
1 3
3 9
2 6
9 9
3 3
3 459
1 4
5 100
18 189
13 1144
8 2280
3 12
19 5986
6 6
12 1026
10 50
12 36
2 2
1 301
1 4163
1 1997
5 10
2 8
1 877
2 100
12 37
1 3
1 42
3 3
6 62064
2 12
2 2
1 459
13 3705
14 14
33 52626
1 31
2 59
5 100
1 2
1 10
12 2016
17 45
7 28
1 36
4 6012
1 6
7 16
1 28
6 54
4 4
5 2935
3 9
1 16
3 1047
5 100
64 480
2 3664
4 8
4 36
1 14
14 572
4 256
5 35
19 167
7 7
1 3
1 6
3 10
5 30
9 207
1 2
5 10
9 12
18 18
2 4
15 60
2 4
3 9
1 289
1 553
9 16
8 248
7 14
1 19
2 2
7 7
1 3
2 2
2 12
6 6
6 1475
24 1680
5 5
17 84
16 9200
5 5
1 6
1 3
13 13
4 12
1 10
2 2
16 19
1 5
1 3
1 10
7 70
1 270
5 15
1 150
5 395
1 6
5 700
12 2064
5 5
1 1973
15 26612
15 15
1 2
11 473
4 160
1 535
5 15
7 21
2 80
2 30
2 82
3 6
2 2
3 3
12 24
9 9342
1 1723
5 5
1 20
9 27
21 57
5 40
2 10
1 143
10 18
2 4446
1 587
2 2
7 91
37 87
1 3
1 2
1 884
26 26
2 2
2 4
1 882
1 354
1 15
2 12
20 24008
12 3000
1 2
32 109
2 4
3 9
5 20805
1 1995
18 174
9 9
2 2
7 343
2 54
1 36
12 48
44 1040
7 112
3 1764
1 16
1 44
5 15
9 126
6 44
7 14
1 5
16 16
1 26
1 2
2 2
2 38
5 8
1 57
2 2
1 1236
11 990
1 20
9 147
24 539191
1 15
20 60
2 144
3 18
1 354
33 2180
2 2
1 1604
2 2
4 109
8 168
2 2
12 2004
1 18
7 7
6 20
4 528
1 57
1 4
17 155
37 3231
1 6
1 8
20 20
1 3
1 13
3 1721
2 136
5 5
17 1735
12 36
36 1040
1 13
9 55
2 2
3 36
2 4
1 2
3 1072
1 23
2 2
5 85650
5 1795
5 5
1 2
2 2
40 372
1 939
1 900
6 41
1 2
1 7
13 13
2 4
6 6
8 1258
2 610
5 35
2 7
1 62
2 4
1 4
2 2
9 9
23 27
1 19
16 7027
18 145
5 1755
2 199
6 48
5 115
4 52924
14 14
5 895
4 73
1 5
5 15
10 58
5 50
19 1351
1 16
2 54
1 377
1 6
3 3
4 4
1 2
1 2
7 35
7 7
15 311
2 1754
1 301
6 24
1 6532
1 28
1 2229
7 1883
45 3355
1 14
2 2
6 24
1 14
3 997
2 430
5 5
2 6
1 2
2 48
7 7
5 2455
1 296
5 5
7 147
1 3
3 9
1 20
7 18123
3 6
5 1755
1 28
7 1988
2 2
25 11484
9 2655
1 2
1 553
6 551
1 1963
2 16
12 12
18 9026
14 28
26 1413
1 10036
1 552
6 6
1 2
1 939
1 288
1 2
1 4
3 10
7 14
5 30
12 892
1 1524
15 26
1 23
7 28
6 90
5 5
2 6
17 349
3 15
3 2115
1 4
1 2
7 7
12 276
2 2
7 35
5 2930
6 84
1 12
9 24
1 3
1 16
1 1503
1 42
19 38
2 2
7 7
1 7
19 3166
2 2
1 803
43 2521
7 14
1 1275
1 4
4 4
3 999
3 2631
19 4320
1 13
1 3
7 1281
5 880
1 21
6 18
6 6
1 440
2 2
6 6
5 15
3 30
6 6
1 25
14 14
6 12
12 10915
2 10
9 7693
13 78
7 7
1 269
1 2
5 5
15 32348
1 4
7 3409
2 1884
1 3
4 4
1 264
2 6
1 153
1 294
7 7
6 120
67 1943
7 23
2 2
5 20780
2 60
2 6
2 17
10 30
15 314
2 2
1 291
10 35684
12 24
2 6
1 2
2 52
1 10
12 59
7 7
15 75
1 33
1 23
1 5
14 28
5 5
2 2
17 15310
21 21
1 4
5 10
2 2
5 115
5 155
7 91
1 3
1 2
9 2421
2 4
6 25994
17 28
26 2504
5 30020
1 2
1 7
1 1523
12 84
6 1716
2 2
5 4805
5 6985
1 654
1 2
2 74
2 2
10 10
1 44
5 450
1 15
1 3
2 2
1 19
7 448
40 590
7 14
3 3
6 6
5 47
3 7761
1 68
8 16
1 2300
5 200
5 1755
6 6
1 97
1 253
4 4
1 11
1 35
7 350
21 1448
5 5
12 147
1 3
16 80
2 2
11 32
3 3
1 408
5 25
16 19842
3 32
7 6594
3 6
1 4
7 189
1 219
5 10
10 1506
8 8
15 60
1 2008
12 72
10 10
2 4
11 11
2 10
2 12
1 5
1 4
1 9
8 1346
7 7
9 189
22 1528
5 1380
14 18
2 2
3 6039
7 49
15 225
5 5
6 35
33 166
1 3
4 8
2 584
15 164
1 2
4 2190
9 9
2 4
1 2
4 218
14 6552
1 4
1 11
1 49
5 5
5 20
1 49
3 6
5 5
1 1996
3 3
5 25
2 2
5 1655
12 12
1 20
2 2
5 655
1 323
2 2
1 783
1 2
1 1011
1 573
21 42
19 786
2 6
2 2
1 52
6 342
4 109
1 2
1 12
9 2142
12 12
5 5
11 22
1 2
1 260
5 5885
2 2
2 4
15 25320
12 216
1 5
1 15
16 32
1 14
7 7
15 15
17 309
5 21525
1 340
7 70
20 372
18 166
2 2
15 63
2 588
4 8
16 135
4 4
12 12
2 14
1 1341
2 2
1 640
1 11
10 84
2 2
5 6645
1 6
8 2116
1 34
12 132
3 3
3 3
1 3
5 5
4 16
2 2
5 4695
3 24
2 128
2 366
4 4
2 18
12 504
3 3
1 1804
1 8
1 2
1 584
1 2637
7 756
2 16
5 10
1 288
9 11
17 544
12 55
2 4
17 6781
1 29
4 12
2 32
54 1752
5 15
7 21
1 3
1 5
2 2
1 35
3 8327
1 11
1 5
1 305
1 592
1 64
6 3510
2 12
1 697
1 20
5 20225
12 60
2 46
1 7
1 1999
1 19
3 1635
12 324
1 22
2 2
2 2
7 49
6 12
1 2
1 2
12 868
9 135
2 106
1 3
1 246
3 6
19 44
20 103768
4 10
8 8
5 55
3 12
1 7
24 8604
1 8
12 12
2 2
3 1359
10 60
1 2
1 301
1 2
6 7722
1 11
1 1533
18 2109
5 5
1 64
1 1524
2 8
1 58
5 10
2 12
15 2816
7 7
5 295
2 4
9 520
1 6
1 2
3 9
6 6
2 574
13 13
2 2
20 28
1 2
5 105
1 4
5 10
1 2
1 23
1 5
1 6
7 7
3 3
3 3
15 68310
1 391
1 1020
10 30
3 1674
1 6
5 25
2 4
52 1295
17 3839
1 592
7 42
3 3
13 39
12 72
7 7
5 20
5 465
6 9245
1 3
1 3
16 390
2 2
2 1492
14 14
7 2737
15 6589
6 86
1 3
1 582
17 21964
1 1039
7 7
1 2
23 1236
1 7
21 475
2 2
12 120
4 980
1 15
1 11
1 591
1 264
1 2
2 6
6 6
5 15
18 6500
8 88
2 2
19 38
1 7
1 297
1 19
4 12
7 7
4 12
1 573
3 888
1 8
12 2201
1 10
5 20
2 2
6 6
3 3
5 74
5 115
1 1480
2 180
39 20769
1 15
1 3
2 2
32 406
1 4
5 5
5 14
5 15
1 6
1 307
1 1999
7 21
12 84
1 6
14 28
23 147
1 6
2 2
2 6
5 15
26 1431
19 24041
2 4
2 2
13 208
36 846
5 5
1 264
1 14
1 80
1 885
1 3
1 50
3 6
11 17
1 22
1 8
13 158
7 1242
1 7
1 3
7 4060
1 881
1 3
7 811251
1 4164
7 21
7 3508
5 21090
2 12
9 9
5 5
1 5
5 135
34 1670
7 112
2 9312
1 286
14 17
11 12375
22 22
1 5
1 36
1 3
17 349
15 59
1 3
5 40
4 12
2 10
3 6
7 7
7 14
2 8
1 2012
17 34
3 3
5 10
2 2
20 344
2 8
1 61
6 162
1 13
1 6
1 5
2 1164
1 5
26 9798
1 5
12 876
1 2
1 22
2 2
8 8
1 11
10 10
4 43
8 76
1 25
1 5
2 12
7 42
13 247
1 20
2 4
1 64
1 16
15 15
2 3538
21 63
2 32
3 3
9 70
3 4
3 3
8 990
2 584
6 6
5 20
2 18210
2 4
5 5
7 7
1 25
1 5
1 327
1 4
1 492
1 311
7 21
2 2
14 14
1 7
2 2
16 24
7 840
7 2597
1 2
8 40
1 286
3 14
2 6
2 38
33 911
1 19
11 6804
11 1879
1 3
15 42
1 17
5 5
12 348
5 5
1 542
13 34
3 9
14 14
5 12793
1 2
5 5
15 2112
1 19
5 15
27 20572
2 2
2 6
1 58
1 6
2 2
2 2
3 3
12 84
6 12
5 32
1 2
3 3
1 5
1 5
1 2
1 58
1 3
2 4
12 468
1 8
3 3
2 76
7 56
4 16
1 11
6 36
5 1885
13 13
1 16
7 175
5 220
12 60
11 1747
2 102
30 1307
2 2
7 49
2 14
1 2
2 20
5 5
2 2
2 2
26 67
13 14
2 90
1 312
1 2
5 5
7 10920
18 5292
12 48
1 44
30 63
5 10040
1 29
1 8
1 74
6 12
9 252
2 10
3 39
13 13
6 38
2 218
17 8835
1 32
3 5301
1 270
12 24
1 2
10 20
1 5
1 2
6 6
2 10
39 76
3 3
1 14
9 9
27 4800
5 1885
7 33
16 48
2 1274
1 3
8 63
1 2524
7 14
3 3
1 327
1 895
1 20
1 90
1 295
1 581
1 535
7 21
3 6
5 42
18 18
7 381
2 3056
2 10
5 30
5 65
2 415
7 7
17 4862
2 2
2 14
1 64
15 40
1 289
1 11
1 2
5 130
5 325
12 60
3 3
12 168
13 1016
1 1467
1 10
2 2
2 5274
5 2675
1 43
2 6
1 32
12 12
14 56
41 8253
29 66895
6 11
10 240
3 3
1 1148
5 5
2 2
12 96
1 2
3 201
6 12
1 288
2 2
7 170
6 6
5 15
10 10
10 20
1 26
2 2
5 1440
13 312
1 11
3 3
1 33
1 76
1 9
1 128
7 35
1 5
1 11
28 1634
5 110
6 54
1 144
5 20
12 852
5 5
2 6
12 8000
1 7
9 235
12 60
2 2232
1 14
1 4
18 36
2 1280
15 15
3 9
1 3
2 2
7 7
40 1982
1 3
2 8
10 45
2 2
9 12
6 12
12 180
1 5
6 66
5 30
7 28322
5 1665
15 225
6 47
12 168
1 19
2 10
19 155
7 2002
7 7
4 36420
1 3
1 407
7 7
1 2
1 26
2 2
2 2
12 216
11 220
2 10
11 66
10 14670
13 149
6 18
1 33
12 15201
10 308
10 448
12 12
1 441
1 1996
1 3
1 86
28 42419
11 17
3 3
1 29
5 5
12 84
5 30
3 3
1 2
2 4417
2 73
65 132
1 64
2 2
1 16
1 3
5 25
1 3
6 36
3 39
2 8326
19 12915
15 217
8 8
11 576
1 30
6 12
11 19
3 3
10 10
7 448
3 3
1 145
8 410
3 6
1 16
26 25331
8 8
1 62
5 10
3 30
5 615
2 140
3 3
1 13
5 95
13 13
7 41
13 13
1 6
1 2
5 5
1 32
4 4
3 9
3 3
14 41
14 43
1 5
8 4198
5 2120
5 10
22 275
2 77
33 111354
10 540
16 82809
5 5
5 10
3 168
35 1219
16 16
1 474
1 2
21 474
1 4
2 4
1 2
5 5
1 2
66 124
1 3
2 6
1 2
1 86
2 1980
1 17130
1 1528
1 14
2 700
5 1755
7 145
1 7
3 4
7 70
5 10
1 3
16 69
1 949
20 12394
5 30
1 11
3 36
14 14
1 4
4 4
7 84
1 9
2 2
1 144
1 44
14 2614
1 1996
2 2
2 2
1 140
6 1320
16 686
1 2
23 22473
3 9
1 587
1 7
26 38
1 232
14 4018
18 2430
1 23
6 36
23 29
1 2
2 8
1 15
1 1525
2 6
12 84
2 2
13 233
12 12
2 40
4 9800
5 10
10 15
5 5
1 304
2 2
1 867
1 64
2 116
1 2
5 10
12 864
5 5
1 76
3 3
6 62
1 69
26 1257
9 9
1 5
2 2
9 39058
1 4
7 539
2 48
1 10
2 8
1 2
8 56738
1 72
7 28
1 2
1 4523
12 1164
5 60
2 10
1 94
13 13
1 543
2 4
1 288
11 45483
4 24
11 2800
1 16
7 7
6 12
2 2
2 2
1 1383
2 58
12 1080
5 10900
1 5
2 104
1 64
5 15
2 82
5 25
16 19592
1 6
2 2
3 9
2 26
2 77
2 2
5 25
2 8
1 47
15 495
12 24
2 8383
1 366
1 19
5 15
29 11415
3 39
10 90
1 2
17 51
11 11
2 8
5 60
2 270
3 18
13 13
2 2
12 12
4 1776
1 4
1 4
1 8
39 1312
5 130
14 1148
16 22875
6 8
2 180
8 12024
3 15
6 3726
1 1054
1 2
3 3
1 60
2 2
2 2
9 162
1 15
2 102
5 52
24 71
1 4
1 292
37 125
1 117493
1 13
1 3
12 276
2 67
1 10
5 40
59 890
12 72
2 2
12 324
1 290
1 1292
5 10
1 2
3 9
5 1275
5 320
2 4
18 798
5 4335
7 7728
13 3731
1 2
9 3930
6 18
1 14
2 2
2 1816
8 903
1 107
1 2
3 186
12 48
3 123
7 14
1 24
2 10
5 30
1 19
7 525
29 73845
7 750
7 7
5 10
30 30
2 6
1 20
24 21365
12 36
12 60
20 118
4 4
2 776
2 4
12 12
1 3
2 85
5 1485
1 121
17 3817
7 6622
1 1256
1 6
2 22
3 3
5 89
15 15785
15 20533
1 2
5 5
14 14
2 30
7 7
1 55
2 2
4 4
1 592
8 324
9 50364
2 2
2 2
1 21
29 17310
6 14
6 16
3 84
4 5261
1 14
4 4
9 56
2 2
2 2
1 23
5 25
2 4
12 24
1 2
6 6
16 31
5 510
16 1138
1 286
1 10
1 2
17 347
1 268
9 4824
7 7
6 60
8 9459
1 421
1 2
2 8
2 68
30 674
5 515
2 2
4 4
1 34
1 8
2 4
9 144
13 288
93 122
1 944
1 2
1 15
2 2
1 2
1 13
16 1551
1 5
1 2
1 37
1 2
2 6
7 7
1 4
3 6
2 34
2 232
5 5
1 6
2 2
10 10
12 13008
7 13986
1 62
2 86
5 5
3 6
1 2040
1 16
4 1866
1 16
9 9
7 8495
2 2
6 6
8 70
1 64
7 7
15 34
9 153
1 5888
4 4
6 6
15 15
1 361
15 465
1 11
7 15260
10 1330
7 7
3 3
6 6
2 40
1 942
5 160
2 8
2 4
20 15986
1 466
5 115
9 9
12 216
2 2
1 2
2 130
14 206
2 8
2 2
6 6
20 1526
2 2
1 2
7 469
16 32
1 288
29 29
3 3
3 9
1 102
24 24249
4 4
3 3
2 28
1 8
1 2
3 9
5 2370
2 2
2 4
1 23
2 2
1 7
1 62
35 38832
1 2
9 117
1 2
14 23
2 2
7 7
1 6
2 3446
3 27
9 182
1 3
1 13
5 290
4 4
1 11
5 70
6 342
5 145
3 9
6 6
3 6
1 376
1 286
10 5700
6 12
11 1016
14 3129
7 14
10 18
2 548
1 2670
1 40
2 6
1 43
1 1602
1 5
2 18
1 11
2 4
39 76
2 3840
1 3
12 24
1 10
1 9
3 15
1 2
7 7
7 42
42 701
1 7
11 70
12 588
2 2
5 5
10 946
1 16
25 69
11 6798
2 570
3 34
1 2
1 161
20 60
1 19
1 2
12 60
7 154
3 3
19 9273
1 5
1 2
5 25
2 6
5 5
10 66858
1 1176
16 594
5 55
6 24
1 2
9 37
1 86
7 441
2 2
2 2
1 16
6 108
7 21
3 15
2 2
1 2
3 4
1 2
4 4
3 9
1 7
1 46
1 2
1 2
5 75
7 133
2 2
13 65
40 243
1 72
1 34
1 289
1 4074
1 53
1 36
12 12
7 14
1 6
8 90
9 266
1 27
1 57
1 351
2 3998
3 3
1 12
19 155
7 7
25 1432
3 3
6 6
3 6
5 5
15 272
1 5
1 7
2 6
5 30
5 7
1 2
4 4
1 6
7 84
2 2
8 344
1 14
9 135
3 3
18 18
2 2
32 1911
6 328
12 576
10 30
3 3
1 6
7 119
23 13432
2 4
1 5
2 110
7 580
3 6
2 4
1 2
2 46
1 579
20 2308
3 3
1 6719
7 10290
1 5
2 8
14 18
1 3
1 287
3 3
26 229
14 1273
31 8751
1 2
11 11
5 5
9 17694
2 4
55 143
7 140
1 7
7 37
6 204
2 2
3 1788
15 209
1 31
6 6054
16 216
1 82
1 36
1 2
2 8
5 10
1 2
9 72
1 2587
1 3
1 944
21 1486
9 44
6 12
7 686
9 2673
1 3
2 2
5 25
4 4
8 8
3 69
3 27
2 6
1 8282
2 8
1 2
10 10
3 42
3 3
1 312
2 10
1 16
2 7
10 54
1 288
1 9
2 2
1 4
1 222
18 610
10 31
29 95
14 48746
1 4
1 7
5 5
5 5
2 2
14 308
10 54
2 2
1 88
5 5
1 296
7 2030
5 8680
1 304
1 277
15 1395
10 874
3 558
4 52
12 12
5 180
6 56
1 101
1 1751
10 1132
15 4350
4 4
10 4920
1 16
2 2
1 44
1 5
23 2041
10 10
1 34
1 20
7 231
1 301
28 5182
16 19
60 1874
1 4
7 6984
12 24
3 3
2 4
3 38
1 8
10 204
5 60
5 8
3 6
1 3
2 690
5 5
8 16
38 5582
1 4
2 6
6 11847
1 496
1 64
1 237
12 6996
16 21040
2 2
38 37002
1 4
10 38
1 12
6 35
1 22
2 2
6 11
1 149
1 17
4 4
9 27
13 13
2 36
5 60
1 183
1 3
37 11673
1 19
10 124
1 13
7 2331
12 36
1 24
20 20
2 4
7 7
1 5
1 64
1 2
1 11
3 6
6 72
4 4
1 64
19 83
9 17694
5 5
1 6
3 6
8 8
1 16
1 1787
1 52
25 32
7 620
6 6
2 32
1 56
7 12144
1 597
2 54
9 10
1 68
1 6
2 10
1 3
3 15
2 6
7 2009
6 12
7 28
1 2
2 2
2 6056
5 2640
1 7
13 13
1 2001
10 10
1 6
15 33
1 1196
7 21
12 60
3 3
1 3
1 67
5 116
11 41
9 18123
1 3529
1 7851
7 112
12 276
15 1250
7 16390
5 80
2 122
1 44
4 680
2 2
1 267
2 2
2 4
7 14
44 1388
1 1950
7 7
1 12
1 2
26 84
1 5
1 4469
1 289
1 13
1 3
21 12639
5 7335
1 3
1 137
2 46
28 258
1 289
7 42
1 25
20 24
2 2
6 6
12 876
5 5
5 70
3 3
2 2
3 12
1 27
1 2
6 75096
16 159
1 4
25 25
3 3
20 220
2 6
7 245
1 26
7 49
1 4819
1 13
2 2
7 6076
1 18
1 2
5 5
13 13
1 3
17 5015
1 506
24 19547
1 7
1 654
4 124
5 30
32 20649
1 14
1 597
2 4020
12 12
5 110
1 4
1 2
7 6601
14 14
2 2
2 8
5 5
15 631
2 2
7 4095
1 1995
1 2
7 14
1 3
1 4
1 9
10 20
5 25
2 10
2 2
20 34921
7 217
6 120
3 58
5 5
8 1184
11 141
2 2
1 8
12 456
1 53
16 48
7 7
9 10
5 5
20 2269
12 24
2 2
5 175
1 8
8 2304
2 10
2 266
4 108
5 135
8 66
1 104
1 14
1 23
1 331
8 40
35 1211
2 6
1 398
1 4
5 10
5 5
2 2
1 2
9 18
1 2
2 28
12 261
5 5
18 72
12 120
1 14
9 19935
5 1855
3 6
3 3
1 21728
5 2870
19 37698
8 16
1 14
13 33
5 1505
10 71
7 56
2 2
12 156
2 18
1 585
2 18
2 8
3 3
1 2
20 60
10 10
1 4
6 9969
1 2
12 512
5 5
5 5
2 2
1 2
1 2
25 593
1 5
1 20
1 4
21 21
48 6095
1 2
3 3
1 3
4 4
24 9945
8 168
2 210
1 1999
1 2
16 157056
1 2
10 35
1 26
16 32
2 3544
1 333
10 46
9 288
5 80
6 5304
5 185
6 13
7 7
2 257
1 4
5 6280
1 301
5 1430
12 2316
2 19
12 96
5 281
4 148
2 26
17 17
2 62
1 65
34 75
1 2074
3 5988
1 9670
1 291
1 6
1 119
11 88
19 9518
1 1999
1 4
1 5
6 2934
7 26
1 4
1 877
8 2108
3 861
1 2
5 10
6 12
2 6
3 51
1 109
2 666
7 1756
18 1386
6 36
2 2
12 24
14 14
1 3
7 14
1 5
19 527
16 48
5 10
4 6
11 1169
2 4
1 6
42 99
7 7
6 30
1 12
5 55
41 22993
2 2
6 29
1 32
11 22
1 4
1 39
13 13
13 48685
2 104
1 253
2 4
1 2
14 3990
17 41
33 2407
20 416
2 2
11 146
3 855
30 30
29 2065
2 2
7 9072
7 42
1 2
5 5
2 26
17 373
1 9632
5 290
3 5985
1 2
1 301
8 8
3 3
22 44
19 4788
7 21
10 11696
1 80
22 2523
1 2
1 8
1 4
4 24
1 1082
3 138
1 2
1 1578
7 7
1 2
2 2
1 7
7 15743
5 2920
13 208
18 76
24 9248
39 304
1 5
7 14
6 6
1 11
1 18
2 2
13 39
5 5
7 14
1 587
1 296
6 9600
24 3690
13 42
2 10
12 12
12 39
1 2
7 105
2 6
1 1503
4 8860
5 5
5 1750
8 120
5 5
5 1510
2 2
22 22
12 1164
12 12
1 177
1 55
1 45
7 7
1 4
1 2
3 39
2 2
10 146
1 106
1 104
42 554
2 4
3 3
5 170
1 6
15 20655
1 45
10 142
1 21
1 11
4 248
2 10
1 93
3 3
1 2
1 3
2 2
3 36
2 10
2 652
1 2
29 113
13 104
4 218
3 3
1 377
2 20
7 98
12 1217
1 15
12 72
2 10
3 1854
3 9
1 289
1 8
1 53
19 19
5 15
15 15
3 3
3 45
7 7
10 99
3 3
7 9
8 87998
5 340
1 9
2 8
1 2
19 23038
1 4
7 71
1 73
1 300
1 14
9 279
1 2
1 285
3 18
1 12
6 4914
1 6
3 21
3 3
2 14
10 184
4 12
2 8
6 192
1 7
1 2
1 8
1 4
5 5
1 162
1 32
2 2
6 3528
9 27
13 9800
1 125
1 2
18 645
5 5
19 1745
12 432
1 3
12 12
1 4
17 569311
1 5
1 2
6 6
2 2
7 4101
2 34
1 3
5 2935
1 2
2 10
1 2
1 42
7 2247
1 34
6 6
1 11
1 1562
1 31
11 7993
13 16
4 20
1 10
10 100
1 286
2 2
1 30
10 8836
7 175
7 11228
3 66
5 65
2 4
7 269322
1 9
1 95
12 45
14 12348
1 114
2 4
1 47
1 5
2 128
1 1723
1 152
12 468
12 14115
12 48
1 7851
1 6
2 610
1 2
2 2
1 65
4 13560
5 60
1 355
6 1854
5 50
2 1640
17 1970181
1 351
10 7014
5 530
1 2
29 35
1 15
26 26
1 3
1 3
1 1768
2 22
1 3
2 1112
20 155
3 3
3 3
10 392
1 297
5 7320
1 573
17 258
17 7090
2 18
1 2
3 6
5 25
1 43
6 12
1 2
8 40
1 7
2 12
20 1077
1 248
3 3
1 117493
5 48155
9 17
7 35
3 12
1 5
1 588
1 882
6 7
12 12
1 15
2 1880
7 822451
3 3
3 870
1 883
1 5
3 8
7 7
32 3851
1 35
1 10
8 8
1 40
4 2872
2 2
2 2
2 26
8 28
12 12
1 7
3 3
1 312
1 11
1 3
1 1095
3 12
5 5
1 3
8 12200
10 19
1 8
1 291
1 14
12 24
2 2
4 112
5 1435
3 9
1 3
2 14
2 2
2 4
1 11
2 2
2 572
6 17
1 741
4 1460
1 26
5 690
14 19
3 3
2 2
6 6
8 90
2 68
3 3
19 1537
1 10
1 23
1 12
12 96
4 12
3 3
16 57
5 7360
1 11
1 278
2 20
1 2
2 4
2 2
1 3
2 1452
1 6
2 2
4 4
15 103
3 6
6 3528
7 14
1 28
1 31
1 10
2 4
1 12
1 25
1 5
6 30
7 14
25 207
1 303
15 15
12 84
4 4
1 588
2 1636
2 4
1 3
7 203
8 26
8 808
1 35
7 7
1 19
2 4
1 115
2 2
2 8
1 9
1 7
17 17
1 7
1 1920
20 20
1 967
1 3
3 15
4 192
2 8
1 2
5 579480
6 6
1 181
34 1765
2 2
2 4
14 28
1 50
1 288
1 6
6 10
2 6
1 4
12 237
34 12038
4 26
18 18
5 20
7 1274
1 5
1 10
1 4
5 15
5 15
2 6
1 4162
1 267
1 8
1 3
1 1973
2 12
4 4
1 3
12 840
1 942
1 13
8 448
2 59
1 2
2 2
8 8
33 30869
1 2
1 44
1 588
1 10
1 885
2 2
1 2
2 8
1 6
2 250
1 43
2 40
42 387
4 4
1 3
3 3
26 52
7 125
5 20
10 12
2 30
1 4
2 14
16 64
1 2
7 7
11 243
10 20
2 2
12 576
10 380
5 25
1 4
4 3672
7 8811
1 3
1 65
44 939
1 301
2 4
32 31146
7 7
2 14
5 75
1 19
2 594
5 15
2 2
14 1770
1 2
42 1247
17 11449
1 14
12 48
1 867
6 12
1 4317
6 6
1 1947
3 18
1 4156
7 7
2 2
4 127
1 1995
2 26
7 92
2 4
1 25
1 5467
6 12
1 6
1 17
1 616
2 2
12 96
13 13
5 5
1 3
1 221
1 2
3 3
15 52
9 9
83 51629
1 940
5 5
3 6
1 16
1 304
5 35
2 2
1 2
1 12
2 36
7 105
17 64
1 582
16 352
1 7
7 7
1 62
1 5
11 11
31 14412
13 34
2 26
2 2
1 5
5 5
7 119
10 30
1 286
4 4
8 16
1 6718
9 77
5 15
1 332
1 251
5 4335
3 5
2 32
2 48
12 108
4 6250
1 12
5 5
1 11
20 108
4 2512
9 1935
20 211
1 2
6 6
2 4
3 3
1 44
5 27140
2 2
1 2
1 3
8 217
1 290
2 2
7 643
5 15
2 2
1 286
12 24
1 5
3 30
3 12
1 7
1 8
1 882
10 2690
1 867
14 70
6 156
8 875
1 14
6 12
1 2
12 214
7 133
5 320
2 10
3 60
5 24370
1 2484
1 14
2 26
7 161
11 975
1 2479
2 46
13 312
1 33
5 70
1 14
3 24
23 23
1 4
9 9
13 13
8 48
2 2
1 1382
3 15
3 147
26 442
1 2
5 10
1 4
1 9
12 72
7 42
1 5
7 9
3 3
6 186
1 12
1 8529
2 2
1 89
18 36
1 5
2 4
16 23
2 46
1 2
1 126
1 2013
1 1725
9 61
2 12
9 9268
1 10
12 372
7 98
5 5
2 64
2 6
5 15
10 366
11 11
12 48
1 2502
4 4
12 12
5 15
1 9767
1 7
2 2
1 1767
3 42
6 378
1 4
3 3
5 25
1 2
10 15
9 10911
2 2
12 252
1 2589
8 1194
9 4812
1 5
1 287
1 588
4 2708
1 105
1 2
25 40
1 12
2 2
1 4
1 297
8 29
9 27663
19 4305
1 7
1 12
4 16
1 2469
2 2
7 28
1 20
10 30
1 3
3 3
1 11
1 3
5 5
2 2584
14 122
1 1292
6 750
1 573
1 1723
5 5
13 34
2 8
9 9
10 10
1 3
35 276
8 152
2 4036
1 1187
1 15
9 45
1 7
2 384
1 13
2 16
1 161
5 5
2 2108
1 3
6 12
11 36
1 5
1 3
12 12
1 10
9 9
1 947
3 6039
1 1533
3 3
1 4112
1 8
6 18
12 72
26 212
1 2
2 2
3 3
2 7
7 14
1 116
6 1132
2 36
31 39
4 4
8 868
1 75
1 6
2 2
1 305
19 1241
6 201
5 5
1 4
1 65
2 34
26 1656
1 588
15 12301
1 3
9 477
1 13
1 5
2 2
1 25
1 570
1 2082
1 107
5 30
31 42916
1 13
10 2408
8 3685
1 19
7 119
7 28
1 552
10 10
1 301
1 5
6 96
2 38
2 1766
2 602
2 4
29 208
2 722
1 11
6 30
2 2
12 408
2 10
2 4
2 10
32 1227
1 1254
3 4083
2 2
13 13
2 2
6 6
2 2
6 6
5 5
2 156
7 84
3 3
1 24
7 6580
1 3
1 301
3 2875
2 12
2 102
7 588
7 7
11 55
1 18
18 2189
1 2
16 81
7 308
1 57
2 32
8 28
1 8
20 553
5 5
1 2
1 697
7 28175
8 14
4 20
14 28
49 1217
32 1821
3 3
2 2
13 2821
1 24
3 6
12 108
18 152
13 37180
6 18
2 10
1 3
1 93
2 2
1 5
1 2
6 12
10 6499
2 2
1 5
5 6065
5 1510
17 1666
4 448
3 3
14 1057
7 7
1 29
5 675
1 363
5 10
1 287
1 6
5 135
1 63
1 2
2 2
6 24930
13 78
96 217
12 60
2 2
1 18
12 3060
1 18
1 3
1 15
5 10
2 6
6 30
5 5
1 4
7 14
7 35
1 701
1 3
8 588
30 30
9 36
1 74
1 13
2 1308
1 4
1 2227
12 55
11 262
11 81
2 30
1 8
6 30
1 224
1 3
1 4
10 552
1 2
8 8
1 14
4 6179
11 11
18 226
1 8
1 34
1 76
12 72
1 2
2 80
2 2796
1 3
3 6
2 2
6 1086
7 154
15 1390
4 24
6 30
3 168
12 72
28 31
2 60
2 2
9 2968
1 351
1 286
20 20
1 5
10 165
2 10
52 83241
12 24
1 1600
1 3
11 820
1 990
7 451
3 3
2 2
1 16
13 39
3 9
1 2
3 6
7 28
7 3906
17 10180
7 133
1 6
2 2
1 156
2 2
15 15
10 60
2 34
21 9460
2 10
12 226
1 294
6 6
1 286
3 3
1 1350
1 3890
8 5033
1 18
1 25
5 30
4 4
5 20
15 50
1 2
12 516
2 22
12 84
14 18
7 91
1 2010
8 1568
7 284
11 41688
3 69
1 4
24 28520
1 295
6 2897
2 2
3 16
1 291
11 22
9 55
17 1950
16 17174
13 13
2 2
1 392
1 6
17 27268
11 858
2 12
40 2413
10 10
2 2
2 574
2 2
1 8
1 4
1 2
2 18
3 6
1 16
9 19
2 6
3 3
8 21
1 5
1 9632
5 5
1 2
4 12
1 4
2 8
1 2
10 50
1 6
21 63
1 6
6 6
2 2
7 28
2 2
3 3
1 2
14 14
1 5
1 2
26 26
1 7
12 12
1 284
2 2
9 9
1 71
2 2
12 12
1 3
1 3
2 14
1 22
1 42
1 15
2 6
4 17
7 903
1 2
16 48
19 349
15 148
1 2
4 140
3 3
11 13
1 312
5 5
1 6
13 39
5 10
1 3
1 5
5 2870
1 10
5 5
1 4
15 15
3 132
1 5
4 76
1 2295
67 1075
1 36
10 3608
1 437
1 33
2 2
1 21
5 9975
1 1723
1 6
5 29
2 56
2 4
17 17
1 3
36 36
31 57
20 22760
1 64
5 175
1 6
1 9
13 39
1 371
1 9
10 260
1 11
8 11086
1 2
2 32
1 5
5 5
1 23
12 12
4 73
7 28
7 125
4 3064
3 3208
1 1484
2 124
12 12
1 4
1 6
1 15
2 2
6 384
5 15
1 3
2 10
7 546
1 3
1 3
4 4
7 413
9 9
6 6
36 163487
2 2
2 4
1 29
1 29
10 66
1 4
7 266
2 2
30 1089
1 8
6 8820
2 12
2 6
1 45
7 14
5 5
27 25056
21 298124
15 90
2 2
1 32
2 4
6 24
1 2
1 8
1 2
5 5
3 3
13 17082
2 2
1 3
3 3
3 6
1 5
2 64
40 2492
1 29
2 2
9 9
1 7
2 4
1 7
1 1399
1 2
1 2
5 5
2 114
1 4
5 105
14 816
6 36
1 4
5 65
6 1486
26 1272
1 3
2 12
12 12
7 28
1 2
1 849
16 16
1 9617
1 11
7 9
7 105
6 7
6 30
7 7
5 5
1 485
1 580
1 140
1 90
14 14
5 180
24 8056
10 24
1 6
2 28
13 1949
12 84
1 2
2 2
1 1091
1 128
1 48
4 3824
8 8
12 192
2 42
10 240
3 9
20 571
5 65
2 128
1 12
1 93
5 20
21 5520
1 3
24 4573
3 18
17 464
18 50
6 5286
1 4
1 9645
3 1494
2 4
23 115
1 8
14 14
1 29
1 81
5 15
1 8181
1 288
6 49
11 3784
1 16
26 26
1 2
12 156
18 610
4 1968
2 2
20 951
1 23
2 2
3 10
1 1772
7 21
5 660
6 11
9 266
12 48
37 1192
2 2
2 12
12 24
13 39
12 14
1 5
5 45
19 31942
4 1239
1 323
8 3664
1 2
2 2
5 5
3 10
2 6
5 670
1 5
1 4469
1 739
7 28
6 6
3 3
5 20
1 12
3 9
7 35
5 37
18 143
5 30
7 2604
1 3
7 7
7 7
2 26
1 3
1 344
1 6
8 2970
2 26
1 8
7 7
1 8
15 8054
18 234
1 2
8 420
5 541
1 2
21 109325
2 150
4 8
5 53
1 582
2 4
2 10
6 6
1 63
7 490
1 961
1 4
1 2
2 3058
2 8
1 1350
1 4
1 2
6 27
5 6245
6 49872
9 14
1 1531
5 5
5 45
15 30
1 927
3 1380
1 22
1 11
1 222
4 1584
69 525411
15 15
3 3
19 474
1 944
3 15
2 6
7 7
2 6
1 422
12 36
2 2
10 10
1 2
1 7
1 51
2 2
1 133
1 132
1 59
1 124
7 41
1 77
2 2
1 76
7 1199
12 216
7 14
22 22
1 4375
4 12
2 1176
1 2
5 5
1 15
5 85
9 9
1 10
3 192
14 28
6 300
1 692
35 1991
1 289
1 947
1 3
1 3
1 4267
5 20
2 6
10 20
2 2
3 3
5 10
1 2
2 85
1 171
3 3
3 11536
12 864
7 448
5 1460
20 53
1 3
1 3401
2 6
3 3
21 17886
1 28
3 3
2 2
9 117
1 14
7 17
1 2
2 14
2 6
5 1455
6 157
5 20
1 354
9 81
1 2
2 6
8 28
4 16102
5 19810
2 28
1 28
5 1405
2 12
37 46
2 584
17 73
2 38
22 48
2 6
3 3
14 266
2 48
1 5
6 150
12 12
3 3
2 124
2 72
2 10
1 4601
7 4109
8 24
9 9
21 21
2 444
17 143709
1 1213
19 4712
1 64
5 450
1 159
1 845
1 2
1 14
1 1707
7 42
1 552
3 3
19 377
2 2
1 14
3 3
2 2
5 5
1 13
2 6
2 2
1 68
5 5
3 63
1 27
38 1523
1 5
3 3
4 64
4 1498
12 2988
2 2
5 485
1 3
10 10
2 8
1 6525
1 7
2 50
2 4
7 7
7 7
7 140
2 1686
2 574
5 30
2 114
2 1898
47 1626
12 48
1 16
2 2
2 96
14 1640
5 400
1 535
8 16
1 9
3 3
2 32
5 20830
1 15
1 4
2 4
3 3
3 3
7 2023
1 7
1 9777
1 293
1 10
8 60
3 13
2 578
25 29
1 1101
1 25
12 12
8 3734
13 7696
6 90
1 11
6 48
13 78
18 20743
19 1329
6 36
2 2
1 11
4 2376
14 294
7 7
19 2970
11 33
1 1018
15 684
14 769
18 18
12 468
2 48
1 10
14 28
1 3
12 852
1 2
1 125
2 2
1 5
1 2
1 21
1 5
5 938
1 11
1 8
5 30
4 56
3 3
2 716
25 91
15 28
6 1086
1 588
1 275
5 10
2 2
7 63
1 312
7 28
1 2
1 30
18 180
1 2
16 1701
7 7
12 12
3 6
12 168
3 3
27 1050
1 2
5 20
7 448
17 17
14 37008
5 5
16 2516
1 312
11 2889
32 689
2 30
3 864
5 1435
1 3
6 22
3 27
4 8
4 114
6 12
32 353
1 133
1 295
5 135
7 7
75 78782
9 9
2 2
2 2
9 72
1 3
1 541
6 13215
1 288
1 299
7 128
1 10
1 74
2 2
35 351
2 1182
12 12
1 17
12 156
2 4
5 5
1 31
1 115893
1 64
12 12
2 2
2 2
7 21
1 3
6 30
1 35
3 3
2 2
7 35
5 5
10 8820
2 2
25 83456
1 12965
1 4046
4 12
1 59
23 23
7 14
2 2
3 1524
1 41
4 12
13 14
1 867
12 1932
7 35
1 62
19 1178
24 5572
1 3
1 6
15 15
7 7
1 41
1 4045
18 1465
5 10
5 70
5 27185
2 2
7 28
2 32
2 32
1 15
7 105
1 17
1 280
10 180
1 868
5 50
1 5
1 14
1 2
1 2
3 6
7 28
1 2
1 2
5 35
1 46
1 327
3 9
7 7
3 102
14 28
1 4
6 3695
3 3
1 35
1 3
7 6132
1 6
5 5
28 203
1 3
9 390
2 2
1 344
1 14
3 18
1 10
1 91
1 9
1 2
9 29
3 3
3 9
8 609
6 384
2 10
30 1076
1 2
2 2
5 5
20 20
1 10
1 78
10 194
4 201
1 9
1 4
4 4
10 15
14 72
1 2
1 8
2 2
1 687
20 110
1 906
7 35
12 36
5 340
2 2
5 12345
9 9
1 308
8 512
12 36
2 2
31 8364
17 161764
13 26
2 46
14 33
16 63
6 6
2 4
2 8
12 5232
1 2
1 4073
1 14
1 2
3 6
7 7
6 6
9 5751
1 5
1 2
2 178
19 6804
1 2
1 2180
8 186
1 71
1 2
1 289
1 1039
1 63
16 54
1 287
11 25
5 5
2 4
12 168
8 8
12 12
5 25
5 25
15 60
1 7
5 60
12 72
16 158
1 72
3 3
12 576
16 79
3 3
1 143
1 17
10 15
3 27
1 3
1 9
1 318
23 69
1 5
3 828
1 5
6 156
2 232
7 910
22 2420
15 481
1 7
3 33
9 9
1 656
2 2
5 5
5 2910
14 674
1 3
26 33
42 19909
1 263
2 104
1 13
1 2088
26 174523
1 6
1 3
11 11
2 8
19 633
3 3
3 18
1 937
11 457
1 2
2 4
9 20
44 2171
5 340
23 370446
5 25
1 18
1 19
17 338
9 3773
2 1012
1 4
20 7175
1 19
2 2
11 39379
15 9942
2 59
5 5
26 8432
5 80
1 5375
2 3
5 5
1 2
7 15
1 5934
15 525
1 2
11 176
20 6012
3 9
1 5
3 9
2 2
15 65
1 297
1 5
12 12
5 40
2 2
1 26
7 7
10 165
15 30342
2 2
7 4319
2 2
7 4116
2 4
2 94
20 172
15 27
2 1552
13 143
11 11
12 24
10 369
7 7
2 44
2 2
1 10
1 28
1 45
1 4
4 84
1 857
5 800
12 48
3 6
24 13670
5 4835
6 36
1 54
3 4509
5 80
1 354
2 6
2 2
1 1292
3 3
1 1612
12 216
1 327
1 23
21 315
5 1550
1 5
10 58
6 6
1 5
2 2
1 2
1 8
7 392
1 1266
95 2100
1 11
1 7
1 296
1 6
3 3
1 3
14 25
5 21025
1 2
10 1676
5 3231
12 84
1 58
2 2
1 3
1 5
66 1452
3 13110
2 4
15 2688
5 10
7 7
3 15
1 14
1 2
5 3590
1 1973
1 41
5 30
9 53
2 2
1 9
19 6980
1 58
11 3168
2 2
3 3
3 1752
2 10
1 2
6 1602
5 5
5 420
8 529
1 12
67 8764
7 49
1 296
8 11
3 15
1 15
5 35
1 5
3 3
2 8
4 1104
1 34
5 5
12 120
2 210
24 2509
6 9600
1 867
3 3
7 56
12 348
12 180
1 6
2 2
2 28
1 2
1 8
7 28
12 108
3 3
5 10
2 120
1 64
1 4816
11 297
1 940
1 67
2 2
74 134680
21 273
2 4
3 3
1 587
1 3
4 424
1 4
2 2
7 98
7 7
1 55
12 84
7 21
1 404
15 22
1 64
7 717
3 6
1 4778
1 1350
12 48
2 2
2 10
7 2254
2 2
15 7956
7 25
1 17
1 558
18 21075
5 5
5 10
10 22
1 11
7 441
2 2
2 54
7 1995
6 42
12 84
28 172
1 284
5 5
2 4
8 56
7 24703
10 13042
5 15
2 2
4 72
7 4021
1 4
3 3
1 13
12 120
7 7
4 17840
42 859
1 6
20 1908
1 21
2 2
13 442
16 23
5 10
1 281
7 112
3 3
1 2614
13 9503
2 2
1 5
1 7
4 4
1 4
1 44
2 2
3 3
3 9
1 3
3 33
2 30
2 2
7 84
2 60
3 51
2 82
1 693
2 1322
2 2
1 926
29 153
1 16
3 3
5 2960
2 4
2 10
9 20
2 1833
7 7
1 79
2 14
5 45
2 2
1 3
5 15
12 60
2 2
7 348
2 2
16 80
1 2
1 288
2 106
1 2587
1 6
7 42
6 6
2 2
6 54
1 10873
2 76
1 8
2 2
5 10
5 5
19 10734
1 925
1 2
12 12
1 3
1 56
2 8
1 3
18 6825
1 2082
1 62
2 2
1 5
5 9815
2 18
12 108
1 202
1 70
2 2
7 7
9 38
1 13
7 406
1 35
2 42
1 2
1 4876
10 49312
1 35
1 104
5 5
5 51
5 805
21 420
7 21
1 14
7 7
16 4316
8 16
12 3252
21 226
1 15
6 5670
10 290
1 3
2 6
5 29670
35 158091
9 39
12 156
12 12
5 5
2 2
15 36
29 44
14 109
8 2205
3 15
3 3
3 5109
2 1146
1 64
3 1255
5 5
2 16
1 2
1 3
1 10
5 5
1 13
64 120
7 115
13 53
32 10166
3 192
12 828
3 6
1 281
27 54
5 10
1 2180
1 19
19 143
1 37
5 285
2 14
43 748
1 64
5 285
5 10
4 4
2 2
5 5
8 28
1 10906
38 1102
4 44
32 26686
11 58
1 25
1 3
5 5
1 4
10 108
1 575
12 928
6 49086
19 95
29 981
10 20
1 2
1 2
11 55
5 10
2 4
1 3
1 3
1 7
18 469
1 4
1 1002
1 302
4 4
2 8
1 32
1 2
1 3
2 9480
5 4590
14 14
5 5
5 5
18 10566
27 127
2 576
2 2
11 16531
1 5
2 4
4 92
1 13
2 78
1 158
7 42
8 512
2 2
1 32
1 3
2 18
12 600
15 2580
6 74
16 2585
1 5
3 4410
12 156
7 1841
8 16
1 39
1 252
2 12
3 3
6 4614
1 144
5 220
1 15
1 2
5 190
3 12
1 17
7 2492
3 3
5 55
1 2
1 21
30 7868
12 1164
8 8
3 1764
26 35
1 4469
2 2
1 1293
1 10
7 56
1 3
2 84
1 6
7 14
1 5
1 64
5 5
1 294
3 128
7 10297
1 6
5 7360
1 4740
1 64
1 4703
1 8
3 6
1 28
8 40
1 59
1 5
2 4
1 19
1 287
5 20
10 12
1 15
2 574
2 58
1 1999
3 12
9 1838
18 18
15 1940
1 2
7 9044
2 2
5 155
5 17764
7 21
6 89
2 18
14 14
2 2
24 58
3 126
2 2
1 7
2 8
1 3
2 16
5 5
1 11
6 7
1 3
15 3588
1 135
7 21
1 5
2 8
8 2296
20 831
19 19607
6 6
2 2
5 5
1 147
3 3
1 2
2 30
5 10
2 196
9 53
1 3
7 15589
11 66
2 4
3 9
3 3
1 288
1 9
1 3272
1 15
1 365
3 18
29 1980
3 7506
3 3
2 2
1 32
7 112
4 4
2 2
3 3
1 310
1 3
1 6
10 6860
7 651
10 80
1 3
6 30
12 96
9 9
1 3
9 9
7 7
2 26
5 5
11 29
12 468
1 4
20 20
1 285
1 269
10 1560
1 7
15 34
3 9
24 10106
2 104
5 5
31 40
1 4
3 6
7 245
2 4
7 7
1 259
5 11075
5 5
12 768
1 302
12 1332
1 115896
3 18
2 2
12 12
2 4
5 40905
1 3
1 13
3 6
28 16847
1 15
20 334
14 5028
4 1489
18 73
1 6
1 2
2 600
21 34439
6 257
14 31
3 15
1 185
1 332
9 11
12 12
1 5
2 4
1 2
6 6
3 6
1 7
3 62
1 8
4 2352
1 31
1 217
2 602
1 2
1 23
7 13965
6 2454
32 1189
1 6
13 78
4 4
4 1148
7 714
9 216
18 18
1 7
4 12
1 36
1 588
3 18
2 18
1 9
5 10
5 29440
5 20
1 3
1 15
2 128
1 161
15 3460
1 296
4 4
3 6
1 22
6 6
9 4824
1 2762
11 114815
11 2055
12 36
2 5894
2 4
1 292
1 2
1 3865
13 13
2 4
1 2088
16 569
21 6006
5 2725
1 2
12 96
7 360
12 36
5 165
5 7445
13 56
1 123
2 2
5 34
1 6
1 13
1 13
1 8
4 78
3 3
25 38
1 1292
2 2
41 39396
37 8611
9 7515
6 6
10 40
13 1339
1 1443
11 5526
10 1250
5 50
12 11016
12 324
1 2
1 1382
1 27
1 35
3 6
1 3
10 100
4 4
2 54
3 3
1 5
7 637
1 294
19 38
7 7
9 1176
1 287
1 32
45 82
4 24
8 36
7 7
10 14
1 64
1 351
1 269
9 30
1 7
5 5
3 3
7 14
1 3
1 28
5 5
3 92
1 51
12 71
2 2
1 5
9 27
1 276
3 12
1 10054
1 561
3 4509
19 627
19 34
11 220
7 7
4 4
5 4380
12 24
3 12
15 30
1 14
2 578
6 6
4 7028
10 10
1 2
1 10
1 6
21 46027
2 12
20 40
2 2
1 14
1 64
1 327
14 1943
14 14
4 7996
1 2
5 200
6 37
4 20
7 35
8 16
15 206
1 327
6 2832
1 16
1 27
3 9
1 6
17 17
5 5
5 30
12 216
5 55
6 2448
7 21
5 5
12 1332
18 1432
1 3
5 5
2 60
32 576
7 6727
3 3
16 16
13 8971
1 36
9 161
1 2
2 78
1 5
12 12
12 1332
1 1601
6 6
4 548
1 3
9 31
1 3
13 130
15 15
5 25
10 180
4 4
5 55
1 3
14 14
5 5
1 6719
1 884
3 3
5 5
1 301
5 50
1 2
21 185
3 54
19 19
1 1996
1 2
2 2
14 394
2 310
2 2
1 3
11 239
5 10
7 14
2 10
1 2
1 176
13 310
3 9
2 10
26 18948
1 15
1 3
1 286
31 72
9 189
7 14
2 4
7 7
1 5
5 70
1 19
27 294
1 2
51 14399
6 8
1 1852
1 4
1 9
1 91
1 947
16 169
3 3
34 1432
12 1332
24 7569
1 3
2 4
13 1230
7 84
2 12
1 3
1 3
5 10
5 430
11 11
14 43
2 2
5 12505
7 350
1 734
2 26
32 760
12 36
12 12
1 2046
1 302
2 32
5 570
7 14
1 2
2 32
19 19
1 37
2 2
1 7
19 310
2 2
1 2
28 31
2 508
12 440
2 13530
3 3
5 5
1 2
1 3
1 10
17 3604
1 299
18 21258
2 2
1 52
1 292
12 72
1 5
2 2
3 3
7 8
1 6
1 884
1 16
1 16
1 33
14 1949
15 4454
1 592
13 13
2 6
12 168
1 3
5 60
12 3216
17 525
7 7
10 266
50 4207
2 10
1 6
7 4067
9 27
1 3
20 44
8 510
3 9
1 895
1 1999
12 2010
26 1359
31 39
2 4446
2 1176
20 23
5 10
24 24
9 18
1 88
2 2
1 10
21 21
2 144
1 4
3 6
1 1998
28 22795
7 105
1 21
1 3
1 79
7 42
1 351
17 8364
7 14
5 15
12 96
10 76
2 10
5 250
1 2
22 2598442
3 6
1 29
2 2
1 543
15 5481
1 22
12 934
18 12981
8 32
3 63
1 1377
5 50
5 15
7 7
2 26
2 10
12 4032
1 334
5 885
2 4
1 2
1 2558
1 127
6 28
3 3
6 18
9 210
2 12
10 17670
1 18
2 10
5 48160
10 868
5 5
1 15
5 20510
13 182
9 10
2 2
3 177
2 86
20 20
1 1769
1 37
9 21
1 9
6 12
1 2
7 25868
1 2
7 7
5 1755
1 127
1 76
1 6
13 3718
11 1834
5 4630
3 64498
1 6
1 4
1 25
10 100
1 56
2 162
1 88
1 1999
1 5
2 2
4 20
6 6
15 2270
25 36
1 263
5 5
1 1723
3 3
6 68
1 6
5 5
2 36
6 78
2 74
5 5
2 1144
3 3
7 7
12 192
10 66
6 6
1 301
1 286
1 366
1 14
9 320
1 16
3 21
1 11
5 389
3 7
1 7
2 2
1 10
1 98
1 64
7 7
41 130124
1 12
1 4
12 156
1 2
2 22
12 3564
14 14
1 2
7 14
7 35
1 575
20 3586
12 12
23 27390
1 1522
2 546
6 1475
7 7
1 5
1 2
5 24080
2 2
1 8
1 31
1 1286
2 34
2 282
3 201
2 2
3 1502
1 3
1 24
12 288
2 2
1 466
13 13
2 984
2 12
3 3
1 35
1 1245
5 45
9 81
7 1047
1 4
7 112
1 19
2 588
1 64
5 10410
18 7123
3 393
1 23
1 615
11 421
7 29946
4 66
7 49
1 1250
34 2054
1 7
6 6
1 269
1 3795
1 1496
3 3
1 354
5 5
1 21
1 8
6 9
2 18
15 7502
3 6192
2 4
2 2
1 3
1 2
4 36
3 39
2 4
7 7
2 130
1 20
15 17
2 2
1 4162
7 406
2 128
7 7
10 81810
2 6872
2 16
1 5
1 3
16 3444
7 7
2 4
15 9082
1 10
7 7
2 14
10 30
2 4
29 80
5 14731
12 240
1 28
5 60
6 30
3 3
22 46501
7 945
1 2
2 4
15 925
7 616
1 9473
1 4
2 2
1 10
1 457
1 848
12 14
1 23
9 5404
7 7
1 5
6 48
50 672
1 11234
2 6
1 6
1 3
16 32
1 1562
6 295
1 64
6 1475
2 8
5 5
1 6
1 441
7 5859
2 2
7 7
7 1183
9 16
1 765
16 76
4 4
2 596
101 497
2 42
16 16
6 1711
4 13823
9 337
26 26
6 351
1 3
18 18439
24 120
17 3817
2 612
1 2
5 10
2 4
2 2
1 286
1 291
3 2709
19 8484
7 49
1 20
35 12481
5 5
9 47
1 4
1 3
1 3859
2 14
1 27
1 2
6 9461
13 1926
1 2
2 126
2 2
7 28
2 4
12 108
3 45
12 300
7 42
1 574
5 5710
5 15
1 15
4 939944
1 1525
9 77
1 2
5 25
7 413
12 900
4 1755
1 15
1 577
1 64
1 2
1 4
14 1307
15 60690
8 2980
1 2
1 296
5 675
1 17
1 17
1 5
15 99
4 22
7 148
1 286
2 94
2 2
2 2
2 28
6 384
12 228
1 98
13 39
24 8266
12 12
9 78408
9 1640
23 90
1 5
1 6525
3 3
2 2
11 155
8 8
1 8
2 34
1 4
5 700
17 139009
4 4
2 2
5 23725
4 4
2 114
2 64
4 4
3 6
5 5
7 21
1 3
4 4455
32 1337
1 10
6 18
2 38
1 4
6 42
6 6
1 39
16 16
1 6
7 231
2 16
18 971
1 16
12 672
10 2687
1 3
1 9
2 66
1 11
3 3
8 49
43 8397
3 27
13 13
5 321
19 18530
4 8546
2 2
2 2
1 76
2 4
1 2
27 103
10 42
5 45
5 85
1 10
2 216
15 51555
26 255511
2 2
2 2
9 77
5 295
1 288
1 3
2 3006
30 25650
5 2460
12 12
8 112
2 22
5 1485
5 570
2 6
3 669
1 41
1 2
11 33
1 132
14 20
1 2
8 41038
18 2246
1 9
1 7
2 2
5 830
1 570
1 585
1 3
2 4
7 2002
20 60
2 2
4 20
12 36
2 12
6 63222
4 3932
1 64
1 2
12 24
21 6916
13 3685
2 536
11 3998
12 96
11 15
2 2
10 243
11 44
5 12610
1 287
1 19
1 2053
1 1470
1 3
1 17
1 3
2 2
6 6
5 1315
4 68
1 1963
6 6960
2 60
1 2
3 3
2 22
1 302
7 7
10 24
2 22
5 5
1 6
4 8256
10 976
1 9
15 1491
1 2
1 307
1 3
2 2
5 1056
2 1238
1 4
1 6
13 3572
1 10
12 321
2 4
1 22
1 2
7 281
1 9961
2 22
1 44
6 84
5 5855
2 230
1 2
1 3
11 10315
1 5
1 14
3 9
12 12
1 4
1 33
3 3
5 20
1 103
14 816
1 573
22 51
2 2
2 696
12 125
2 16
1 4
2 2
1 286
2 8
12 156
5 12185
1 15
5 5
16 195
1 12
2 2
5 5
2 2
4 44
7 76111
10 45600
1 12
1 17
12 12
5 10
2 2
1 4
3 3
2 4
6 123
3 867
19 13109
4 4
1 2
1 291
1 4
5 10
2 2
1 5
11 891
6 26766
1 114
1 2
1 2
13 13
2 2
1 2
1 24
1 88
4 4
1 2
1 1091
1 3
1 14
9 9
5 10
9 18
2 4
1 3
12 72
1 877
6 5682
1 7
2 2
4 4
2 2
1 97
9 1169
11 11
5 443
5 5
5 655
9 198
5 10
5 10
1 3
2 88
5 12615
6 25
35 44
7 10668
28 196
2 2
4 43
1 3
1 2
19 57
6 410
28 84
6 6
12 12
4 4
4 137
4 16
14 14
1 1252
28 37
1 188
3 3
6 9
13 15106
5 50
1 125
1 1124
1 289
1 1725
3 12
39 1944
10 237
1 36
2 28
1 556
2 66
7 240
12 1332
2 2
28 98
5 1200
1 268
7 21
13 260
10 84
2 16
7 49
1 1603
2 2
5 315
12 324
5 5
1 3
23 27
2 126
7 77
11 2560
12 7428
14 14
7 115
21 615
1 3
13 543
6 6
10 19
1 56
7 4144
20 352
1 2
2 28
5 310
4 5
5 65
2 2
5 890
2 2
1 3
13 377
7 4025
1 15
2 70
3 1788
1 32
1 17
7 14
1 2
1 592
10 270
2 2
12 4452
1 261
2 4
13 25
1 499
35 626
1 2
1 9
42 579797
5 7320
2 2
2 124
3 3
7 14
15 77
16 4592
2 86
20 60
1 9
14 14
2 183
1 1587
3 4584
5 5
31 197
5 3730
6 40
16 48
3 9
2 66
16 39
9 16
1 75
9 9
5 48236
1 18
2 2
1 36
1 2
2 30
5 2980
2 22
4 52
6 12
2 2
1 5
4 76
1 6
1 11
4 4
10 261
2 26
16 3604
5 26800
13 12337
28 256
1 64
1 59
2 10
11 402
2 8
18 18
2 2
2 20
12 48
7 21
5 1770
6 12
1 2215
1 42
1 1197
5 20510
8 2456
2 4
2 4
1 25
1 20
1 22
2 2
1 1011
15 416
10 303
6 6
4 654
1 7851
6 46
1 2
6 6
2 6
32 912
1 31
5 5
9 27
15 208
2 2
6 132
6 54
1 30
1 11
2 4
3 20157
2 138
1 9
1 13
1 267
1 1751
1 15
1 49
15 375
13 43
2 4
2 62
1 2
5 30
6 6
1 5
11 9647
1 344
11 18
2 2
2 2
1 6
2 2
2 1770
1 2
6 1475
2 6
1 267
7 1036
6 6
2 128
4 4
1 3
5 205
2 6
5 4375
10 944
1 248
5 95
2 1106
7 245
1 290
1 14
4 4
3 3
5 30
2 8
7 2079
3 6
1 4
1 4
10 28
5 310
2 4
18 2277
5 3745
5 20
5 25
2 2
6 1776
2 158
1 23
27 3631
2 4
9 3794
1 1601
7 7
13 73
1 2
1 20
6 6
10 86
2 20
10 20
3 6
1 22
1 11
6 18
1 5
14 28
11 28754
2 2
5 15
3 3
1 10
22 88
1 1160
14 6964
19 127
6 27
1 3
12 108
1 877
1 2
10 1469
1 3
7 105
1 13
5 105
2 130
2 3838
1 2
7 7
23 37
33 229
2 18
6 6
1 2
1 3
1 14
1 3
1 3
2 5640
2 50
1 6
21 49098
6 12
1 130
1 297
5 2995
20 5166
1 57
5 40
1 3
2 32
1 327
7 1869
7 7
3 3
5 5
20 99230
7 7
9 192
8 8
1 2
13 13
8 32
12 276
7 49
3 3
18 35366
14 14
26 212
10 2876
1 22
2 2
5 13
6 6
3 19
2 2
2 44
12 1080
1 10
5 5
6 12
6 608
1 12
2 144
1 93
1 170
6 6
12 24
1 323
1 287
2 943
1 1822
2 2
2 2
15 351
1 80
1 689
1 3
1 8
1 2
1 169
1 7
16 22529
1 281
1 2
2 2
1 6
2 24
14 14
1 471
7 21
5 715
17 3699
5 5
37 330
6 6
2 2
6 6
14 14
9 9
1 40
7 14
8 150
3 6
1 168
1 29
7 7
3 6
14 14
5 20
1 9
2 144
2 4
1 64
2 2
2 2
43 526
22 12848
2 134
5 1485
1 3
3 3
17 131
2 2
1 387
5 5
1 170
1 10
1 287
22 19549
6 18
35 39
5 1280
2 2
7 14
1 3
2 2
6 12
10 60
1 6
1 2
1 7
6 340
10 20
14 28
13 130
7 35
7 7
3 3
6 12
1 4
2 2
6 114
5 10
2 2
10 13728
52 136
8 72
1 22
19 1020
1 2
1 3
1 3
6 10
1 5
1 287
21 35
9 54
1 356
12 12
1 290
8 34
7 10731
10 644
1 27
13 13
35 21429
45 22331
2 4
24 1121
5 5
1 1757
2 124
7 442
1 885
1 51
7 31
2 7508
15 31
35 106
2 2
7 56889
9 18
1 2226
2 2
5 45
13 19918
3 18
3 3
1 6
7 14
1 6
6 43
2 2
30 132
1 42
9 99
17 34
6 1806
6 8
1 13
16 19497
2 116
3 6
6 384
1 2
2 56
6 340
2 56
1 7
14 15
1 248
2 2
38 381
12 168
8 558
34 103
3 78
25 51600
2 4
5 50
6 2910
1 3
6 3510
1 12
21 1347
26 257
5 205
5 10
2 2
3 3
28 43
10 246
8 8
3 30
6 24
7 4123
28 38
1 32
1 1757
7 3864
5 15
1 4
2 14
11 81
2 2
2 8
1 40
2 446
1 2
8 8
3 18
26 168
1 222
12 60
1 1688
6 6
2 8922
1 896
1 287
2 2
5 5730
1 2
2 28
1 4
5 30
5 5
2 10
1 3
2 2
33 8596
1 33
1 287
1 22
9 6948
14 108
10 108
1 348
1 11
1 12
1 2
2 2
29 115
1 1525
1 14
1 326
1 30
17 1159
6 6
4 496
24 6972
1 29
1 34
2 6
1 4
40 493
2 2
16 116
1 116
3 1764
1 269
2 6
1 45
5 20
1 1767
4 46
17 3490
1 289
1 3
12 1980
7 35
12 24
1 45
38 74
8 4704
1 791
14 14
2 4
12 348
12 1368
9 36
22 78
15 16
1 326
1 15
12 1205
13 39
9 18
11 410
1 19
30 239
8 6559
7 21
1 21
1 1995
5 35
5 5
5 30
1 5
12 3157
1 5
20 555
24 27710
1 3
1 2
1 10
1 4
2 4
1 34
5 15
5 10
3 168
1 4
5 1440
7 9541
1 20
3 3
12 60
15 3433
1 28
42 364
2 4
5 75
7 14
1 42
2 4
12 1164
5 10
2 2
2 2
1 11
2 2
1 8
24 464
5 5
1 2
1 9
38 3294
9 27
25 25
7 7
4 7012
11 1215
13 13
1 1399
6 12
1 6004
1 14
9 259
12 12
5 5
2 2
6 21
5 112
1 7
1 3
2 2
3 3
1 40
1 2
2 38
1 6
5 25
1 18
2 2
1 7
5 35
4 572
6 36
5 5
83 11201
1 354
1 134
1 65
1 35
3 3
4 100
6 8032
1 34
1 611
12 72
1 3
2 12
1 15
12 36
1 87
1 22
1 6
1 3
2 88
2 2
8 72
3 7443
9 90
8 8
2 4
13 13
2 12
12 72
1 579
17 17
2 2
1 5
7 112
1 307
3 3
12 804
1 3
1 4
12 286
1 2
1 33
12 96
1 62
3 5928
4 1755
11 44
2 62
1 11
20 72
2 2
2 38
12 12
5 26990
3 183
13 3952
5 9995
2 135
4 1816
1 297
2 22
3 3
23 69
7 217
1 7
10 67
1 1912
2 8
1 489
7 7
8 77
4 8
2 2
1 2
12 252
1 4
2 1276
1 11
5 30
7 126
1 5
2 2
1 5
4 3596
2 2
2 10
3 189
13 32526
2 6719
1 15
1 4
3 3
1 2
11 11
26 647
1 3
35 106
2 6
1 908
5 39255
6 6
1 2
15 774
1 3
1 350
7 7
13 3848
5 65
1 2
1 2
1 94
2 12
12 2184
26 26
7 7
1 2
1 31
5 5
3 66
5 1460
3 58
5 11
1 4
2 10
5 10
12 12
3 21
6 7
5 30
3 48
2 98
10 1130
1 57
1 43
16 51
15 60
2 4080
4 24
1 2
2 42
7 224
5 320
2 2
4 8
1 2
1 43
2 4
5 5
8 40
1 1995
1 36
4 4
3 24
26 1655
1 2
18 195
7 35
12 10058
7 7
1 40
15 960
5 290
2 2
7 7
1 18
5 95
1 786
7 21
1 9
1 96
9 121
7 548
1 33
3 9
1 15
18 25
1 22
18 141
1 967
1 62
5 22140
1 24
2 2
9 9
1 312
3 60
2 3992
1 287
1 6
1 10
1 2
5 25
1 588
11 11
2 2
12 1932
10 2486
1 3
7 14
7 372
1 3
2 10
1 6
3 54
2 6
1 2
1 5
5 785
6 6
9 5880
10 45
18 3449
5 5
5 170
1 2
7 7
1 3903
7 21
2 2
1 340
3 3
5 5
2 8
1 8
2 550
1 3
2 44
13 39
1 17
1 6
5 10
8 8
1 15
1 286
2 14
15 15
15 12569
1 535
4 1019
1 1290
6 1475
1 64
1 10
1 2004
5 5
14 14
40 1280
7 35
6 6
19 19
1 20
2 2
1 2
1 16
5 5
5 5
2 54
1 4045
7 7
7 7
10 328
12 12
2 2
2 2
3 6
1 2
1 294
2 34
2 2
15 525
5 15
2 2
5 5
5 6260
26 39
9 9
8 971
8 21
29 7315
7 340
6 282
1 16
1 10
3 4
5 5
2 2
14 140
1 1707
5 6
1 1296
1 3
1 2558
1 2
19 7393
9 27830
3 3
7 14
8 29
3 3
1 3
2 10
1 4977
2 84
1 21
2 680
4 44
23 211
13 975
2 128
6 108
3 3
1 6765
2 2
2 24
6 24
1 585
6 21
7 21
2 4
2 116
8 88
1 5
1 1768
1 176
8 26
19 7092
10 84528
7 8484
1 13
1 4
5 10
1 5
7 434
10 5478
8 32
6 1801
7 14
1 287
2 42
1 946
2 12
2 2
1 13
7 28
2 2
6 45
1 23
5 5
2 2
2 8
1 15
5 5505
3 3
2 36
3 39
3 6
2 774
12 168
10 10150
1 6
5 5
1 66
5 2558
2 1184
1 574
8 8
5 60
2 12
4 20
1 574
4 4
7 14
2 6
5 1505
1 20
7 14
3 6
5 290
5 10
1 5
3 3
6 54
2 2
1 50
1 419
6 12
1 2
7 4116
7 56
1 926
7 203
11 27
1 1489
2 14
9 9
3 27
6 7
3 15
1 58
8 8
1 14
1 2
21 21
6 13338
6 1475
3 20
1 9
2 4
1 35
7 7
8 96
3 9
1 120
1 551523
5 10
2 496
40 1711
7 2856
1 69
6 18
7 9639
16 21
5 3325
1 2
1 58
1 4
2 4
6 24
13 3562
3 15
3 9
2 2
7 5743
1 6
1 15
13 260
1 4778
9 9
2 2634
5 66155
12 48
9 80
5 480
3 33
7 7
8 8
1 11
5 10
1 16
1 12
5 5
5 165
2 2
12 348
4 20
1 8322
1 4
20 115
1 14
2 6780
2 2
35 718
2 109
1 2
1 5374
1 22
2 14
1 70
5 40
17 1799
1 426
1 177
2 42
24 91875
2 2
10 19
3 888
3 3
2 6
11 4887
9 7119
1 297
14 15
17 17
1 2
1 3
3 26
1 4
1 881
1 29
1 714
2 2
1 1375
3 174
17 68
6 48
2 2
5 70
20 4300
26 52
1 2
1 17
1 289
1 8
9 252
2 6
2 2
1 3
2 50
2 2772
4 132
2 12
5 33855
7 7
2 2
12 264
1 196
12 12
1 4
21 11580
7 35
18 106
5 10
5 5
1 947
26 3430
4 1100
3 3
20 250
13 7410
2 16
7 119
1 4
1 16
1 19
2 140
4 4
7 7
30 200
6 18
15 900
8 232
6 12
1 105
1 591
2 22
1 333
1 21
1 1767
4 8
1 288
2 28
1 292
4 28
5 200
1 4027
1 3
1 592
9 19935
15 15
1 14
21 1420
2 10
8 8
2 2
3 3
14 23
13 13
1 11
7 617
2 2
2 118
22 88
1 4156
14 14
1 2
16 28
9 27
2 2
1 6
5 225
1 13
1 150
12 96
1 2
12 384
5 5
31 444
2 10
9 504
16 615
3 3
2 2
2 2
9 9
1 3
1 2
9 18733
2 30
2 68
16 4608
7 28
19 290
3 888
3 6
7 1795
5 15
5 215
1 40
1 15
13 34
3 3
27 27
5 250
40 180
5 10
23 23
7 4682
1 4
5 125
5 1480
3 15
22 66
1 5
2 2
1 64
7 28
1 14
3 3
2 22
1 5
7 14
1 67
1 5
2 2
16 271
5 10
5 5
1 297
1 292
1 5
7 2478
1 5
4 4
1 1116
1 72
21 15362
1 2
12 636
28 86
11 246
12 36
2 4
1 3
5 30
24 6642
17 65
1 183
1 4521
3 336
2 4
1 53
1 296
2 36
1 14
1 574
2 4176
12 276
5 40
1 45
8 16
3 12
2 2
12 72
3 3
2 4
3 36
1 3
1 5
18 42
1 61
1 12
11 6083
5 15
1 4
1 22
4 1476
4 5
13 13
4 4
1 9
4 2292
1 3
1 97
1 26
1 7
6 1475
1 3
1 332
12 36
1 618
8 112
2 4148
36 955
1 5
1 592
9 281
4 100
1 26
2 186
1 6
6 44
5 70
5 5
1 3
8 3516
1 535
13 28
1 70
5 15
1 297
1 2
2 18
1 289
1 105
5 70
65 13903
2 6
14 58
10 32
1 558
10 352
2 6
12 2325
1 2946
1 2052
4 17
1 67
1 42
1 7728
5 30
1 2226
1 64
2 8
8 4095
1 287
