3 128
3 6
35 117
2 1770
7 63
1 8
1 17
19 7372
1 2
2 2
1 9
1 13
5 135
6 18
1 7851
5 5
7 7
2 2
5 5
3 21
11 144
2 13
1 45
2 4
2 2
12 840
5 5
1 3
5 10
10 388
1 297
2 250
5 55
8 72
4 424
1 26
13 3942
8 13
1 5
6 25
3 36
2 34
18 372
17 11428
6 138
4 100
1 2
1 1528
7 20
1 408
4 4
63 153
1 5
6 6
12 108
10 10
3 9
6 6
1 17
3 12
21 61
3 156
1 140
10 74
7 161
3 1854
2 8
1 5
2 6
2 8
7 56
15 34
2 34
19 18408
2 8
5 3460
1 618
11 767
1 13
2 2
5 5
12 12
1 6721
7 42
1 584
1 21
12 768
1 10
2 36
1 5889
1 13
3 15
1 7
1 10
1 584
1 947
2 28
3 6
33 48
6 7
1 749
1 2
17 349
6 18
9 1176
1 599
11 2430
2 2
3 3
3 3
1 2572
1 284
5 60
1 3
1 26
1 2
3 3
5 4335
12 1408
1 13
12 36
2 30
12 108
1 3
1 2
1 491
1 1039
1 5
12 12
1 574
1 618
1 10
2 1144
2 6
1 4
1 4
1 6
8 28
1 2008
1 269
1 2
2 2
1 45
1 87
12 72
18 52
7 231
19 72
1 2
6 18
2 2
2 40
2 38
1 5
2 2
1 286
15 90
1 2
1 116
6 18
1 35
5 320
15 15
7 176
1 349
2 2
10 281
2 2
1 581
1 1752
1 2
5 5
5 20
1 3
12 96
1 8
2 2
1 29
5 35
6 24
20 36481
2 32
1 115
15 26
1 3
5 5
3 45
1 19
2 20
15 54
1 2
2 6
1 907
37 125
7 10
9 9
1 22
1 15
1 24
5 12335
1 88
1 281
1 5436
79 534
12 24
1 6
14 140
12 12
11 22615
15 30
3 3
2 136
12 636
1 5
21 17886
12 216
2 6
1 19
1 8
13 13
4 4
2 10
8 16
9 576
9 18
12 780
1 20
2 2
7 7
1 277
1 12
1 19
1 16
2 6
8 8
7 16
1 19
1 1723
3 18
2 50
11 220
15 40
5 24080
1 5
2 698
1 35
7 189
26 255001
1 64
6 6
1 822
14 321
20 20
2 1182
2 2
40 2050
10 68
9 261
2 598
5 1755
24 58
1 2
1 2
12 636
7 105
12 60
12 48
5 10
1 43
1 289
18 70
15 900
5 5
1 6
1 17
5 5
9 12
2 4
2 6
2 720
1 5
1 886
11 11
14 28
1 15
1 11
28 37
2 4
3 9
5 5
5 1380
5 5
6 12
25 109
9 5040
5 5
16 119
6 6
3 876
33 10172
5 8765
17 73
10 2175
1 588
6 1475
1 2
2 4
5 130
2 20
1 2
2 548
2 2
1 322
5 150
19 3506
3 12
1 26
2 2
13 156
10 56
1 4143
3 3
7 35
17 383
12 432
44 7285
13 1950
1 3
1 93
1 3
1 6
17 17
3 3
1 52
7 7
1 4
1 2
1 2
5 15
18 813
13 560
1 13
21 112
5 25
2 22
3 3
1 1503
5 340
2 62
2 2
13 7696
1 3
2 28
5 5
3 6
4 16
5 15
1 15
1 2074
7 49
5 1267
1 2
1 10
1 58
6 18
1 6
14 1273
1 944
16 19497
1 31
1 2
5 5
2 8
7 42
5 285
7 28
1 4
1 3
7 210
5 5
7 210
6 3528
6 1806
1 2
3 3
1 10
1 289
7 112
1 12
19 155
5 10
1 57
1 3
12 12
3 12
8 16
1 29
2 38
26 402988
9 4886
1 1166
9 18
7 243
1 1482
1 3
1 103
1 3
5 310
1 31
1 587
3 45
3 13110
8 11090
2 4
3 7608
15 435
12 2988
11 3201
2 26
1 573
3 5109
1 2
2 22
7 742
7 63
2 6
7 7
3 3
4 4
2 4
4 4
2 2
3 15
4 24
1 10
1 3
1 15
1 5
1 7
1 5
10 100
14 462
2 2
6 3570
1 7
2 4
3 6
2 6
1 2
2 2
1 365
6 6
3 48
1 2074
3 3
1 144
4 4
1 104
1 4
1 2
7 31
72 90
42 1291
24 168
26 1543
1 715
2 574
7 1617
1 3
8 14
1 15
1 2
1 3859
12 72
2 2
10 57195
1 161
1 2
2 8
8 343
6 6
1 13
16 108
4 36
1 584
5 35
1 2559
8 168
5 10
5 80
5 1755
23 92
5 5
1 2
7 7
2 4
2 4004
1 1995
1 5
1 2
8 8
4 48
1 3
1 7
5 5
48 6090
3 3
2 1860
7 7
2 2
1 11
1 11
3 3
1 895
1 65
1 34
1 588
13 312
10 20928
12 12
18 36
13 3718
42 4491
5 5
2 4
5 15
2 8
2 2
24 24
1 12
3 6
19 535
2 10
1 3859
1 149
13 19918
5 30
2 12
1 11
11 1203
3 21
2 8
6 18
22 22
1 5
2 2
1 287
2 18
1 13
10 62
5 2460
7 35
2 2
3 6
1 17
5 192
13 86
1 8
2 72
1 16
37 10546
2 12
1 3
5 20
12 36
1 8
1 1162
2 1120
16 20
4 8
21 5520
14 5028
5 8
1 2
2 4
2 20
10 2687
7 21
31 52061
2 2
1 21
2 10
9 9
9 9
10 36
1 14
6 2403
4 56
2 2
7 12144
2 86
14 816
28 58
13 26
13 39
1 28
3 3
12 636
63 63
21 474
1 926
12 48
12 12
12 276
2 2
3 6
15 44
1 5
16 614
1 140
6 24
26 26
1 3
13 12337
1 16
1 2
6 6
15 12301
2 36
13 7410
1 867
2 574
12 12
1 2481
18 142
5 15
2 2
13 26
5 5
1 300
12 72
1 1402
6 36
11 39379
1 62
2 2
5 15
9 147
13 39
3 3
24 1680
4 8
2 28
27 528
12 5232
3 3
8 2970
1 394
5 10
2 228
7 42
2 2
24 538812
5 295
1 4
5 55
15 803
6 6
6 20334
2 4
3 12
11 33
15 208
6 14
4 4
1 1604
5 10
1 67
7 128
1 29
2 2
6 12
1 1768
9 9
11 3914
1 3
1 1018
6 53
10 4846
2 4
1 5
1 2
24 2546
11 576
7 14
1 2
4 4
20 92
1 1999
6 138
1 426
2 2
5 9995
1 3
1 37
1 4
3 3
8 8
2 7
1 334
1 35
1 96
12 120
4 4
2 12
2 4
1 2
2 56
15 974
1 161
1 23
11 13
5 29820
25 718
6 74
4 4
3 3
6 18
18 10105
1 169
1 4
1 10
2 158
2 24
1 87
18 1152
13 65
5 1515
1 5
14 14
24 3060
5 30
20 291
4 2292
1 8
13 34
18 424
5 5
1 1402
1 70
6 6
1 9
5 113
2 2
1 5371
4 13823
2 4
1 297
3 3
1 5
4 4
1 5
6 6
8 77547
2 2
6 6
1 280
18 1824
1 57
1 24
1 288
2 40
12 348
2 14
1 4
1 8
8 8
7 532
6 578
9 845
7 4130
7 42
5 15
1 1162
1 292
5 2392
1 2046
1 3
28 28
1 117
10 54
2 4
3 18
7 2856
1 3889
9 37
1 35
5 1815
3 7
24 27710
28 43
7 35
1 29
2 4
5 5
2 144
1 654
16 169
2 2
1 976
7 140
14 42
1 6
1 4045
25 29
2 14
8 8
1 3
2 4
9 54
12 276
2 4
2 2
1 716
1 25
1 2
2 1782
11 2061
2 6
7 28
1 6
1 3
19 1355
1 4
1 30
19 495
1 81
11 81
3 6
5 5
35 1153
6 12
5 281
5 9
3 3
5 2370
10 76
7 21
12 156
1 3
7 1281
1 33
1 10900
4 20
1 115901
12 252
5 170
1 2064
1 1772
10 146
21 9460
5 1435
11 356
20 60
2 30
10 270
2 2
15 95
10 290
1 1767
1 2
2 2
12 1080
6 344
28 196
3 6
7 826
1 5
1 3
12 96
8 150
5 5
2 28
4 4
16 18
1 2
11 1812
11 4887
1 90
5 10
5 267
1 9
5 11125
1 2
1 3
14 1232
2 2
7 16390
4 4
5 5
2 36
9 2673
12 39
7 70
27 411
7 620
5 15
1 46
7 49
11 22
2 2
7 7
2 4
5 10
6 264
103 12576
5 5
50 711
2 3998
5 35
1 78
13 130
5 175
8 8
1 908
5 275
2 2
1 9
13 3562
2 5640
1 1356
12 840
5 295
5 5
2 36
7 7
1 3795
1 16
5 25
3 1532
3 3
1 44
47 7261
2 566
12 12
3 42
2 8
2 2
2 4
15 3482
2 10
3 15
2 10
1 4776
7 14
14 72
10 10150
2 3538
1 8
33 229
1 14
1 2
12 516
2 2
1 5
7 7
1 580
1 351
1 3
1 72
1 597
1 2467
1 3
1 7851
1 64
9 2655
1 2
36 172
14 14
1 289
5 135
5 70
1 58
9 84
1 6
2 10
4 5172
1 1995
3 3
17 1961
2 2
2 2
6 72
5 5
7 14
2 44
1 77
1 6
1 16
1 4
1 751
5 40
1 42
1 13
1 2
4 109
3 6645
13 13
1 828
4 4
16 8612
101 497
20 107
5 25
3 69
7 539
8 28
5 30
1 7
3 15
3 3
2 2
1 2
1 62
2 8
2 138
5 165
2 210
5 11201
13 13
1 16
12 120
1 3
3 3
3 3
1 1117
2 2504
5 15
1 4
9 26
19 9273
19 787
19 10731
1 3
1 3
5 10
1 6
1 285
2 2
1 14
19 2210
2 1656
5 5
3 3
13 13
6 6
2 8
5 40
1 8
12 12
1 2481
1 22
25 11484
23 23
2 14
2 6
10 475
2 2
13 13
1 1997
1 49
1 6
2 2
2 22
46 1332
4 4
5 10040
14 14
1 322
1 283
4 527
2 2
1 37
1 3
2 4
7 7
3 3
4 4
14 674
1 745
5 430
5 1275
13 65
1 10
1 33
1 392
10 204
3 3714
14 18
12 120
6 1854
2 2
5 50
3 3
19 11628
1 2
4 104
21 21
9 26
3 3
1 1768
3 2115
2 9312
1 470
11 11
1 2478
2 3446
1 32
37 8655
8 868
1 2
3 3
2 4
1 11
1 377
1 170
1 2
2 18
12 12
6 18
1 9961
2 6
1 4
31 27953
1 3
1 2
1 2
1 757
1 10
1 908
12 12
1 1187
10 50
1 2
2 26
35 12481
1 583
6 18
8 8
5 4535
3 9
7 70
1 1604
1 3386
1 440
19 1476
9 9
1 24
7 7
17 58
3 3
3 9
9 18
5 9975
2 4
7 14
36 602
19 155
5 5
1 297
1 223
1 33
1 14
2 2
1 5
2 2
5 10
1 293
7 1967
1 885
4 1040
1 10054
1 8
1 1950
2 2
1 3
2 24
39 3468
5 2895
1 45
3 852
9 61
1 30
1 291
2 1998
1 24
9 174
8 623
2 1146
2 4
7 77
3 30
5 30
28 31
1 11
1 4
12 228
14 421
3 4
1 240
7 14
19 349
1 2
2 2
2 1656
1 29
12 246
6 1486
2 16
12 108
15 5481
1 588
1 2
1 498
49 312
2 12
19 19
11 45477
10 10
1 3
1 2
1 286
3 39
1 56
23 75
9 225
5 10
5 5
1 3
7 7
5 340
10 264
1 172
1 751
1 2671
1 7
6 6
1 1961
8 16
7 7
2 108
1 1596
16 16
23 147
6 30
9 9
7 14
2 42
18 2277
1 10
9 9
31 993
1 65
15 20640
1 2
1 5
2 2
10 20
1 15
2 12
1 2
5 6
4 24
39 413545
2 941
1 29
3 3
12 24
2 2
13 275
12 192
2 24
2 1012
14 14
1 9
7 7
8 2408
7 5257
1 6
1 588
1 344
1 6
1 7
7 40
2 2
3 38
1 2
9 5751
2 4
1 67
8 72
1 391
9 36
3 6
6 12
21 336
11 90
2 10
2 1158
3 6
10 104
22 110
1 2053
2 114
1 16
1 202
2 4
19 8332
2 88
7 35
2 164
1 285
1 2
1 4
1 16
6 42
5 1405
2 2
8 2296
6 426
2 596
2 8
14 14
59 162
2 2
5 2960
1 867
6 9
1 408
21 21
11 18
12 780
7 7
15 45
1 67
8 232
5 5
7 264
1 64
10 10
1 58
2 144
2 4
1 5
3 3
1 377
2 2
2 2
12 708
1 5964
3 3
1 14
6 18
39 240
7 7
2 570
1 14
2 1218
1 3
10 32
17 143506
1 3
1 2
1 3
10 10
1 588
1 3
3 3
5 30
1 3
2 86
7 7
5 75
2 2
5 4221
8 19808
16 16
1 117501
2 18
1 3
20 40
1 11
1 1297
1 15
2 126
6 6
7 140
8 11
2 4
2 6
1 2
2 12
1 2
1 19
2 2
5 5
3 6
2 2
3 6
1 3
1 5
5 36
3 6
2 6
4 676
1 5
12 12
6 12
8 32
11 12215
9 182
1 2
16 199
1 2
1 9
2 48
1 8
2 2
2 4
7 7
31 8751
1 13
1 2
1 400
2 2
11 1573
1 22
2 2
1 34
18 106
16 25
12 12
13 13
7 140
1 2
1 14
1 2
1 25
1 3
1 285
2 6
1 1597
1 103
3 3
4 4
2 2
41 2147
3 906
6 34
9 39
5 65
3 3
11 12810
3 3
1 51
28 84
1 8181
2 2
3 336
1 8
1 11
1 6
1 23
26 8258
5 150
6 7945
6 344
2 64
31 24801
2 6
19 1178
1 45
5 5
2 2
21 2085
2 38
1 6
6 6
1 9
5 5
18 698
4 23540
10 10
6 6
1 27
5 285
5 5
2 240
18 32980
1 3
1 11
2 6770
2 2
13 4238
1 5
4 36
20 20
1 2
7 14
7 7
2 4
12 876
2 2
12 96
9 121
1 2
2 2
13 14
29 80
2 4
5 30
16 116
1 3
7 1841
6 9
6 138
18 54
2 48
3 18
4 52
1 287
2 2
12 12
2 32
1 326
1 573
3 6
1 2
37 703
3 3
1 2
12 24
6 257
6 2934
3 189
1 5
20 352
1 332
2 50
3 15
3 6
12 96
10 20
8 32
7 245
1 4
1 1043
1 76
7 14
6 127
1 18
12 192
2 2
10 80
1 1139
4 256
11 11
2 10
16 3645
12 348
5 805
1 325
1 2074
13 42
19 37855
1 2
1 49
5 4695
7 42
5 65
1 6
2 24
2 2
1 7
1 67
1 18
3 39
1 159
1 148
6 36
1 11
3 878
2 140
6 6960
6 24
12 12
12 168
2 4
7 7
1 5
1 32
1 1350
1 18
7 28
5 280
18 162
3 3
4 8
1 6
4 16102
3 12
5 25
24 20940
1 2180
14 14
6 9
2 4
1 587
1 35
2 2
1 10
2 1424
16 41
3 12
16 9200
29 107
7 441
2 4
7 98
8 24
1 64
14 36
7 35
1 3
1 2
2 801
5 5
5 6460
1 16
13 14430
2 2
2 1082
1 2
4 16
1 10
2 16
3 9
15 1866
6 56
75 78782
7 2002
4 4
1 39
1 925
18 12981
17 1735
18 5703
5 10
1 1399
2 14
9 9
7 14
6 6
1 2
2 1776
19 19607
1 268
1 4147
1 4
2 2
5 25
14 6617
2 2
1 3
5 805
15 1005
12 55
1 4
52 83065
9 5859
11 1635
2 2
2 6
2 104
4 6250
8 1568
1 4
1 3
4 24
1 311
7 70
1 10
2 128
3 30
10 30
2 2
12 12
1 10
1 2
2 38
15 53
2 6
1 828
1 3
5 5
1 12
2 38
21 49002
9 18576
1 19
5 30
1 287
1 2
1 310
15 23083
5 65
8 875
6 6
1 15
7 7
12 606
9 145
7 21
6 5304
2 12
3 5997
2 64
5 5
5 5
2 4
3 3
16 23
1 5
1 405
31 444
5 5
2 16
12 84
3 9
29 44
4 92
3 3
2 30
1 48
2 2
1 7
1 152
1 592
3 8
5 15
17 425
1 1603
15 258
4 2422
1 294
15 542
1 1533
9 90
1 1327
8 16
36 955
2 584
9 11
12 672
6 1722
2 26
1 2
20 40
1 2
2 6
17 139009
2 24
7 28
7 14
2 2
17 3817
1 7
6 114
2 2
2 2
1 40
6 3528
5 5
11 22
2 8
13 13
5 5
1 281
1 3
1 2
1 5
2 6
2 14
2 6
1 4
6 3166
14 14
7 7
1 58
1 11
5 5
5 5
5 621
5 39255
5 4785
18 3718
2 2
5 2885
1 12
7 7
12 2184
2 28
2 2
1 7
1 465
10 10
1 591
1 4148
7 21
11 29
12 276
3 3
1 17
1 301
6 12
2 140
15 63
4 1019
1 6
5 110
7 21
21 21
7 91
1 10
15 225
1 15
5 5
1 5
5 655
17 3904
1 421
2 2
2 68
10 2624
10 12
1 8
2 16
1 3
13 13
13 33
1 2
1 2
1 3
1 5
1 574
6 1602
1 7
2 2
3 3
6 8
5 6240
5 29485
1 62
1 20
7 21
1 46
11 402
7 133
2 10
3 9
5 1755
3 102
1 49
2 2
2 550
1 7
1 3
1 71
9 117
1 2
1 6
1 428
1 64
1 456
14 14
9 9
17 25902
4 12
8 54
2 6
2 56
16 64
2 10
8 8
13 13
12 72
7 7
6 113
7 7
1 848
1 1974
21 128145
1 2226
6 42
1 2
11 32
1 349
1 2
5 5
2 2
1 4
3 3
1 72
1 5
9 18
1 547
10 11696
1 57
12 72
5 80
3 9
1 9
6 27
3 9
1 154
30 30
1 6
1 25
1 4
7 84
1 5
5 45
16 79
20 72
9 39
1 27
2 2
1 6523
5 30
11 11
1 289
12 384
1 89
23 5027
12 84
2 12
1 4
1 587
5 5
3 3
2 2
1 1594
20 154
2 602
7 35
3 9
2 2
21 15362
1 34
1 3
17 27268
3 462
5 5
12 828
7 7
1 4
5 100
18 189
29 2065
8 2280
6 27
2 22
1 19
2 22
19 19
14 18515
5 95
7 56
12 36
5 10
12 26772
2 16
1 6
7 7
2 2
2 100
12 37
6 62055
10 10
2 2
33 52610
1 581
1 31
2 59
6 38
5 105
1 10
1 288
12 2016
1 13
12 120
1 36
1 6
2 32
1 39
6 54
1 15
7 7
7 5421
5 2935
3 9
2 2
1 5
3 1047
8 6559
2 3664
4 8
4 36
4 256
2 2
7 7
11 44
15 4350
3 8
1 3530
3 3
1 3
1 4
3 9
3 36
8 248
2 128
12 24
1 19
2 2
1 3
6 6
2 6
1 558
17 84
20 7487
1 3
3 882
1 4
1 6
1 5
4 12
1 29
16 19
1 5
1 26
9 9
19 25748
1 8
7 7
2 2
5 5
1 162
5 695
12 2064
9 10913
5 5
1 4
5 25
15 26612
15 15
1 2
4 160
1 9
2 4
38 36969
2 80
26 26
8 40
33 30996
3 6
18 171
1 377
9 9324
5 5
1 19
21 57
2 2
2 10
4 4
5 50
1 9
1 62
2 4442
2 2
37 87
1 5
1 2
1 19
1 884
3 6678
26 26
2 2
2 2804
13 13
2 4
26 212
1 15
4 43
1 308
2 6
7 28
6 6
1 1292
32 114
1 93
2 4
3 9
1 311
10 630
1 1995
4 4
1 882
2 54
1 36
12 48
44 936
6 384
3 1764
1 286
1 16
3 3
7 14
7 7
2 26
1 3
1 26
12 125
5 75
1 57
1 2
2 2
41 23021
1 4
2 196
11 1311
5 110
20 60
1 926
20 14914
3 18
2 2
9 224
2 2
2 2
4 528
1 3
2 2
1 57
1 4
2 6
1 8
5 48160
20 20
7 7
2 136
1 5
2 4
7 168
1 2
1 253
5 85640
1 2
2 2
40 369
7 56
2 2
1 385
3 9
2 610
5 35
3 7
1 42
1 5
2 4
5 56
9 9
23 27
7 114
16 7027
1 267
18 145
15 2344
5 1755
25 277
1 44
7 2002
3 3
2 2
1 6
5 15
10 58
1 4375
1 2
5 45
2 56
1 20
1 6
2 6
1 2
1 57
7 35
15 311
1 2229
7 238
45 4239
6 24
1 16
15 209
3 1788
2 430
5 5
2 6
1 2
1 126
2 2
1 4776
26 212
7 35
5 10
7 147
20 305
3 9
1 20
2 22
2 20
15 2105
1 28
1 2
1 4642
7 1988
2 2
1 34
1 3
1 12
10 19
13 13
2 16
1 231
3 4
2 26
1 9632
1 552
2 2
1 2
3 30
3 8
2 4
7 14
8 42
12 892
20 553
2 2
1 86
1 40
1 3
3 3
7 28
6 90
2 6
9 11
9 9
9 22
1 16
12 2988
12 276
1 5
2 2
1 351
5 2930
7 7
6 78
3 3
9 24
5 5
1 1503
12 72
5 250
2 2
4 109
27 1050
19 3113
3 9
7 4016
1 813
40 1715
1 1275
1 4
20 3324
5 5
1 296
5 865
6 6
2 2
6 6
1 304
1 25
12 10915
2 10
16 56
1 12
2 114
7 7
7 98
5 1430
7 84
1 4
2 2
1 5
5 20735
4 66
8 87998
7 3437
2 1884
1 3
4 4
1 289
1 588
1 153
7 7
11 1735
6 114
1 11
2 60
1 2
1 264
12 24
2 6
12 72
2 52
5 7
4 6
12 59
7 7
2 510
1 33
1 737
2 8
5 15
2 98
5 5
34 30868
3 4
1 4
5 10
2 2
2 2
5 115
5 155
1 3
1 3
9 2421
2 4
6 25994
17 28
2 2
32 912
27 294
1 311
12 84
1 2
9 18
6 1716
12 12
1 26
6 36
1 15
1 2
2 108
2 2
6 12
32 20733
1 14
1 3
3 5295
1 4
3 9
11 66
5 47
2 2
3 7761
2 2
2 2
1 297
5 195
25 1432
1 13
3 3
1 10
5 1795
1 35
21 1448
5 5
1 286
16 80
15 15
5 25
12 216
2 594
16 19842
2 2
7 6594
2 2
7 7
5 29265
1 50
1 223
1 944
13 2821
10 1506
16 46
6 9606
15 60
12 1080
1 14
1 882
1 2008
2 2
3 3
2 10
11 33
8 1348
8 3465
3 3
8 245
22 1528
3 3
8 112
20 1869
7 49
6 17
10 130
1 11
2 8
33 166
7 189
16 157
4 8
11 6083
5 4475
1 16
1 2
4 219
9 238
5 10
1 2
1 11
7 7
1 13
5 620
24 60246
1 49
18 18509
5 5
2 556
2 4
1 251
7 21
5 5
1 2
1 1920
3 3
2 4
1 11235
2 10
31 58937
12 12
2 2
2 2
1 2
1 1011
2 6
2 2
1 3
6 342
9 6930
5 5
2 2
11 39
1 2
12 12
1 1467
8 77
1 37
2 2
1 307
6 12
1 15
2 462
5 21525
1 14
1 5370
7 14
1 1999
7 70
15 63
3 15
3 15
4 4
1 1339
6 2897
1 5
1 29
1 1999
2 2
1 640
1 13
3 12
9 27
5 20
5 5
10 84
1 13
8 224
7 144
1 6
8 8
7 105
16 4316
5 10
1 3
1 30
4 16
2 128
5 5
4 4
1 19
1 2
1 1804
1 8
19 87
1 1142
1 584
7 742
2 16
2 2
12 276
7 7
10 10
1 2
16 343
4 4455
5 3685
5 10
26 2533
1 10
1 42
2 4
17 6767
1 275
2 32
2 10
7 7
2 2
1 32
5 10
10 17670
1 3
1 5
1 2
2 2
21 190
1 39
21 450
7 7
14 1943
9 30
1 3
1 64
6 3516
6 48
10 1160
1 12
1 698
1 20
12 60
39 1944
9 53
1 18
1 7
3 15
12 71
3 1641
10 22
1 8
2 6
2 2
7 56
6 6
6 12
12 12
12 868
1 9
2 106
1 3
2 4
20 103393
8 8
3 12
1 6
3 3
7 35
2 4080
1 3
2 588
55 143
3 1359
1 10
2 2
1 301
1 2
1 12
6 7716
1 838
18 2099
1 173
1 1524
2 8
1 351
7 7
9 520
1 6
1 547
1 232
3 4
2 2
5 1510
7 7
2 16
4 4
3 3
5 105
1 4
1 2
1 23
5 10
5 5
6 1711
5 10
16 3444
5 1315
15 68304
1 393
3 3
2 62
10 30
3 1674
1 6
1 291
5 25
1 4
1 19
7 42
12 58
5 20
1 3
33 911
3 39
1 291
1 51
16 390
7 92
2 1498
7 2737
1 3
1 584
6 9461
13 13
2 2
3 3
2 3446
7 12754
18 18
3 3
1 8
1 573
1 9
4 988
5 250
14 108
10 46
1 591
2 2
1 2
3 3
1 3
2 6
5 15
17 17
19 43
4 28
1 300
19 38
1 7
4 12
2 110
1 11
7 7
4 12
2 2
1 8
12 2201
2 1754
12 1332
3 3
3 3
5 74
1 3
4 4
8 16
32 406
3 3
1 2
1 2
5 14
19 1537
6 1475
1 5
1 6
4 1968
12 84
1 1403
21 27
1 7
2 10
14 28
2 770
3 3
1 24
2 6
5 15
2 4
2 2
1 3
2 2
1 940
2 984
1 80
11 11
1 2
1 3
1 50
3 6
1 2
11 17
9 9
6 7
1 87
8 112
2 702
1 595
8 28
23 37
5 21090
5 5
30 25650
9 9
1 14
2 2
7 112
2 9312
5 5
5 2980
3 9
1 14
1 35
3 3
5 40
1 14
7 14
7 14
1 2012
1 311
2 2
7 7
5 1275
20 23
1 62
18 7592
1 5
6 168
2 2
1 13
1 8
1 5
2 1166
2 5274
1 2
1 16
1 5
12 876
1 2
1 2
3 3
1 22
1 6
8 8
8 12208
8 76
1 25
4 84
8 26
2 4
2 10
7 42
1 6764
13 247
2 2
1 297
8 12024
5 75
1 33
1 2040
1 64
21 63
2 26
2 2
13 56
5 5
9 11
14 14
17 65
8 984
7 7
5 20
5 290
6 8802
2 18204
1 25
1 6
1 1999
2 2
1 327
7 7
1 492
2 22
67 1658
1 1723
7 21
2 2
1 134
1 72
14 14
2 16
1 7
2 2
16 24
2 210
1 304
1 26
8 40
1 304
1 3
3 12
1 167
2 6
4 70
5 55
1 584
2 2
8 8
8 8
1 4
12 348
1 2
1 488
1 529
3 9
1 11
15 30342
1 2
11 22
14 33
4 1235
5 15
2 2
2 6
1 9473
1 6
3 3
12 84
6 30
12 12
3 3
20 951
2 14
1 75
1 2
1 57
5 30
12 468
11 6798
1 8
12 3157
12 276
1 1600
3 3
1 885
7 56
1 3
5 7320
59 97
1 274
1 289
6 36
36 36
4 4
7 21
1 4
7 175
2 2
1 59
12 60
5 450
2 2
3 2631
2 28
1 3
9 5390
1 1399
30 1239
1 57
7 49
13 3705
2 14
1 2
1 6
1 105
26 52
7 21
2 122
1 3
7 10920
1 616
1 42
30 63
5 10040
1 29
1 50
1 74
2 12
13 13
7 7
2 216
17 8835
5 5
13 13
1 326
7 21
5 3325
3 3
10 20
10 312
39 76
5 1455
28 16850
1 13
6 75000
7 33
7 21
2 2
1 3
1 2
7 7
7 269338
7 381
2 3056
5 70
2 415
14 28
1 8
16 51
10 635
17 4879
19 8484
7 28
1 64
1 11
12 36
1 2
5 325
12 72
1 6523
1 22
5 15
3 3
14 1640
12 168
13 981
1 330
1 10
1 253
20 60
6 6
5 5
2 6
1 32
29 66895
1 5
1 3
3 3
1 133
3 201
6 30
1 288
7 170
2 2
4 4
5 1440
13 312
5 465
1 8
1 128
28 1634
6 54
2 86
3 3
22 46
2 24
2 2
1 147
2 2
12 852
5 2995
2 14
3 6
6 6
12 72
13 13
1 3
2 1280
1 287
1 8
7 84
1 3
7 7
1 3
2 4
10 45
2 2
26 38
1 2593
14 14
12 180
1 5
1 35
4 52
2 8
12 168
2 536
2 14
1 16
1 13
19 155
23 111
41 8253
1 53
1 2
20 64466
5 340
4 36408
1 3
1 408
7 7
17 17
12 72
1 26
12 216
7 7
7 21
12 2277
8 8
12 12
1 441
2 4
1 1996
2 2
1 10
1 84
25 30
1 29
5 5
12 84
5 30
2 2
1 1560
2 4417
2 73
2 28
1 27
10 1326
32 1911
67 1943
1 15
1 3
2 2
5 25
1 3
13 39
6 36
3 42
7 2254
6 21
2 8296
15 259
8 8
1 1973
6 12
3 6
3 3
1 11
1 13
1 4267
1 141
1 16
2 4
1 79
1 14
5 95
12 36
5 1885
1 2
5 5
4 4
3 9
1 4
5 20
5 20725
5 5
1 5
8 4198
7 11823
5 10
6 12
1 2
1 3
2 77
10 540
18 1432
7 7728
1 2
15 246
5 6860
1 2
1 2
1 8
1 2
1 5
7 608
2 2
1 169
1 2
1 2
66 122
15 60
1 93
2 1980
1 20
1 17128
1 1528
1 14
7 145
10 9490
1 7
3 4
7 70
12 14115
7 14
7 243
1 5
9 70
11 19
1 949
5 5
1 1995
1 12
1 52
14 14
5 700
24 13628
4 4
1 62
1 9
1 147
3 3
8 484
14 2614
5 10
2 2
7 8498
2 2
19 527
5 5
18 18
16 686
1 2
23 22473
10 180
1 7
14 4018
18 2466
6 6
1 23
5 20
6 36
12 1164
5 10
1 1526
2 6
12 84
13 241
12 12
2 38
4 9796
1 2
5 10
10 15
1 82
20 48
5 5
7 4067
2 2
9 261
1 288
2 10
1 32
1 3
5 10
12 852
14 14
26 1538
1 5
1 5
2 2
23 12880
1 597
14 294
1 2
5 5
2 8
2 8
4 10008
8 56738
11 273
7 28
1 2
7 7
12 1164
21 475
2 10
1 93
13 13
6 47
15 1163
5 42
4 24
5 50
1 82
1 16
6 12
2 2
2 54
1 6
5 25
1 5
2 102
26 9780
3 39
4 17
2 22
5 25
16 19592
1 6
1 2
7 112
2 14
12 12
10 944
2 77
2 8
2 8383
26 25099
5 10
6 78
1 11
6 6
1 19
1 8
3 63
3 72
14 14
8 8
1 3
1 95
1 2
17 51
1 2227
1 575
3 8
1 22
1 290
5 75
9 9
2 270
9 12
9 56
4 1768
1 8
39 1312
5 130
10 60
3 2747
16 22875
6 8
2 176
6 6
8 88
1 1052
1 24
1 2
1 61
3 4
2 6
1 4
9 27
1 7
37 125
19 1745
5 35
7 7
59 890
2 2
2 2
1 95
12 324
19 57
1 1292
1 2
3 9
5 320
2 4
5 5
7 56889
2 2
1 286
1 308
6 18
2 2
1 13
6 6
2 2
2 1816
2 16
4 4
1 89
2 2
3 186
3 123
7 14
2 10
3 3
1 19
17 272
29 73845
7 750
7 7
5 10
1 2
1 8
2 6
1 3
30 30
19 31930
1 20
1 116
12 36
12 60
15 25335
1 4
2 774
2 4
12 12
1 3
2 85
3 3
1 40
1 11
40 1980
1 121
19 41306
7 6622
1 1256
6 36
13 3497
1 573
3 3
5 89
15 15785
3 90
2 2
13 78
1 302
1 2
1 55
2 2
3 3
1 10
5 15
2 4
2 2
1 2
37 220
15 15
1 15
5 135
1 6
2 2
1 4045
5 25
1 2
6 6
1 10
5 505
1 287
3 15
2 10
5 5
3 3
31 39
9 4833
7 137
6 60
1 18
2 40
8 9459
1 2
2 46
2 6
2 8
1 2559
5 20
2 4
16 23
14 1975
1 33
1 8
2 48
9 144
13 288
3 3
1 15
5 5
1 9
1 2
1 287
1 37
1 2
1 4
2 40
2 232
1 6
14 18
10 144
13 78
12 13008
6 6
7 13986
1 2275
1 62
8 8
1 13
6 6
1 16
1 16
10 100
6 12
1 64
13 260
15 34
9 153
4 22
10 3608
1 361
7 15260
16 569
3 15
3 3
6 6
1 942
5 35
2 4
14 14
2 4
18 1443
2 8
12 216
14 324
2 8
2 2
5 5
20 1493
7 41
2 2
1 2
2 88
20 1071
8 529
1 101
10 10
5 65
5 5
6 16
1 3
1 3
2 26
21 34439
1 302
1 23
1 133
1 1999
13 62
1 20
35 38831
1 2
3 118
2 2
9 117
13 13
11 11
7 7
29 16572
1 3
11 6804
4 4
5 70
22 66
2 34
5 145
3 9
6 6
3 6
3 3
1 376
6 6
6 12
1 3
14 3129
12 276
10 18
1 2670
1 1490
1 43
5 10
1 1602
2 2
5 5
13 312
5 60
1 15
2 4
39 76
4 52788
1 267
7 1051
1 2
12 24
1 2
1 11
1 20
3 15
1 2
1 1768
42 701
5 10900
1 7
8 662
12 588
5 10
10 946
2 2
12 12
1 41
1 2
14 6964
20 60
28 5182
1 2
1 19
1 325
2 680
1 2
1 5
1 47
1 9
3 3
1 55
2 4
1 5853
3 15
1 2
19 167
4 76
11 297
1 2
1 13
1 2
5 20
5 5
10 66842
19 1174
3 864
14 14
40 2376
6 24
1 2
1 5
2 2
17 131
2 2
2 2
10 106
1 575
1 577
6 102
7 21
4 4
1 2
3 9
1 8
1 46
17 3839
4 4
2 2
7 98
40 243
1 34
1 53
1 3
3 3
8 90
1 6
1 27
6 7
2 2
18 174
2 584
5 5
11 11
5 5
5 65985
7 14
3 3
15 265
3 6
3 6
1 5
1 15
1 2
2 2
1 296
2 6
1 297
5 25
1 8
7 451
1 14
2 4
9 126
13 39
2 2
18 18
7 10290
6 328
5 460
10 50
1 12
10 30
3 876
11 15
7 126
23 13432
1 2764
1 222
2 2
5 5
1 18
2 2
1 5
2 42
2 70
1 579
20 2308
1 76
22 256
3 3
1 6718
1 302
2 4
10 874
15 118
1 3
11 1019
3 3
16 54
1 6
26 1418
26 229
5 65
2 6
1 145
12 12
4 16
3 3
9 17685
1 553
2 4
1 7
6 204
1 9
5 40905
1 31
1 77
2 8
2 2
7 42
9 63
1 64
21 1486
1 22
1 590
2 2
2 4
7 140
1 3
2 2
4 4
2 4
8 8
11 457
2 6
1 8282
3 3
2 2
41 39318
3 3
1 47
1 6
14 14
1 16
2 6
1 9
1 29
1 2
7 203
5 1460
1 222
18 882
19 627
10 31
29 95
5 40
1 3
1 6
1 13
1 23
1 7
11 13890
2 2
10 54
1 5
7 18
2 4
1 22
5 8670
1 6
8 560
1 1011
15 7956
1 277
2 2
2 18
1 7
3 558
1 2
2 2
4 52
2 4
1 44
7 9044
7 112
5 56
1 1745
1 104
10 1132
4 4
1 16
16 195
5 5
9 162
14 308
14 572
1 269
1 20
7 224
1 4
16 19
7 21
1 44
1 4
7 6988
12 24
12 3612
1 31
11 20
1 8
30 1076
5 60
4 4
14 14
1 287
3 34
7 14
1 2
2 690
1 2
1 34
5 5
8 16
1 3
9 171
6 342
7 4319
38 5543
5 5
1 64
2 18
2 574
1 239
12 6996
4 4
16 21040
29 11437
1 2
1 10
1 12
22 120
3 74
1 17
10 20
1 183
1 294
5 725
1 3
5 15
37 11632
2 18
7 46
1 3
1 351
1 3
1 36
20 20
3 6
2 2
8 3724
9 17685
5 5
18 18
3 3
5 23725
7 71
1 3
25 82
1 7851
2 44
2 2
11 25
10 10
2 183
12 36
3 3
6 7
2 1274
19 23013
2 54
2 60
9 10
1 596
1 20
1 2
7 7
5 5
2 6
7 2009
6 12
22 2598618
1 221
2 6056
1 7
2 8
5 40
1 6
15 33
1 1191
7 21
1 94
7 350
1 4469
12 60
3 3
1 67
5 116
1 18
3 51
7 7
4 43
10 380
15 1470
3 3
7 7
2 6
2 132
1 94
1 44
2 2
2 10
1 24
1 19
2 2
10 188
1 9
7 14
44 979
1 1950
7 7
1 12
26 84
1 3
4 16
1 137
2 46
28 258
7 42
1 25
3 3
12 876
1 13
1 5
1 8527
5 10
2 12
1 2
6 30
16 159
1 3
25 25
20 352
3 3
20 200
1 10
10 2690
2 16
7 245
1 41
1 2
2 10
3 3
1 90
4 8544
17 5015
19 127
13 73
4 124
2 2
5 30
1 370
2 4020
1 295
1 42
6 46
1 3
15 684
1 11
1 5
1 2
2 8
5 5
15 15
6 71
1 332
2 2
1 2
1 4
7 14
2 4
11 2768
2 28
1 4
5 25
20 34921
2 4
7 217
2 4
6 12
3 58
5 5
1 2
4 4
2 2
2 2
12 456
1 53
1 2
16 48
7 7
9 10
1 3
1 156
5 5
12 24
5 170
1 8
2 10
2 266
4 108
1 295
1 881
5 5
5 135
1 91
6 30
35 1211
6 24840
2 6
1 397
1 4
10 60
5 5
5 10
1 4873
1 292
9 18
1 2
3 6
2 2
2 24
10 163
40 77
10 218
5 5
1 13
5 2940
16 32
2 2
6 6
1 4
1 21728
7 7
5 70
8 4095
2 562
1 33
3 3
6 6
1 637
1 2
10 61
1 108
2 2
3 1717
1 2
2 18
5 7320
1 90
2 18
1 882
2 34
9 9513
7 14
7 196
6 9966
9 19935
2 2
3 3
2 2
12 512
1 4
1 2
3 3
24 10091
24 6485
7 4571
1 74
7 35
21 21
1 14
1 3
4 4
1 60
1 3
1 5
9 9
2 12
2 2
1 9
9 9
16 21
1 2
16 32
5 25
1 300
1 292
1 3
1 4375
2 1792
10 46
5 10
9 288
6 5304
3 3
1 25
6 13
2 257
1 4
23 239
1 2
7 7
13 156
5 6280
17 170
12 2316
1 5
2 6
12 96
2 4
10 90
4 136
2 14
5 19740
2 66
12 12
2 62
1 1973
7 42
24 6939
2 2
1 161
34 75
1 2
15 60
3 5988
1 6
3 636
21 6006
11 86
1 2
1 858
5 5695
1 5
1 288
2 2
1 4
1 877
5 10
6 12
2 2
2 6
5 220
18 90
2 666
7 35
8 2152
5 1435
2 2
1 286
10 142
1 7
16 48
6 7
9 5880
5 10
1 287
1 4523
2 2
18 73
1 2
2 4
42 99
24 140
1 43
1 4
7 7
1 3
1 12
6 6
11 11
1 4
7 2023
1 2
15 2816
1 26
14 3990
21 294
12 156
5 75
11 146
3 855
1 30
6 384
12 72
2 2
1 5
1 14
6 6
16 3528
2 18
17 468
3 5985
3 3
1 11
2 138
1 11
22 44
1 64
7 21
123 8524478
10 11696
1 287
6 30
22 2523
1 106
1 8
1 1265
1 4
20 12394
2 2
3 3
6 6
5 105
1 1082
3 138
1 27
1 1578
7 7
1 2
13 13
7 15737
5 2920
11 975
5 55
3 6
1 71
13 208
15 7110
6 22
39 380
1 5
15 15
7 14
1 16
7 28175
1 5
2 4
2 2
1 587
4 70
6 9582
5 385
1 6530
2 10
12 39
7 10738
2 6
2 2
5 5
4 8860
7 77
2 2
5 5
2 2
22 22
12 1164
5 5
9 483
10 8374
2 42
5 710
1 33
11 11
1 176
1 55
40 151
1 2
3 3
5 22130
1 106
42 545
5 10
16 24
5 170
5 15
1 6
4 4
1 61
1 286
4 248
5 185
2 2
1 23
1 63
2 8
2 652
1 2
13 104
2 20
7 105
12 1220
2 19
1 11
3 861
9 27
13 13
3 3
1 53
1 4321
1 2
1 3
21 35
26 18948
2 2
3 3
10 99
1 5
10 18
1 9
13 13
10 6860
3 144
2 8
2 6
3 3
7 30982
1 72
1 300
1 13
9 279
1 2
1 285
2 4148
3 18
4 496
2 36
2 156
1 8
1 12
6 4869
5 20
1 5
8 70
1 16
2 14
1 4
6 192
15 1250
5 5
1 942
10 10
1 2537
12 576
1 354
6 3528
5 5
7 11
13 9800
11 5472
1 10
1 21
7 203
1 535
13 13
12 420
13 14
95 2232
15 15
6 24
2 4
13 1144
17 569311
1 1116
2 2
7 7
1 5
6 6
1 2
1 42
7 2247
1 34
6 6
1 1562
2 8
1 67
21 46027
1 64
2 2
3 69
7 7
1 3
1 30
11 6668
1 2
8 441
1 9
20 416
14 12348
1 4819
2 10
2 4
1 206
18 7191
1 3
20 22760
1 3
2 128
1 10
12 468
3 3
12 48
2 144
6 35
1 6
1 2
4 13556
1 9
5 60
2 2
2 1640
10 7014
5 530
1 16
1 2
1 14
26 26
1 3
1 3
1 3
1 3
1 4
6 6
17 265
17 7090
4 132
1 2
2 18
1 2
4 20
12 12
3 6
1 43
6 12
2 6
1 296
1 2
1 252
3 6
1 143
5 5
2 2
2 2
8 32
1 7
2 67
1 248
24 21349
12 36
9 17
1 53
1 17
7 35
1 19
3 12
83 11201
1 588
7 2079
1 296
1 882
2 2
12 12
1 883
3 8
1 26
2 1240
7 112
2 2
2 2
7 4088
8 8
1 40
15 416
1 27
4 2868
2 2
2 26
1 1973
1 457
12 12
6 20
1 7
3 12
7 822507
3 3
5 4835
1 2
1 3
3 9
1 33
15 2676
1 62
1 3
1 14
12 24
19 986
4 116
1 287
2 8
22 19682
1 354
2 3544
1 3
2 14
13 3731
3 33
1 11
26 1272
5 165
11 89
1 140
5 705
5 5
5 5
32 689
35 1993
1 45
8 90
5 70
2 68
3 3
7 35
1 12
12 96
1 14
5 5
4 12
3 3
2 4
16 57
5 7375
1 11
4 4
1 278
5 6
19 34
1 3
2 1458
1 6
1 1914
3 6
6 3528
1 1091
1 28
1 553
1 31
1 939
13 30032
1 3
1 25
12 36
7 14
25 207
2 6
1 4
7 154
12 84
4 4
1 587
12 120
9 9
8 26
7 113
24 19535
1 22
7 7
7 210
1 19
19 1120
2 4
1 115
2 8
1 7
1 19
10 70
1 7
1 6
1 7
20 20
1 967
1 2
1 2
10 38
4 192
1 76
1 2
3 16
3 3
20 5824
1 179
34 1829
9 27
2 6
14 28
7 9
1 6
2 6
15 15
1 4
12 219
14 14
34 12067
4 26
1 37
1 2
7 1276
1 5
1 64
17 21964
1 4
5 15
5 10
13 39
4 4
2 2
1 25
1 587
1 4
1 3
12 840
1 33
2 59
1 3
1 3
2 2
1 2
1 44
5 5
1 17
1 885
2 2
5 5855
7 7
12 2004
9 9
1 297
1 2
1 1124
2 28
2 2
9 1832
13 37090
2 250
7 126
1 42
4 12
12 276
42 387
4 4
7 125
1 15
1 4
2 14
1 2
10 20
2 54
25 83456
1 289
5 4630
2 2
6 12
1 3
6 6
5 25
1 4
4 3672
3 3
16 352
1 65
7 7
1 2180
2 14
1 9
30 612
5 15
2 4
2 2
2 2
27 20575
42 2026
22 2428
1 13
36 16164
60 1874
12 48
1 2
12 576
3 36
4 127
5 10
1 2
2 4
17 23
2 22
5 5
1 2
1 5466
1 2
1 22
5 70
1 6
7 14
30 12541
12 96
5 2870
5 1515
1 3
1 867
1 4
2 10
15 52
9 9
8 8
83 51785
1 4
15 98
2 94
1 7
2 2
5 3235
1 2
4 4
1 77
7 105
6 1776
1 289
1 264
14 98
1 7
1 62
1 5
31 14450
6 18
2 26
1 10
5 5
7 7
1 3
1 1376
7 14
2 2
7 126
22 48
13 52
7 14
5 15
1 286
3 6
14 14
1 6721
5 5
5 15
1 332
4 940008
2 32
5 570
12 108
7 4060
9 77
1 12
4 2512
9 1935
1 15
1 2
2 3998
2 4
14 28
2 4
1 44
4 20
5 27135
2 2
1 2
1 35
28 42413
5 15
6 24
2 2
4 4
12 24
2 4
1 2
1 7
1 7
1 43
1 2
1 2
1 2
12 206
7 133
2 12
3 60
1 1236
7 7
1 2484
1 14
2 26
31 8364
30 30
6 6
3 3
1 2480
1 485
50 4330
1 21
9 192
2 84
1 33
23 328
1 14
5 70
3 6
1 1767
1 14
3 24
2 2
23 23
1 5
1 867
8 48
11 16585
7 5831
26 442
15 30
7 14
10 240
6 6
1 5
1 3
2 2
1 14
3 3
1 3
5 25
1 4
7 42
14 18
15 2340
3 3
6 186
2 2
1 12
2 2
1 89
1 311
35 106
2 4
2 46
8 35
1 2
5 5
1 2013
1 1822
1 1725
6 12
5 480
2 12
1 14
12 396
7 91
2 66
1 2
2 6
10 366
2 18
15 16
1 65
8 1290
12 48
1 2502
1 3
1 26
21 12639
1 2
14 121
5 1485
1 9766
1 7
2 4
3 39
1 41
1 62
14 15
1 4
3 3
5 5
5 25
5 7515
2 2
10 15
3 3
2 2
1 496
2 12
8 1194
2 2
1 5
2 2
1 16
4 2716
17 349
9 1029
7 7
1 3
25 40
31 5134
3 12
6 18
9 27663
2 2
2 2
1 7
2 2
14 28
12 36
2 4
5 10
14 14
3 6
7 14
2 4
2 2
3 6
1 289
1 301
1 13
1 20
1 2
1 13
1 19
1 98
2 2584
3 3
2 130
3 12
2 8
2 180
20 28382
6 18
13 144
7 14
1 3
35 276
3 2709
8 152
5 35
1 34
2 4036
1 14
1 302
2 2
4 220
1 13
9 45
2 384
1 13
1 161
2 2104
1 24
2 2
1 288
4 10
12 12
9 9
1 947
3 21
15 9082
12 267
11 220
24 13159
1 7
1 2
2 4
7 441
14 70
2 7
7 14
2 36
16 2752
5 5
13 377
25 593
3 3
19 1159
5 1485
17 17
12 24
1 3
3 6
1 882
2 38
1 4
5 35
12 156
2 34
1 69
10 108
5 45
7 392
1 588
1 570
1 5
4 12
1 2082
1 2
1 68
1 107
5 40
31 42916
6 24
1 13
1 506
10 10
8 3685
6 6
1 20
7 35
1 552
7 7
1 5
6 156
2 1766
23 23
7 14
1 6
1 2088
5 5
5 5
5 3720
17 34
12 156
1 2615
2 3534
5 5
1 2
2 722
2 614
6 677
12 408
2 12
1 4
1 19
1 1254
1 5
3 4083
11 1163
2 4
6 6
21 273
7 7
6 563
7 7
1 60
7 84
7 6580
1 3
1 2
2 12
2 102
14 47666
7 7
1 3
17 25
7 308
1 58
2 2
8 28
2 2
2 8
4 4
5 5
1 2
1 698
1 5
4 20
7 258
49 1031
14 18
32 1725
24 911
10 135
1 288
1 30
5 25
12 108
1 5
2 10
6 17
1 3
1 2
1 3
2 26
18 166
1 2
10 6499
1 2
2 4
1 4
1 2
26 168
1 5
10 392
5 5
12 45
3 9
1 65
8 14
17 1666
5 60
4 448
2 78
3 3
7 7
5 685
5 10
1 6
1 6
1 4
5 5
7 67
1 5
18 270
1 2
1 13
3 6
1 7
12 60
1 19
12 3036
1 19
14 266
14 14
2 14
5 5
10 10
7 14
3 3
1 686
1 3
2 2
5 33845
9 36
5 5
1 74
6 6
1 580
1 8
1 3
42 579659
10 552
32 3114
1 2
8 8
1 13
4 6179
1 2088
6 3438
4 4
2 4
1 8
1 34
12 1332
2 80
2 2796
3 3
1 176
6 1074
2 2
5 15
6 126
2 12
7 154
2 576
4 24
12 72
12 36
3 3
6 6
32 8671
2 64
47 674
1 351
1 5
5 40
10 156
1 1602
2 10
3 9
7 13729
12 24
2 28
1 990
3 3
2 2634
5 25
13 39
10 14670
1 2
2 162
3 6
8 8
5 10
7 3906
47 628
13 13
18 6893
1 156
6 6
15 2580
12 226
12 840
5 3725
1 5
6 8
6 6
1 68
6 208
3 3
1 82
3 3
6 6
1 24
5 30
1 573
4 4
1 2
5 20
1 274
1 59
1 2
9 153
1 1292
2 22
12 84
18 18
4 5261
1 2010
12 120
2 2
1 2
7 284
11 41607
3 69
1 4
6 6
1 295
2 2
1 291
7 7
11 22
1 22
1 32
1 2
16 17174
1 382
17 4896
1 6
11 858
2 10
40 2413
10 10
13 42
10 10
1 4
2 9476
2 18
2 2
1 4
15 210
1 291
2 2
2 42
1 4305
2 6
18 18
8 21
18 21075
1 5
5 10
1 2
2 2
4 12
1 10
17 68
20 250
1 2
1 2
7 28
1 2
3 885
1 5
8 5034
4 1460
1 4027
1 2
1 6
12 12
1 284
37 1744
2 2
15 15
2 14
1 2
1 14
1 4
7 994
1 2
16 48
1 10
24 89
2 4
8 8
4 140
3 3
1 351
1 289
31 10577
1 288
2 2
5 5
2 2
5 5
1 6
6 6
1 4074
5 5
2 2
1 4
3 132
1 5
4 842
1 10
67 1075
1 34
5 110
8 2116
9 44
1 2300
1 438
1 33
7 28
1 6
14 1057
2 56
2 4
17 17
5 25
31 57
2 2
1 5
3 9
1 9
10 259
32 1227
1 2
3 6
1 301
5 45
2 2
1 5
7 7
3 3
2 2
1 23
7 125
1 5
4 3064
1 2
6 84
3 3208
21 24461
2 2
1 1486
1 4148
25 36
2 124
12 12
2 2
3 60
5 12
4 4
1 287
3 3
3 78
5 15
2 10
20 40
1 2
5 1460
1 13
1 4
1 786
1 2226
1 304
4 5
2 4
1 10
1 29
1 284
10 66
20 99207
1 3
7 280
21 299628
1 287
2 128
30 1087
8 4634
1 55
7 611
2 6
1 45
7 14
5 5
9 189
2 2
1 33
1 867
5 10
2 4
1 2
15 60
5 5
2 12
3 3
13 17069
1 7
1 3
8 29
3 6
16 80
1 88
16 155976
40 2492
1 267
1 29
1 5
9 9
1 7
1 2
1 2
2 114
5 100
2 1176
15 22
5 5
6 36
5 5
7 21
9 171
1 3
7 35
1 93
6 24
1 2
2 42
10 246
5 12505
7 28
1 2
6 78
1 11
5 185
2 10
16 16
1 5
1 9616
1 9
16 1555
2 2
20 5997
7 98
1 946
5 1440
3 3
1 151
1 92
14 14
5 170
2 6
7 335
14 14
10 24
1 10
31 197
8 808
6 6
45 82
1 6
9 7714
2 28
10 2850
13 23
13 1949
9 19935
7 11
12 84
1 128
1 294
2 4
7 21
17 349
3 3
1 46
6 6
5 8010
20 344
9 207
18 3449
7 350
1 1524
12 2661
5 65
18 6492
2 3006
4 56
3 18
17 464
2 68
6 5286
1 2
1 9645
3 1494
1 300
2 4
23 115
5 30
1 4
1 3273
1 29
6 9
11 3784
1 868
4 4
1 16
1 125
12 156
18 143
1 4
1 8
2 2
1 1295
7 7
3 3
1 4
1 9
10 20
20 20
2 2
12 14
5 45
1 323
5 840
1 14
1 2
1 6
5 42
2 18
1 11
1 4469
13 9685
1 588
3 3
24 9248
1 537
12 504
2 2
3 999
2 2
5 37
5 2870
8 2808
5 30
1 62
7 7
1 5
7 14
7 7
2 2
1 344
1 5
1 6
1 288
1 8
15 8036
18 234
20 2276
12 12
5 546
1 4
21 109325
5 15
12 36
13 260
4 8
5 53
2 2
6 46
18 2211
2 10
19 38
7 483
1 955
1 4
1 2
2 3062
1 4
1 32
6 9
1 2
5 6245
1 1787
1 2
6 49902
9 14
1 3
1 1531
1 2
2 2
5 6065
3 1251
7 1785
4 70
2 2
5 45
15 30
1 927
1 222
4 1592
7 452
15 15
1 3
19 474
1 51
13 48503
1 4
4 4
2 4
5 1885
1 64
3 15
12 36
1 13
7 3508
11 167
12 72
1 7
1 124
15 138
12 216
7 14
22 22
1 5
1 16
20 20
2 1176
5 5
10 30
5 90
9 9
3 192
5 110
14 28
1 289
1 947
2 2
1 276
8 161
1 939
2 4
10 20
1 64
5 10
2 2
1 4
5 10
1 2
2 10
2 85
1 3
7 14
1 3
1 492
12 852
20 53
2 3
1 5
7 236
8 88
9 2968
6 408
1 13
1 3385
1 3
21 17886
1 27
9 81
3 3
15 510
7 1190
1 14
10 12
2 2
21 420
2 2
20 155
5 15
9 90
1 300
2 6
1 13
28 31
5 1015
2 28
2 74
1 29
2 12
18 1465
14 14
2 584
1 286
8 8
23 29
5 1480
8 40
13 78
10 1250
6 150
12 12
3 3
2 124
2 6
1 4599
8 16
21 21
2 450
5 5
2 65
20 172
19 4712
29 29
1 64
1 847
1 12
1 1707
1 550
3 3
19 377
1 895
3 201
2 2
9 27
1 2
2 14
15 38895
1 68
2 14
1 1996
1 4147
9 46
3 93
38 1562
5 7450
1 5
1 1767
4 64
6 6
1 44
8 11
2 8
1 2
1 7
1 1723
17 17
7 7
31 39
2 2
1 7
5 30
2 10
2 1898
1 906
27 25064
47 1816
1 16
2 2
2 98
8 16
2 2
4 4
31 31
3 3
2 4
3 3
7 42
1 1496
2 124
8 60
2 578
3 3
1 304
2 588
7 7
1 25
7 413
12 12
9 114
67 8765
8 3732
18 226
5 220
2 21
6 48
18 20743
7 7
36 163309
1 19
6 36
5 5
2 44
2 2
14 1949
5 190
12 72
19 2970
1 798
1 5
14 774
1 2
18 18
12 468
2 48
12 852
1 591
1 588
15 6749
17 3702
2 230
7 17
1 3
3 9
1 5
2 2
1 21
1 6
5 10
1 14
1 5
5 948
6 1890
1 11
1 2
7 35
14 14
1 354
7 1756
18 76
20 868
3 3
5 5
6 1074
1 2
1 588
10 60
7 811307
18 2032
2 2
2 104
7 56
12 3552
1 896
5 1755
7 28
29 113
1 34
3 5
5 440
16 1763
10 1610
9 280
7 29981
7 546
3 6
1 2
6 6
12 168
1 287
7 448
18 610
7 133
5 5
16 2572
9 9
2 2
7 9
3 3
1 54
4 8
6 12
32 353
1 295
5 135
9 9
2 2
9 72
1 541
6 13212
1 299
1 5
5 1550
5 20
8 40
2 2
9 126
35 351
2 114
2 4
5 10
1 29
1 64
2 2
1 297
1 5
7 7
1 7
2 2
1 35
1 654
2 10
1 296
12 1682
2 6
7 35
2 2
5 85
4 12
2 12
7 14
2 2
4 4
1 3
7 7
1 41
4 12
2 2
1 4703
5 265
3 3
1 2
2 2
7 14
7 35
2 2
19 1178
7 119
11 176
1 3
1 3
1 6
5 45
1 852
18 18
3 12
15 450
10 10
5 27180
34 294
2 34
2 32
1 80
1 280
1 7
2 8
1 29
10 180
1 5
1 1961
1 542
1 867
7 14
1 2
5 35
1 46
5 5885
1 327
2 4
3 102
14 28
7 8345
3 3
6 3757
2 2
3 3
8 2304
13 130
7 6202
1 6
1 287
5 5
28 203
6 6
1 3
1 3
9 390
2 2
10 30
1 344
3 15
1 10
6 25
6 3726
1 6
1 9
1 2
12 3000
2 2
13 13
13 65
17 160624
1 2
20 20
1 10
1 78
7 21
10 184
1 5
4 201
8 21
3 66
1 70
6 24
1 13
4 7996
12 24
16 28
4 4
1 8
1 2
1 3
3 11530
1 685
1 7
1 2
12 36
1 115904
2 2
9 2135
8 512
19 9521
1 14
1 2
1 6
1 9
2 10
12 156
1 10
1 2
3 9
2 2
16 63
11 518
6 7
2 8
16 16
12 5232
3 3
8 56
1 2
28 260
1 13
1 9670
1 6
1 2
1 10
2 178
5 5
29 208
2 2
19 6820
15 15
5 5
7 10297
8 166
1 70
1 22
2 2
5 5
12 12
3 12
1 2
9 9
1 287
1 284
2 40
2 4
1 13
22 302629
5 1650
12 168
5 285
12 12
5 25
3 3
15 30
2 2
12 72
7 7
1 57
1 287
1 44
5 5
1 15
1 10
2 2
3 27
1 3
1 105
1 318
23 69
3 828
20 149
6 156
7 924
7 7
29 7315
2 2
14 1770
15 511
1 9
7 4025
2 2
2 2
12 96
5 795
5 2915
1 3
26 33
42 19847
1 32
1 263
1 10
7 9541
2 4
26 174523
2 48
1 3
11 280
13 116
1 1329
2 46
9 3773
3 18
1 8
44 2183
2 2
1 101
6 30
5 25
1 15
2 6
1 5
1 15
14 43
20 7175
1 19
15 9942
2 59
3 3
5 25
2 82
1 2
7 15
1 585
1 293
13 14
2 2
1 2
3 9
5 50
1 5
1 307
3 9
15 51
1 14
14 37008
1 5
16 48
5 40
2 2
2 66
10 150
5 5
7 4116
2 2
15 27
2 1524
13 132
12 24
10 372
5 5
5 24355
1 45
1 4
3 6
5 800
6 6
5 1755
37 46
1 5
6 30
1 49
3 4509
2 2
1 362
2 10
2 22
5 1255
1 5
1 1614
12 24
1 327
1 23
1 3
5 5
1 1999
8 2296
10 58
5 5
11 11
2 8
1 19
3 13
1 7
1 3
1 1769
1 3
1 1266
7 11228
5 540
1 11
19 44
4 40
1 6
1 3
14 25
7 23
5 5
12 1932
1 2
3 6
10 1676
2 62
9 106551
1 3
2 2
1 13
1 3
27 42
5 6
2 38
1 5
2 4
5 10
7 7
1 13
1 2
17 3490
5 3585
1 57
1 161
2 26
19 6980
5 5
11 3168
2 2
9 36
2 2
12 576
3 1752
19 12921
1 4
1 2
1 2
3 3
10 10
2 4
5 420
7 8308
4 4
12 48
5 5
7 49
1 21
1 14
5 35
4 1104
5 5
1 13
1 6
2 30
6 9582
3 3
2 4
7 182
12 348
1 1470
2 1116
5 5
12 180
1 13
2 2
1 15
14 43
21 315
1 6
9 9
2 26
1 2
7 6174
36 846
2 2
3 10
7 7
10 90
7 28
1 553
1 15
12 108
3 3
1 64
1 32
1 16
3 3
1 940
1 2088
1 10
1 67
5 15
74 134680
10 80
2 2
2 4
1 89
2 2
1 2004
1 72
1 4
1 6
12 84
7 21
1 399
2 2
2 8
3 6
1 5
7 7
7 43
2 6
1 91
1 22
2 10
1 18
1 558
1 355
2 4
5 5
10 7868
3 9
5 10
5 205
18 5292
1 10
2 56
4 4
2 8
7 1995
12 84
9 12
28 172
3 39
1 284
1 2
1 50
9 15327
1 4
12 72
10 13021
1 4
4 132
3 3
6 157
1 468
1 13
2 2
1 21
13 429
5 5
17 81
3 3
9 9
1 5
6 1475
1 7
74 89327
1 44
3 3
3 3
1 3
3 36
2 30
13 26
1 6
7 105
2 60
3 48
7 420
2 82
9 55
3 3
7 70
1 5
2 1302
2 2
29 153
2 38
2 16
8 36
3 6
6 1430
2 4
22 52
1 13
1 2
2 6
9 20
2 1833
5 5
2 14
1 3
2 2
5 15
12 60
6 72
24 3688
16 80
2 106
1 587
1 2587
2 2
1 6
7 42
6 54
1 63
1 10872
1 13
17 404
6 6
15 451
2 2
6 7054
2 572
1 2
9 9
8 2219
5 5
12 12
1 41
1 2
1 56
1 5
3 1788
2 2
1 2082
1 62
2 2
2 20
7 41
12 108
1 201
1 70
2 8
64 480
17 19
1 561
9 30
1 14
7 406
1 35
9 266
3 24
1 21
1 2
1 7
10 49312
3 3
2 10
1 104
17 82
2 524
5 51
3 3
7 21
17 4981
1 5
2 2
24 2057
1 737
1 11
2 2
8 16
12 3228
21 226
1 5
1 15
2 10
51 352
11 33
39 158042
6 18
12 156
12 12
5 5
6 4998
20 769
2 2
1 32
2 6
69 525411
5 65
11 11
1 62
3 3
1 64
6 28
2 16
1 4
1 2
1 3
5 5
5 2675
1 2
3 3
1 284
1 8285
2 2
64 120
2 8
1 4
3 192
1 15
3 6
2 2
27 54
5 10
1 2180
4 20
19 4779
3 21
5 285
43 748
24 8058
1 64
14 14
5 290
2 2
2 2
12 36
1 286
4 4
21 6916
5 15
1 10904
38 1102
4 44
8 48
5 450
10 5700
7 35
2 116
7 2331
1 3
1 4
2 2
1 3
6 29
12 928
19 95
9 4812
30 1048
10 20
7 161
1 2
1 8
11 55
26 26
4 5
15 17
1 294
1 7
1 303
6 10
1 999
12 1332
4 4
2 8
6 84
15 32297
1 38
1 35
5 4590
5 5730
18 10566
27 130
3 3
7 388
2 2
1 5
2 4
2 52
1 158
3 183
7 42
1 3
2 2
1 3
1 3
1 16
1 64
7 6160
1 3
1 1176
7 1841
1 37
3 3
3 1344
13 26
2 2
1 147
1 14
1 2
1 1999
13 182
1 2
5 180
3 12
1 16
1 2
1 693
5 5
7 49
3 3
20 15990
2 2
12 1164
2 2
8 8
3 1764
12 156
6 1475
26 35
1 4469
10 15
1 1293
6 4638
1 8
6 54
1 3
1 275
7 7
1 6
7 7
13 53
8 558
1 5
6 42
3 128
1 6
1 4738
1 64
1 8
3 3
4 4
1 17
3 6
3 3
1 60
1 5
1 20
1 5
2 574
2 58
2 2
15 75
20 20
5 50
11 632
1 2
9 9
1 673
2 4
12 12
5 155
5 17764
13 39
5 10
10 19
6 24
2 18
5 20225
14 14
2 2
3 126
2 2
1 22
1 6
8 5720
7 469
39 20769
5 5
5 5
1 3
1 967
1 135
1 5
15 774
2 4
1 6
5 7455
1 2
5 15
1 11
12 600
2 2
1 146
1 44
3 3
1 2
13 139
2 4
16 215
1 3
7 15589
11 66
2 4
1 5
6 6
3 30
3 3
14 14
1 537
1 15
3 18
29 1980
5 5
3 7506
3 3
37 3231
2 2
24 4487
1 38
7 112
3 3
40 21182
1 6
1 577
1 9632
1 270
12 96
3 30
24 28349
7 14
1 311
6 1475
1 27
3 3
2 26
3 39
5 1755
3 9
12 468
16 1033
1 285
1 5897
10 1560
1 3
1 16
18 35866
3 9
1 311
1 4112
6 44
11 51
5 5
2 112
12 8000
1 10
5 5
6 6
3 6
21 11580
26 1665
2 2
4 4
5 11075
1 5
2 4
12 780
3 18
8 29
1 3
20 32
35 2174
3 3
5 5
2 199
4 1489
8 28
14 54
16 48
14 43
42 7715
1 181
3 6
9 11
1 2
12 12
6 156
1 5
5 670
16 4601
2 2
2 17
4 4
2 2
9 9
1 2
3 6
14 14
5 25
1 2
1 7
1 4
4 2352
1 29
2 2
1 23
1 581
7 13965
6 2454
32 1187
1 6
4 1148
1 302
5 100
9 216
1 7
1 941
2 2
1 2
3 12
1 36
1 4
1 588
3 18
5 10
5 25
1 4
1 3
1 16
2 128
5 10
1 32
10 8820
2 2
1 88
32 30794
1 3
5 30
15 181
1 7
3 6
1 4148
1 2
1 22
9 4833
2 2
19 305
1 285
12 36
19 23946
2 4
13 23
1 2
1 296
3 62
2 4
20 3586
5 2735
6 48
1 2
2 18
5 9805
15 510
2 2
22 46434
1 123
2 4
3 6
13 26
1 13
3 171
1 8
4 80
21 21
25 38
9 53
1 3
12 120
1 15
9 7515
10 48
15 631
13 1339
1 8
1 1442
2 76
1 306
12 11016
12 324
1 2
1 16
1 34
10 100
7 5782
2 52
3 3
1 5
7 574
19 19
2 2
9 3930
2 588
5 1550
12 12
1 25
4 16
7 7
8 40
10 14
1 269
1 8
5 5
1 7
17 8963
9 27
5 5
6 68
2 2
3 3
1 2
1 3
12 12
1 28
14 4691
1 52
1 292
6 6
5 30
9 45
5 5
3 4509
1 5
7 7
5 4380
1 10020
1 34
6 21
4 7028
1 2001
1 3
2 118
1 17
5 52
1 2
7 7
2 10
1 6
6 37
1 5
1 14
2 366
5 15
1 64
1 64
1 3876
17 309
1 3
4 7996
2 2
6 8820
2 4452
8 16
2 2
5 15
15 190
3 33
3 3
5 5710
6 24
1 18
1 27
7 25870
9 1157
93 122
1 6
2 2
1 4148
5 30
12 216
2 2
7 21
4 32
3 15
12 1332
6 6
32 576
7 6727
2 1210
7 16
13 8971
1 36
9 161
1 2
12 12
6 331
10 50
6 243
1 1601
4 548
1 3
1 4
7 9632
1 3
8 903
2 12
7 42
5 60
2 2
4 4
7 7
5 50
2 2
17 17
1 6718
1 884
1 19
5 5
20 4300
11 377
1 301
38 73
13 13
3 54
1 6
1 574
1 1996
1 2
2 4
2 310
1 3
5 10
7 14
2 128
3 9
2 6
1 288
2 10
19 12448
1 1723
14 13124
1 15
2 4
5 1698
1 35
1 16
7 1869
6 6
1 5
3 3
7 6601
1 19
5 25
1 8
1 4140
1 15
1 20
1 9
1 82
1 947
1 3
2 88
34 1466
6 2826
7 2604
2 12
2 2
4 12
1 3
13 34
1 10
13 1262
1 3
1 5
1 3
3 864
5 425
2 14
11 11
29 17310
5 1850
15 36
2 52
2 2
7 14
1 735
2 26
2 30
29 29
32 760
1 57
12 36
12 12
2 32
7 84
1 303
1 2
3 3
2 52
7 4025
2 86
6 1581
2 2
9 9
1 7
5 5
1 8
2 2
1 294
12 451
31 72
1 2
6 28
34 1622
1 1995
2 6
17 3604
18 21460
2 2
1 56
12 72
1 286
1 6
1 6
1 2
1 884
1 16
3 3
16 81
12 324
17 214
40 1982
1 64
1 2
1 590
12 168
5 60
12 3192
7 7
17 344
6 5670
2 10
1 6
7 672
7 91
1 294
5 30
3 3
4 4
1 3
20 44
9 9
8 3542
8 510
6 7
26 1364
16 271
13 34
6 1475
2 2
2 4442
2 1176
5 10
21 21
5 5
5 290
3 6
1 1998
1 2
7 98
7 77
1 13
1 79
17 8364
5 15
20 28
26 686
2 12
3 9
1 2
2 14
1 297
3 6
4 32
14 14
1 36
6 6
12 801
5 50
23 370605
12 4056
1 349
8 49
5 880
1 592
2 4
1 125
1 8
6 18
1 8181
6 12
2 12
1 13
1 34
5 5
7 7
7 2590
10 868
5 5
1 26
2 2
1 6
5 20510
2 2
1 16
9 18
2 78
20 20
14 6538
1 37
9 21
12 1026
5 5
7 7
1 127
1 6
6 43
6 1134
2 14
10 15
5 5
25 69
1 2
5 5
3 3
2 83
5 5
3 6
2 2
3 30
15 2288
6 49086
1 263
5 10
18 18
6 11
1 15
1 7
1 1723
2 10
1 6
1 49
6 78
1 4521
4 4
5 5
3 3
1 303
1 6
12 192
1 2
10 66
6 6
14 14
5 21850
1 301
1 350
1 16
11 194
3 21
1 11
5 389
3 3
1 15
5 320
1 10
3 3
41 130110
18 645
5 285
1 15
9 235
1 288
1 2
4 17836
7 14
5 1770
1 288
2 2
7 35
6 1475
7 686
20 118
1 4
1 3
1 1522
11 372
2 544
1 12
7 1008
1 2
2 4
11 32
1 6
1 31
1 1286
1 306
2 3992
2 34
1 898
2 286
6 11
4 1506
1 24
7 1883
12 300
2 2
30 239
5 5
8 395
6 18
1 34
1 1245
5 45
9 81
96 217
1 2
7 112
1 14
1 64
5 10410
7 84
1 23
1 615
5 435
1 1689
8 16
3 3
1 3
7 49
1 1250
26 1666
1 7
6 40
3 9
5 5
9 19
3 26
1 354
1 8
1 13
2 18
3 6192
2 4
3 15
2 4
11 629
1 2
4 36
7 14
2 4
10 15
3 3
2 144
37 360
1 31
2 1690
10 81810
7 7
2 6872
5 4335
51 14421
1 3
1 2
1 6
12 12
7 7
2 4
13 78
18 50
1 10
7 7
2 4
29 42
5 14721
12 240
1 29
7 945
1 2
2 4
15 925
7 665
1 8
7 7
3 3
12 14
1 23
11 26853
17 41
2 2
13 39
6 48
1 4
1 23
7 548
1 3
8 420
16 32
1 1562
15 60690
16 4592
8 63
2 8
1 48
5 5
1 441
6 16
1 656
7 1162
9 16
1 752
1 13
16 76
1 9
14 17
7 7
5 12798
2 594
2 42
18 18
2 2
17 347
23 27390
9 337
26 26
5 281
6 350
1 8
24 120
7 7
2 8
2 604
9 38996
18 594400
1 2
11 18
1 286
5 29
5 60
5 25
34 2064
3 664
2 12
1 3
9 47
1 4
2 14
1 2
23 4787
16 703
21 4068
2 4
18 18
2 2
7 161
12 108
16 20
7 63
3 42
12 312
7 42
7 579
1 2
1 3
17 24274
15 30
5 10
7 4116
1 1526
10 10
1 2
1 2637
19 19
7 413
12 888
4 1755
1 14
1 4
14 1307
1 75
8 2980
1 2
1 12
1 296
6 300
5 675
1 286
1 5
15 99
2 2
5 60
1 286
1 3
2 94
2 2
1 117501
2 2
1 44
5 5
12 228
2 5890
1 496
2 602
6 6054
2 2
9 1640
29 115
1 5
3 3
1 1533
1 523
5 30
1 6
2 32
1 2088
2 48
41 43136
3 6
1 2
1 22
1 8
4 4
2 34
1 34
2 114
2 96
3 177
6 6
2 32
6 6
2 64
10 84
1 58
1 14
7 21
32 1413
5 21025
4 4
6 6
16 48
1 6
2 16
5 6645
12 672
5 10
1 9
2 70
1 12
3 3
43 8261
3 27
5 321
12 48
21 42
2 2
2 10
34 8153
1 259
10 42
5 45
2 212
18 733
17 66
2 110
15 51555
2 2
2 2
9 77
11 36
2 2
3 6
5 2460
1 11
6 38
2 2
3 3
5 5
2 6
3 9
1 2
1 134
1 2
7 30590
10 4920
3 57
8 41038
1 10
18 2239
1 9
5 830
1 570
1 1020
23 211
1 115
20 60
5 70
12 12
2 12
6 63240
4 3932
1 3
12 12
12 24
32 3384
33 111159
13 3674
5 50
12 96
15 4440
1 424
11 15
7 7
19 149
3 4410
13 3848
6 6
1 930
10 243
3 3
1 19
1 3
21 63
1 3
2 2
4 68
33 456
6 6960
2 60
1 2
1 9
20 188
2 2
1 18
10 35684
5 290
10 24
1 6
4 8256
1 10
10 970
14 58
1 9
15 1491
5 205
24 8604
6 120
1 2
2 14
2 2
5 1056
3 3
1 2
15 7502
1 44
5 760
13 3572
24 24150
12 321
3 6
2 4
1 281
1 3
1 9961
1 98
6 6
1 3
1 389
1 44
1 9
7 7
1 62
3 54
1 2
11 10317
13 13
1 5
3 9
12 12
12 12
7 7
1 5
1 296
7 448
5 25
1 103
22 51
1 57
2 2
2 696
1 4
5 12185
1 2
1 12
5 5
5 5
7 76104
2 20
1 2
1 3
5 579520
12 12
1 12
1 17
3 3
5 635
12 12
6 384
5 5
1 5
26 52
1 574
24 3887
2 4
2 6
2 52
16 16
1 363
3 867
2 22
1 2
1 2
1 34
3 27
5 55
1 4
5 7335
3 26
5 10
1 4
12 15199
11 891
6 26766
1 2
1 4
17 17
2 6
1 2
11 7969
1 17
1 24
1 1947
1 90
1 228
4 4
1 2
17 163
1 1091
1 765
1 3
1 14
2 2
5 10
13 43
9 18
1 105
1 3
1 877
6 5682
1 7
52 1295
1 2
8 8
5 2460
5 5
4 16
7 399
1 64
11 22
5 443
5 5
1 15
5 655
1 3
1 14
3 3
1 306
5 10
35 44
7 10668
5 2650
2 2
17 1970317
1 10
1 2
19 57
1 299
2 2
12 12
1 64
54 1837
13 1917
4 137
6 30
14 14
1 1252
2 2
1 5
13 15106
11 33
1 124
2 566
1 125
4 20
6 44
1 1725
1 2
10 237
2 2
14 14
7 4021
1 34
7 7
11 114575
5 5
12 1332
3 3
2 2
5 15
28 98
5 1200
1 268
13 455
2 16
16 35
7 49
2 2
12 312
23 27
2 126
10 176
11 2560
1 145
7 7
1 3
2 16
2 2
5 130
2 30
14 816
2 2
7 18151
12 96
13 543
7 448
2 2
1 144
10 19
1 56
1 1327
8 66
5 310
4 5
2 2
5 885
1 3
11 17
1 5
10 216
1 2296
5 1510
1 14
2 46
1 1889
7 14
8 600
5 5
1 3
1 592
2 2
1 2
12 4464
1 261
5 5
1 7
1 19
35 626
2 10
1 2
2 2
2 124
27 53
19 4320
15 77
2 86
20 60
1 292
1 4
1 9
2 548
3 4584
2 66
9 16
1 75
5 1435
1 12
5 48236
10 216
3 10
5 48155
1 1213
7 24710
7 4020
16 32
1 1292
1 11
3 27
16 3540
2 2
1 11
1 542
1 267
6 54
14 14
1 64
1 32
1 59
11 1016
1 2
5 12620
9 27
33 2407
7 12
18 18
1 33
12 12
6 12
19 351
1 2215
2 34
1 1197
5 20510
2 4
2 4
3 3
1 1999
1 20
1 21
1 2295
2 2
29 23377
6 6
10 303
10 8836
4 654
1 3865
1 15
19 9325
2 6
1 37
2 2
6 114
6 54
1 11
3 20154
2 2
2 134
1 9
3 64498
1 1745
1 937
8 1184
15 375
1 10
1 3
2 2232
5 5
2 62
1 2
2 2
1 294
1 83
11 9647
1 4
1 4
2 6
1 344
2 2
2 2
1 6
2 336
4 4
6 6
5 10
7 1036
4 4
2 2
1 3
9 55
3 5301
5 205
4 4
2 64
5 5
5 4345
1 248
2 3838
7 196
4 4
23 891
5 30
4 12
1 3
1 2
10 28
7 28322
5 305
1 492
2 4
5 3745
6 24
14 8022
2 2
1 2
2 10
5 26810
3 3
7 7
1 23
21 185
27 3625
2 4
1 1601
7 7
3 6039
1 11
1 2
7 21
10 86
5 780
11 2871
15 15
45 242
1 281
10 119
2 2
2 2
1 325
1 57
5 1665
3 3
2 2
3 3
1 6
1 340
1 24
1 10
14 20
2 2
22 88
6 9388
1 1160
12 108
1 877
1 2
6 83
10 1469
7 105
5 30
6 12
3 1380
24 8263
2 24
1 2
1 356
3 6
1 264
2 2
2 86
2 18
1 3
1 3
5 12615
5 5
4 2190
2 50
1 6
6 12
3 3
12 1932
3 3
1 57
5 40
14 14
3 24
1 350
1 2
1 587
5 20
2 4
3 3
1 2587
1 3
3 9
2 22
3 6039
7 7
2 20
1 2
8 32
12 12
2 2
1 4
7 49
3 3
1 3
3 9
18 35366
8 8
10 2876
2 2
5 13
9 9
6 6
3 19
2 2
7 35
8 72
14 1367
1 10
1 13
6 12
6 605
6 6
1 12
14 266
1 128
1 169
7 7
1 3
2 4
1 323
1 287
2 2
7 105
4 4
2 2
1 24
5 5
1 13
66 1584
15 333
2 4
1 8
16 22529
12 7428
2 2
1 2
5 5
2 24
5 2865
2 282
1 288
13 13
1 3
1 114
5 60
2 2
1 3
21 517
2 28
14 14
1 5
1 301
1 9
40 1274
1 350
1 42
7 14
7 1242
1 168
7 7
3 6
1 9
2 134
5 25
7 2492
2 4
29 88
2 2
43 584
11 394
22 12848
7 35
1 5
2 2
1 5
1 41
2 2
31 40
11 1799
1 9
1 6
1 10
1 287
35 39
1 10
6 11
1 3
14 18
1 4
6 12
3 168
1 8
10 35
1 6
1 2
1 25
1 7
10 20
1 13
1 49
1 22
1 2
13 13
6 12
1 4
2 2
67 134
1 3
5 165
2 2
2 14
20 627
52 136
1 94
29 29
3 3
1 4
5 30
1 3
3 3
3 852
1 5
2 28
12 12
6 1316
6 16
19 7105
5 95
2 2
35 21509
45 22565
1 289
20 5166
6 30
1 2
2 2
1 1757
2 2
2 124
2 570
7 651
2 2
1 885
1 51
7 19
1 2
12 24
2 7508
2 2
376 1711
9 18
2 2
6 6
1 2
3 18
1 6
7 14
1 6
18 18
1 537
1 44
2 26
6 30
5 17935
17 34
1 2
2 6
10 2408
6 384
1 2
6 6
5 75
10 266
1 18
1 248
2 2
38 381
12 168
8 448
24 5572
5 65
5 5
2 6
25 51600
18 1371
2 4
5 50
2 32
6 3516
1 370
12 36
21 1347
26 231
5 156
5 10
2 2
3 3
10 246
1 3
8 8
7 4137
5 110
1 5
28 38
1 32
1 1757
1 269
13 13
1 4
2 12
7 7
11 81
1 4046
1 3
1 40
3 9
10 60
3 6
1 2
2 446
1 3
1 2
1 2
1 2
3 18
2 2
12 72
1 12928
6 12
6 750
2 116
2 8922
1 59
2 10
3 27
2 2
1 137
1 2
2 28
5 60
1 3
10 10
1 11
18 469
1 28
1 22
1 348
6 20
1 15
6 7
1 12
7 343
3 27
3 15
1 1526
1 2
10 45600
17 1159
1 4
6 6
5 5
1 5
7 8
7 14
3 4
14 394
1 33
2 6
15 149
40 372
1 13
18 971
8 16
3 1764
1 269
7 23
13 25
1 692
4 46
12 1980
2 2
12 24
1 45
38 74
8 4704
1 777
1 5
12 348
12 1368
6 6
1 326
9 479
3 27
1 2
1 2
1 327
4 76
1 19
2 2
22 301
5 5
5 5
35 1219
2 2
20 572
1 64
2 1106
1 4738
1 4
1 33
2 4
5 15
15 42
8 296
1 19
12 60
1 291
15 3433
1 28
42 364
2 2
7 14
2 2
24 65
2 2
1 5
2 8
12 1164
2 4
2 16
5 10
2 2
34 103
28 22800
46 4258
2 4
8 2448
2 2
2 2
1 8
17 15310
6 6
9 16
1 2
1 9
1 97
23 92
38 3294
4 6012
25 25
1 2
6 251
4 7012
6 18
1 14
1 9
12 12
5 5
2 2
5 109
1 7
3 9
1 40
16 31
14 56
1 2
1 20
1 596
2 574
1 34
4 24
4 572
6 30
1 354
7 1869
6 6
1 136
1 939
6 8032
1 2
1 611
1 101
14 19
12 72
3 3
1 87
1 3
2 12
8 112
1 37
1 1482
1 944
12 36
7 7
1 87
16 32
19 5975
1 3
19 434
40 507
13 13
16 4608
3 7443
5 15
5 10
10 13728
8 8
2 2
1 2
2 4
1 21
1 13
2 2
17 3817
3 84
3 3
44 939
12 804
2 30
12 12
12 96
3 5922
4 1755
11 55
24 9014
19 4305
20 72
2 2
2 2
1 5
1 3
12 12
5 26985
3 183
13 3952
7 8811
2 136
1 5
2 2
2 6
4 1816
1 18
5 10
10 477
7 7
10 100
3 3
1 10
23 69
6 6
2 14
1 12
6 11
7 7
4 8
2 2
1 2
1 3
3 3
12 252
1 4
6 11832
5 5
2 1276
5 30
1 62
7 119
1 4
2 2
1 226
5 20700
1 2
4 3596
2 2
2 14
14 42
4 12
1 2
13 32526
2 6718
1 2
26 647
2 6
1 908
1 87
12 12
1 62
6 378
16 50
7 56
1 2
20 24008
1 3
18 798
1 350
11 2430
1 10
2 10
2 2
2 32
3 15
5 10
5 5
2 10
12 2184
2 130
5 80
11 28765
7 7
1 31
10 2837
1 456
5 12
1 4
5 10
9 99
30 30
6 6
12 12
3 21
5 30
1 3
1 125
1 15
2 144
1 276
1 5
6 6
10 1130
1 42
1 6
3 15
4 24
1 64
1 535
30 30
2 10
5 5
4 8
5 6
2 2
1 2
1 2
1 43
5 5
9 320
8 24
1 1995
2 10
4 56
1 2
2 4
7 35
32 26969
12 10138
1 21
1 18
15 15
1 2
7 21
1 4
9 9
1 56
7 343
7 63
2 2
12 48
1 2
1 3
1 5
15 15
5 5
18 25
1 22
2 6
11 11
2 2
9 9
1 300
13 16
1 6
1 3
1 2
5 110
1 588
3 1224
9 943
2 2
2 128
7 14
2 6
1 1689
7 373
1 3
1 171
1 9
2 2
7 7
1 6
3 99
1 72
1 15
7 6076
9 77
1 2
16 147
1 9777
1 5
1 1503
6 6
10 45
17 4879
2 10
1 27
9 238
1 10
10 30
1 16
4 1498
1 337
7 7
2 8
1 8
1 4140
1 6
1 3
2 4
1 17
2 586
1 9
2 2
1 2
2 2
5 10
8 8
1 2
7 3864
1 286
2 12
15 12569
7 115
14 122
6 2910
1 1289
18 1029
1 64
1 10
4 92
12 36
5 5
9 27
7 35
1 73
11 218
1 10
5 5
13 949
5 15
2 2
12 1205
10 328
5 165
12 12
1 2
2 2
9 18151
2 2
3 6
2 2
1 289
1 551392
2 8
5 15
5 5
5 6260
5 10
5 1440
6 10
10 10
8 971
2 4
1 1095
5 1770
6 282
3 3
7 69
1 3
2 2
2 2
5 5
11 262
1 1707
1 3
9 198
11 11
1 34
1 2
6 12
9 27822
1 9
7 7
3 3
5 20
1 21
4 38
2 2
7 9065
2 128
6 108
15 59
1 20
6 36
10 2486
16 16
1 335
1 5
1 5
1 78
17 48160
1 22
10 84528
1 2
6 91
6 2448
5 5
30 7873
1 1995
7 434
10 5476
1 4977
9 9
8 48
1 13
5 20
1 287
1 7
15 26
1 13
7 28
7 872
3 21
6 45
5 5
12 24
1 2
1 23
1 286
1 14
2 8
1 14
1 9
2 42
18 1227
1 2
1 1767
12 168
1 63
1 4816
2 1184
11 21989
7 7
4 100
2 26
1 1039
3 18
5 2558
1 284
8 8
23 46
1 877
5 60
1 3
15 450
2 2
5 12
1 2
1 1996
3 3
1 574
4 7
1 512
1 2593
7 390
15 15
16 594
3 993
5 1505
1 21
3 6
5 10
1 5
1 50
1 434
5 5
1 6
7 4116
12 36
11 132
2 2
11 27
20 406
2 700
9 9
3 30
3 15
8 8
2 2
1 295
7 7
5 34
6 13326
6 1475
1 3
3 20
1 9
2 4
5 5
1 64
7 7
14 14
1 30
8 96
3 9
5 5
1 120
4 1862
1 3
1 158
1 2
2 8
13 310
2 496
10 10
36 1040
8 16
1 2
3 393
11 820
7 91
6 18
5 1480
1 2
2 588
6 6
3 3
3 3
12 3861
1 22
3 15
5 65
3 9
1 4
1 14
1 474
2 2
7 7
2 2
1 1163
9 80
3 33
8 8
5 4425
14 294
9 50346
1 115901
3 9
7 448
1 14
1 12
5 10
1 7
5 5
7 2009
2 2
12 348
5 1490
1 18
20 115
2 6778
3 9
9 18
1 142
35 654
2 109
1 337
3 3
1 69
35 106
5 40
2 8
4 3828
1 34
17 1799
1 176
1 349
24 91875
3 26
2 2
7 1040
1 3
5 20
2 6
1 877
9 6993
9 18
1 2
13 13
1 4
1 881
3 18
5 475
6 6
2 2
1 1388
18 36
18 152
1 12
26 52
5 320
3 6
1 2524
1 8
5 5
7 28
1 3
2 46
2 6
1 2
13 13
9 20
1 654
7 7
2 2
12 264
1 179
2 10
7 3924984
12 12
1 3
1 4
2 6
1 3
1 947
4 1098
6 30
4 4
3 3
10 10
2 2
9 78408
7 112
1 2
7 448
1 7
1 16
5 5
17 1493
4 4
7 7
7 29219
5 2120
6 18
15 900
30 120
11 11
2 22
6 12
1 349
1 19
4 8
28 35
1 2
4 28
2 3840
2 38
1 10
18 9024
1 590
7 35
2 2
1 14
1 2
1 29
21 1420
2 2
2 10
2 2
13 182
1 12
22 88
1 2
5 50
9 45
5 230
1 154
1 351
1 162
12 96
1 3
1 2
12 384
5 5
1 654
1 205
1 585
1 136
11 41
2 2
5 2005
9 9
2 1308
2 10
5 20
6 6
10 146
2 87
9 18729
2 12
1 58
13 13
1 16
19 414
3 888
3 6
7 1800
5 50
5 210
12 2013
7 2030
2 68
1 40
26 1431
7 7
1 6
3 3
27 27
40 90
2 2
5 5
1 17
16 82813
1 4
5 130
3 15
1 5
1 64
7 14
1 13
1 14
7 14
1 260
1 67
5 10
2 2
5 5
2 4176
1 7
1 64
7 2478
1 21
9 3808
1 2
1 2
1 255
15 1395
10 40
12 636
28 86
2 2
3 32
12 36
2 4
5 30
1 297
24 6826
1 183
3 336
12 36
15 3575
1 2
1 54
3 3
1 26
13 208
2 2
1 597
7 7
1 271
1 7
5 5
10 118
10 90
4 20
1 288
8 32
2 2
1 13
2 16
2 4
1 1523
6 30
1 3
24 9945
2 104
18 58
1 61
5 15
1 4
4 1416
3 6
1 9
3 3
5 9800
1 11
7 7
1 268
1 3
1 11
1 26
1 11
1 7
1 3
1 332
33 2188
12 36
3 3
13 39
1 7
1 592
1 4073
9 281
2 200
1 6
5 5
9 9
1 2
8 3516
13 28
1 70
7 259
5 10
6 6
1 2
16 16
3 8297
65 14032
15 20533
3 9
7 7
5 5
12 12
1 558
1 2
10 358
29 35
5 320
1 2944
1 12
1 2049
5 5
4 17
15 1390
1 4
1 7713
5 30
1 2
1 287
