35 106
3 128
3 6
35 117
5 5
2 1770
8 72
1 10
6 114
2 4
1 13
14 15
16 16
3 21
1 14
16 215
1 4
39 20769
1 573
2 6
1 309
12 840
32 30839
5 60
1 3
5 10
1 9
2 250
1 21
1 28
1 551420
7 11
1 14
6 384
8 13
1 5
1 5
15 930
19 10734
1 3
4 4
14 98
6 138
7 9
1 2
2 10
7 20
1 408
63 153
1 5
11 41
12 108
1 217
1 946
5 22
3 9
7 1869
1 5
1 169
2 556
1 267
1 140
5 165
1 2637
10 80
1 2
5 10
7 161
33 48
3 3
1 5
13 19918
7 7
9 7679
5 320
6 11
7 56
4 4
3 74
20 188
13 13
2 4
2 8
1 618
1 13
1 2088
1 2
18 1824
17 17
1 6721
7 42
1 584
12 768
14 1949
1 10
2 10
1 13
3 15
1 10
10 176
2 28
1 584
1 947
5 485
7 203
1 749
6 28
1 28
6 18
14 23
1 2
2 26
1 2
1 599
1 2
1 20
1 2572
5 60
1 2
1 1999
12 1408
1 14
1 293
2 26
12 108
1 2
1 487
12 12
7 448
1 10
3 9
16 157
5 5
1 4
1 12
1 4
1 6
13 12337
1 2008
6 12
13 13
1 45
1 87
1 4148
12 72
18 52
19 72
1 231
6 18
3 30
1 11
1 3
2 40
3 3
2 38
1 4
2 2
2 2
1 2
1 3
1 116
1 6
6 18
1 33
14 1148
1 7
5 1480
12 324
5 10
15 22
1 349
1 9
5 10
5 1505
31 444
16 116
1 581
1 1759
1 2
5 5
5 20
2 2
1 3
10 17670
1 7
12 12
9 44
13 13
2 2
7 113
12 12
5 35
20 36502
2 32
1 115
24 2049
1 8
7 7
1 355
6 9461
5 5
15 20533
1 19
1 1687
5 5
1 2
2 6
15 2816
3 3
1 21
1 907
37 125
7 7
7 10
5 320
1 22
6 6
5 29840
1 5437
79 446
9 53
29 88
11 22615
1 5
1 2
7 18123
1 90
3 3
17 349
3 3
15 38835
1 4521
2 136
12 636
1 5
21 17886
8 440
2 584
12 12
12 216
11 33
2 6
1 15
14 816
2 4
8 16
9 576
1 8
1 2
9 18
12 768
1 21
2 2
2 2
5 160
7 7
14 14
1 277
1 12
1 17
13 26
1 16
2 6
1 3
4 43
7 14
1 19
3 18
2 700
7 189
1 64
1 822
1 20
20 20
40 2050
1 3
5 5
9 261
1 881
10 290
5 1755
7 7
1 95
2 120
12 636
7 105
12 60
1 3
5 10
1 43
3 15
18 70
14 28
14 14
2 680
1 288
12 96
1 11
2 570
1 2
2 4
2 4
1 3
4 4
1 888
2 83
2 2
4 6
11 114815
2 4
44 939
3 9
1 312
2 10
16 3528
1 267
3 3
1 4
25 109
1 4146
9 5040
8 72
16 119
3 876
5 8765
5 5
10 2175
2 4
6 6
5 130
2 2
23 4796
1 2
30 239
34 294
3 12
1 7
24 27710
5 6
5 1665
5 5
19 3474
3 12
13 143
10 56
1 4143
10 30
7 84
9 99
5 5
1 4045
7 35
17 383
12 432
44 7285
5 725
13 1898
1 11
1 4
4 4
15 36
17 17
7 14
2 12
3 6
1 2
5 15
18 845
13 560
2 2
1 16
5 25
5 2650
2 22
1 597
9 9513
3 3
7 7
1 1503
5 1440
2 60
2 2
1 1292
1 3
8 16
1 26
13 275
7 10290
20 1074
1 5
5 15
2 1182
3 3
7 49
5 1280
1 58
6 18
1 6
11 11
1 2
4 60
2 8
2 8
7 42
5 285
5 65
1 4
1 152
33 111159
2 4
7 210
18 106
6 6
6 3528
2 2
3 3
1 295
2 2
5 10
1 4267
12 12
1 492
15 30
26 403038
9 4879
1 1166
2 2
12 55
1 77
1 161
9 78408
1 297
1 103
8 32
1 31
1 587
9 16
1 81
2 1112
2 4
23 27390
12 36
2 22
3 7608
13 16
1 69
15 435
1 35
11 3201
2 26
8 8
1 2
7 63
5 10
2 4
9 3930
4 4
1 22
1 20
3 15
7 126
4 24
5 5
2 38
2 156
7 448
5 1885
12 96
1 349
24 8604
3 26
1 491
1 15
1 5
1 5
6 3570
5 32
1 7
2 4
1 5
1 11
6 56
17 24340
1 14
3 6
10 10
6 6
1 3
1 44
16 48
3 3
2 2
1 139
4 4
1 96
11 13
6 21
1 2
5 520
35 39
42 1291
24 168
26 1538
1 716
1 3
6 9
2 2
6 42
7 1617
2 6
1 3
15 15
1 2
1 3859
1 10
2 2
10 57195
1 2
1 2
2 128
22 2598618
9 162
2 14
20 99230
4 36
1 584
1 2
1 288
5 10
1 2
1 22
12 1080
7 7
23 92
5 5
5 5
5 1435
1 2
2 4
2 4004
1 1995
3 1380
2 28
7 240
4 48
29 17310
1 3
1 7
34 103
15 1470
1 297
2 2
3 3
1 2
1 80
2 2
1 65
1 35
1 588
2 4
13 312
18 36
42 3912
5 5
9 10913
2 6
1 4
1 12
19 535
5 30
1 11
1 1187
37 330
3 6
6 24
32 689
7 4116
6 563
6 6
5 5
2 18
1 4
1 2
10 62
2 34
5 10
1 17
5 192
13 86
2 72
16 50
37 10514
1 3
3 33
1 42
12 36
5 325
1 1162
2 1120
1 5
5 395
8 48
33 911
20 2270
1 2
1 62
7 442
2 2
2 4
3 21
1 294
31 52099
2 2
1 19
7 203
9 9
10 36
1 6
2 30
1 15
2 4
2 4
15 1860
10 12
4 56
14 14
5 5
1 302
12 12
12 636
2 2
3 3
1 5
1 140
9 9
2 2
10 10
23 370617
1 15
8 8
1 10
1 2
2 12
1 575
18 18
12 12
1 2481
1 15
15 60
2 2
19 23946
5 5
29 113
17 41
9 273
3 27
2 12
20 20
1 63
1 2296
13 39
1 11
1 291
4 8
22 275
27 389
12 5232
2 4
5 10
1 394
5 15
1 2
28 5182
5 5
1 264
6 20340
2 2
7 451
50 4178
1 67
7 128
3 906
4 32
1 11
9 9
1 25
10 4846
1 3
2 2
1 32
6 8
1 5
1 1996
7 14
7 9044
6 6054
42 7632
20 92
2 8
6 138
6 6
17 4879
1 3
1 4
5 250
8 8
1 334
1 35
2 12
1 2
2 56
3 3
3 3
1 25
1 741
8 175
5 5
2 2
19 19
18 10075
1 4
1 87
18 1152
5 185
7 7
2 42
7 56889
8 40
1 3
3 3
7 343
5 30
20 317
15 465
18 404
20 5166
1 5
1 70
12 12
1 305
5 10
20 24
1 71
7 7
16 51
1 76
14 72
2 2
5 2980
4 4
2 8
1 5
2 12
5 30
6 6
10 8836
18 18
8 77554
1 280
1 1528
1 59
24 2996
10 146
1 24
7 7
2 304
12 348
2 14
7 21
14 504
9 845
1 1997
5 15
3 3
1 1162
1 5
11 262
10 19
5 2393
12 96
28 28
1 133
3 201
3 18
1 36
5 1815
3 7
8 903
7 35
2 14
15 98
5 24080
1 29
2 144
1 14
29 16558
9 70
5 5
2 2
7 7
1 975
2 2
1 6
1 296
2 12
12 12
2 14
1 3
12 276
2 3992
2 4
30 30
10 68
7 148
2 6
7 28
1 6
1 31
1 57
11 81
3 6
1 4
35 1153
5 10
9 320
6 12
5 281
1 637
8 70
5 5
1 2
5 9
10 2690
38 73
2 2
2 3838
5 33855
1 1947
1 50
1 62
7 7
5 5
1 10
1 10901
12 2004
2 8
6 6
1 2064
10 146
2 2
5 1435
20 60
1 4
19 34
1 20
16 48
6 46
10 14670
11 12903
1 2
8 11
2 2
1 2762
1 654
11 1747
12 96
6 6
2 8
3 3
4 4
16 18
5 220
1 6
11 1812
1 1889
2 14
1 5
5 10
1 2
5 267
20 642
1 9
5 11125
1 31
9 6948
5 5
1 2
5 5
2 20
12 39
7 70
6 68
27 411
13 26
18 645
1 2
1 10
11 22
1 1467
1 867
5 30
1 32
6 264
2 4
2 4
2 4
14 70
2 2
5 5
2 2
1 78
7 7
3 24
3 3
2 2
1 2088
11 39379
5 275
12 156
1 9
1 1357
12 840
5 5
2 3006
5 25
3 3
1 44
2 6
2 2
1 3
6 4638
2 566
3 45
11 1713
4 76
2 4
2 14
2 6
1 16
13 13
15 5481
7 14
1 3
51 14421
5 175
1 4
5 5
1 2
1 16
30 674
10 385
1 580
1 351
20 155
3 6
1 281
1 3
7 42
8 168
1 2
5 1015
2 10
36 172
2 144
5 5
3 3
7 91
6 72
1 58
9 77
1 6
2 10
6 12
4 5172
2 10
1 1995
9 2968
3 3
7 56
3 13110
1 5
2 2
2 2
6 72
8 232
7 14
2 44
1 3
20 40
3 3
26 2504
40 1982
1 16
2 2
2 16
1 741
5 2870
5 40
7 7
2 4
3 6645
5 7320
1 828
4 4
32 1227
1 307
16 8624
5 25
3 69
8 410
2 2
1 29
7 574
5 5
3 3
1 62
2 8
3 18
2 6
2 138
1 291
5 170
1 3
5 11205
10 392
1 23
5 9810
2 2504
3 3
27 42
3 45
5 1265
1 595
21 24461
2 4
1 3
6 30
2 12
13 30596
12 276
1 14
7 441
16 23
19 2225
1 6
3 3
6 6
2 8
3 36
1 2481
1 149
1 22
2 14
6 2448
10 475
1 11
2 6
5 21850
5 15
101 497
37 3231
13 13
1 50
10 630
1 93
1 34
3 3
46 1332
1 2
2 14
5 10040
1 15
14 14
1 322
2 2
1 283
5 5
4 527
2 2
1 37
1 269
1 2
11 33
3 3
1 9
2 2
8 88
1 745
1 62
5 1275
6 6
33 8596
3 3714
1 14
2 30
2 2
2 2
3 3
4 4
2 2
1 2
1 1973
2 6
4 104
3 3
7 77
1 22
2 9312
5 75
1 6
1 2478
6 6
16 352
2 3446
1 3
1 33
20 352
3 3
1 5
34 413542
2 8
5 55
6 6
5 60
1 170
7 1869
12 12
14 37008
32 1911
2 2
1 9961
3 3
13 48503
1 4
1 10
31 27953
1 908
19 18518
6 18
5 1755
1 4
2 26
1 583
2 2
5 5
3 3
5 100
5 4535
1 3387
1 574
6 27
1 301
10 10
9 9
1 13
7 7
17 58
1 5
4 12
3 3
6 6
3 9
4 4
1 45
9 18
1 5
1 2
1 3
2 4
1 312
1 3
36 602
3 3
19 155
11 22
1 219
6 2403
7 60
1 5
1 939
2 4
8 87998
10 84
13 34
1 885
4 1040
1 1950
1 8
1 3
39 3411
2 1274
5 2895
7 10297
1 27
1 4
3 12
5 1655
5 45
2 2006
1 24
28 31
1 1139
7 259
5 30
3 30
1 27
5 65985
12 228
14 382
4 73
2 2
3 9
1 240
2 4
1 2
1 2
2 1656
67 8764
5 110
1 33
5 10
15 15
12 120
1 588
1 2
52 370
1 498
1 37
8 29
2 2
3 33
1 45
3 1788
1 1999
1 288
14 42
3 42
9 225
5 10
1 5374
9 192
3 3
3 3
7 4025
7 7
13 130
1 294
10 264
1 172
1 2671
10 8374
2 2
6 6
3 12
7 546
8 16
5 65
1 5
17 17
5 29
1 1597
1 145
7 14
6 6
1 13
1 53
22 22
9 9
13 149
7 14
2 2
14 18
5 5
1 10
13 13
2 2
19 786
1 2
3 15
1 5
8 8
1 15
1 2
3 3
5 6
1 29
5 10
6 6
12 24
12 576
15 1250
1 765
2 24
6 78
14 14
1 9
7 7
8 2408
7 2002
2 2
1 2
7 5187
1 2
1 344
1 7
7 40
15 34
19 19
7 23
2 2
13 39
26 38
1 2
1 67
8 72
1 391
1 9
9 36
2 12
1 536
3 6
5 5
21 233
11 90
2 1158
22 110
22 66
8 2970
1 16
10 308
1 202
1 3
19 8541
2 88
1 35
12 1080
3 6
1 2
2 2
1 4
6 42
2 4
8 2296
6 426
2 596
18 166
2 2
2 86
13 13
2 8
1 72
59 162
2 2
1 24
3 62
21 21
18 18
2 2
11 18
12 768
9 22
15 45
1 67
5 10
3 3
7 267
10 10
1 41
2 2
11 457
13 65
1 289
1 6
1 3
1 11
12 708
14 20
2 2
6 10
6 18
1 8
39 240
1 351
7 7
2 2
2 1218
16 703
1 2
1 3889
1 2
11 4887
5 5
16 16
2 2
1 3
1 3
1 4
2 86
5 4201
3 3
1 7
8 19808
1 8
3 6
2 4
20 40
1 1298
1 15
2 126
16 2585
2 2
3 669
1 2
1 2
2 6
23 2041
1 2
5 5
1 287
7 469
3 6
11 44
1 3
4 4
14 14
5 36
3 6
2 6
5 3231
6 1475
1 5
1 7
12 12
3 3
7 7
6 12
1 53
1 11235
2 2
1 466
1 18
16 199
1 2
1 11
6 6
5 5
7 7
1 13
1 398
11 1551
2 2
1 36
7 49
1 297
16 25
2 128
12 12
1 2040
1 2
1 2
1 15
12 2988
1 25
2 6
7 24717
1 1598
1 103
2 8
1 287
12 3157
1 2
1 28
1 2
6 6
5 7450
2 2
41 2334
9 39
29 23377
18 418
1 944
1 39
1 50
1 11
13 3990
3 336
1 25
1 6
1 23
5 150
6 7951
2 2
3 3
2 64
2 6
19 1178
1 301
1 354
1 45
1 290
2 38
1 6
1 6
6 6
1 10
11 11
1 7
18 640
15 3575
1 14
4 23544
1 22
11 220
6 6
9 27
2 86
1 27
5 285
2 240
10 20
18 32997
2 6770
13 4238
4 40
5 5
1 2
7 7
12 876
1 42
1 2
2 2
1 2
12 96
12 600
5 1755
1 15
1 2
1 654
1 270
2 16
29 42
12 3564
1 3
7 1841
6 138
18 54
8 8
2 1792
1 11
2 2
3 30
12 12
1 20
1 62
7 7
2 32
1 326
1 15
1 2
37 664
12 24
2 2
1 4
2 1146
2 2
5 10
5 655
40 590
1 335
2 50
19 44
3 15
3 3
1 63
10 20
5 5
6 24
7 245
1 41
8 35
1 1587
7 7
4 1239
1 1020
2 14
7 14
12 2013
1 18
11 1218
12 192
10 80
17 1950
6 1581
18 18509
4 256
7 7
9 9
16 3645
12 348
1 114
2 10
13 42
1 2
1 49
7 42
20 4300
5 65
16 1555
7 7
1 6
2 24
1 4
1 5
1 7
1 18
3 3
1 159
7 35
1 15
1 148
9 5880
6 30
6 6960
12 48
1 98
12 168
7 11809
7 7
10 9490
1 5
2 18
1 140
1 32
1 4
11 77
1 3
4 8
2 2
1 575
1 6
1 10
3 12
5 25
24 20940
1 11
1 2180
14 14
14 17
1 5
10 90
2 6
20 110
2 4
1 587
6 6
1 10
2 1424
16 41
3 12
3 15
5 8
2 4
1 35
8 24
4 2422
3 3
3 5109
1 4
1 5
13 23
7 35
1 2
1 1767
8 150
4 4
13 3848
2 24
2 1082
1 2
4 16
2 16
28 42419
3 9
41 8253
7 539
5 65
1 39
1 1350
4 100
2 124
1 296
2 2
18 5575
5 10
1 293
5 10
7 7
6 11
1 9473
9 9
1 12
1 2
2 943
2 1776
11 510
1 221
1 34
1 588
1 33
7 21
36 846
1 4
12 48
2 42
5 805
15 1020
9 5949
2 2
9 18
1 485
1 4
1 2
2 2
4 24
7 63
5 795
2 2
8 3542
2 124
12 12
1 2
2 30
1 828
13 13
10 6860
7 5421
1 2
5 5
1 12
2 38
2 2
9 18576
5 30
1 287
15 23109
8 8
7 7
12 24
14 14
6 6
6 6
12 623
9 145
3 6
1 20
1 32
1 64
15 7956
6 5304
1 3
4 4
4 1498
2 12
1 22
2 2
1 8
5 5
2 4
2 2
1 402
5 5
1 5
2 16
1 13
3 3
12 84
1 3
4 92
2 30
1 14
2 2
5 5
2 2
1 4112
1 7
1 9
1 88
3 8
17 425
9 259
14 28
2 68
5 10
15 258
1 72
8 2108
34 2054
2 126
6 384
3 3
9 11
13 13
12 2988
12 672
6 1722
11 1028
1 5
2 26
1 2
8 5720
20 40
1 11
33 10187
5 10
12 36
1 7
1 4
2 36
1 5
2 2
6 3528
6 35
11 22
1 262
1 3
5 70
2 114
1 2
1 5
2 6
1 4
2 1176
5 5
1 58
5 10
1 5
5 621
1 4
1 1533
18 3718
2 2
2 38
6 53
3 171
3 36
12 2184
1 7
10 10
20 372
35 4200
1 591
15 1896
1 4148
1 3
12 276
6 7
1 69
1 1020
6 12
1 9
15 63
1 6
7 21
11 32
21 21
7 98
1 8
2 4
26 1656
1 94
1 311
5 15
11 45483
5 20
2 64
7 2856
10 12
2 16
1 3
4 12
12 276
1 2
2 2
1 926
27 103
1 312
5 6240
6 1801
1 62
2 1860
1 45
1 5
3 84
7 133
3 9
1 2
12 24
1 10
1 49
7 28
5 5
5 10
1 4375
7 7
1 304
3 3
1 3
1 6
1 71
9 27
10 2687
6 6
24 8056
5 5
1 597
2 22
1 6
1 428
31 8364
12 12
1 451
9 9
2 2
17 25902
2 2
5 2680
4 12
8 54
11 51
1 6
16 64
8 8
1 2
1 2
1 25
1 1976
1 97
1 296
3 6
21 128145
2 26
15 15
3 3
11 32
19 9273
1 350
1 2
1 4
21 15362
3 3
1 72
1 15
9 18
4 4
1 545
5 5
6 6
10 11696
2 22
2 2
5 80
13 3497
1 9
5 2370
3 9
5 5
1 152
1 6
1 25
7 63
1 5
4 4
2 2
7 35
3 3
9 189
2 6
1 5
24 5572
14 43
2 2
5 30
8 3664
11 11
12 384
1 89
12 84
1 4
1 867
1 587
11 2889
1 2
1 1595
5 25
15 803
3 9
3 462
1 4
5 1315
5 100
18 189
8 2280
19 4788
21 4068
1 2
9 50364
1 4
1 3
1 289
12 36
3 3
1 354
7 2030
5 10
1 574
5 5
6 6
10 19
2 100
12 37
1 1995
7 35
18 142
1 1329
1 553
3 6
6 62064
3 6
1 6
33 52626
12 132
1 31
2 59
5 105
1 654
1 10
1 4
12 2016
1 36
1 6
6 54
3 15
2 2
5 2935
3 9
1 5
3 1047
2 2
2 3664
4 8
4 36
15 32348
7 7
4 256
2 6
2 4
7 7
3 10
13 39
9 9
1 4
1 939
6 12
3 9
1 4
5 5
12 71
3 3
8 248
5 5
20 5824
1 2
1 19
2 12
2 2
18 798
1 16
1 3
6 6
20 3333
12 156
17 84
7 7
1 6
6 12
1 13
4 12
2 10
1 10
2 36
16 19
1 5
17 68
6 6
1 10
11 6798
2 2
1 149
4 17840
1 6
5 695
12 2064
5 5
15 26612
8 112
15 15
1 22
1 2
3 39
4 160
3 3
24 1680
1 114
4 66
2 80
1 5901
3 6
10 10
12 840
9 9342
1 19
21 57
2 10
1 29
1 11
6 677
14 28
11 820
1 276
8 29
2 4442
3 9
2 2
1 2
37 87
1 2
14 5028
1 884
2 4
26 26
1 10
23 37
2 4
1 15
1 3
15 126
32 114
2 4
3 9
7 35
7 35
3 995
1 1995
1 292
7 112
5 5
1 340
2 2
2 54
1 36
12 48
44 1040
3 1764
9 27
1 16
7 14
2 588
1 3
7 525
1 26
2 2
2 2
2 2
1 57
2 24
7 390
11 990
6 1711
20 60
3 18
2 2
18 610
2 2
5 55
20 180
4 528
1 1912
1 57
1 4
20 60
1 8
20 20
12 72
1 596
7 728
2 136
12 156
18 36
3 6
5 340
14 122
5 5
14 1640
2 4
1 1973
42 579811
1 585
1 24
19 1355
1 2
2 2
2 22
5 85640
1 2
2 2
30 25650
30 329
5 15
5 5
2 199
1 13
2 4
5 2940
2 610
5 35
1 2
2 4
9 9
23 27
1 75
1 3
3 3
54 1755
16 7027
1 289
18 145
5 1755
2 36
2 2
2 2
12 72
2 4452
1 9
1 5
5 15
10 58
5 50
21 12639
2 56
2 2
1 6
6 43
4 24
5 5
1 58
7 35
15 311
1 2229
45 3355
9 207
6 24
1 908
2 430
5 5
2 6
1 2
12 12
2 6
5 20225
5 25
7 63
19 388
7 147
3 9
3 3
1 20
1 332
10 1330
1 28
7 1988
1 304
19 9325
2 2
1 255
5 5730
6 38
2 16
7 70
1 2
1 552
5 5
1 2
3 8
7 14
12 892
7 14
1 25
7 28
6 90
1 3
2 6
1 98
1 4
12 276
2 2
4 20
1 3
12 72
5 2930
6 84
9 24
4 4
1 1503
1 27
2 2
2 2
3 3
19 3113
1 803
43 2521
1 1275
5 1440
1 4
1 3
7 7
5 60
19 1987
7 2079
5 865
9 175
1 18
6 6
1 5
2 2
1 1040
1 25
12 10915
2 10
1 7
7 7
1 64
1 4
6 6
7 3409
2 1884
1 3
1 1995
4 4
21 2085
1 2
5 19740
1 67
1 152
1 23
24 13165
1 287
7 7
6 114
1 877
5 24370
2 60
6 1475
34 8133
1 2
12 24
2 6
2 2
15 9082
2 52
1 11
12 59
7 7
2 602
3 3
1 4
1 33
8 324
5 5
5 5
3 3
9 2128
6 9383
35 12481
1 4
5 10
2 2
2 716
13 42
12 12
5 115
5 75
5 155
1 2
7 2002
1 3
2 2
7 1967
9 2421
2 4
6 25994
17 28
6 6
12 84
2 2
6 1716
15 15
1 57
2 2
1 1962
1 2
2 106
1 5
2 2
10 50
1 15
1 62
5 5
1 3
1 2
12 48
13 53
16 28
5 1515
5 47
3 7761
2 2
5 2455
1 5
5 1515
5 200
1 5
13 377
3 3
1 3
1 11
1 35
21 1448
5 5
3 6
1 1144
16 80
4 842
7 7
2 3534
9 1183
5 25
7 819
16 19842
7 6594
2 2
1 15
1 1767
1 350
4 4
3 6
10 218
1 219
10 1506
15 60
10 380
1 2008
3 12
1 13
1 2
3 18
2 106
3 3
2 10
83 11201
8 1348
1 2
22 1528
17 155
7 49
1 22
33 166
1 3
4 8
5 5
1 2
1 6
2 2
51 352
5 9805
4 219
8 604
1 3
1 2
1 11
1 3
1 3
1 49
1 2
1 15
5 5
8 8
5 5
2 2
3 3
14 14
5 5
3 2709
1 140
12 12
3 2115
5 805
2 2
1 8
2 4
1 2
1 1011
2 6
2 2
1 115904
26 1431
13 65
2 2
2 16
6 342
24 6495
1 2
12 12
2 2
2 2
1 15
1 14
7 7
5 4335
2 801
4 4
7 112
7 70
1 161
15 63
4 4
2 12
6 157
1 1339
4 1866
7 3864
3 6039
1 640
3 8297
40 21413
16 21
10 84
1 10
2 130
1 6
2 594
8 8
29 7315
5 295
2 2
1 3
1 9
4 16
3 6
17 27268
2 128
4 4
12 120
1 1804
1 457
7 20
5 2005
1 8
7 21
1 9632
1 584
3 6
1 3
7 756
2 16
2 8
7 7
18 2189
7 7
17 347
3 3
3 3
21 315
17 467
2 4
1 1772
17 6781
103 11180
2 32
2 2
14 266
1 12
5 15
9 135
6 36
26 25102
3 9
5 40
1 3
1 5
2 2
5 15
1 39
19 41339
1 3
1 4
5 5
1 64
5 5
6 3516
1 697
1 20
1 5
1 171
8 66
1 303
7 7
12 60
1 7
7 7
1 580
5 20
1 19
1 6
5 45
1 301
3 1635
7 651
5 250
18 21075
2 2
5 20
8 8
7 49
1 2
6 12
2 570
2 2
12 868
1 5
2 106
12 12
1 3
3 78
20 250
20 103393
8 8
3 12
1 786
2 2
9 2655
1 4
9 90
3 888
3 1359
1 301
1 2
6 7728
2 2
1 5
1 287
18 2109
2 2
28 22800
3 3
1 1524
1 288
2 2
25 69
2 8
2 4
2 2
1 12
2 2
1 5
7 7
1 10
9 520
1 6
7 23
1 7
5 1734
10 60
3 4
13 975
5 5
5 105
1 4
1 23
7 9639
8 16
5 5
1 303
15 68310
1 391
7 28
13 25
10 30
19 302
3 1674
1 6
5 25
1 117501
1 3
1 105
4 4
1 2074
5 10
1 286
5 205
7 42
1 542
5 20
18 7191
1 3
16 390
2 1498
27 20573
7 2737
2 10
1 3
1 584
10 35
2 8
5 5
25 83456
1 7
1 10
4 980
15 209
1 591
1 2
7 7
2 6
2 2
5 15
2 104
15 25305
1 269
3 3
9 4812
19 38
1 7
6 18
13 65
1 10
4 12
7 7
4 12
2 2
4 32
18 76
5 20
1 8
2 2
12 2201
1 590
3 3
5 5885
5 74
1 2
1 47
4 12
4 4
1 4778
7 7
3 13
32 374
1 32
11 1834
5 14
1 6
12 84
6 156
7 822507
3 66
5 50
15 15
1 6
7 672
14 28
7 448
2 2
2 32
10 10150
2 6
1 302
6 46
5 15
2 4
2 2
2 2
7 7
5 20
13 130
13 3562
1 80
21 63
1 3
1 50
1 4046
8 11
12 12
1 3
3 6
1 939
2 2
11 17
1 7
2 2
2 366
5 21090
9 9
1 5
2 2
1 9
2 10
4 4
2 2
7 112
2 9312
1 3
17 8963
1 36
17 82
7 14
24 932
7 8491
5 40
2 50
7 14
12 72
1 2012
1 573
32 912
2 2
1 3
1 61
6 7
3 3
6 162
1 13
1 19
18 1432
1 5
2 1166
1 105
1 32
1 5
12 876
1 19
1 2
10 281
1 22
8 8
8 76
23 111
1 25
1 29
6 6
5 5
2 12
7 42
2 82
1 15
13 247
17 19
6 11838
1 2
14 14
1 64
5 9995
21 63
3 3
2 2
2 32
5 1750
2 2
7 30590
8 987
2 2
5 20
5 10
2 18212
2 2
1 25
1 5
1 327
3 9
8 88
1 492
1 7
1 64
7 21
2 2
1 43
1 4140
14 14
3 3
1 7
2 2
16 24
1 941
2 102
2 10
2 2
8 40
1 141
21 273
3 14
2 6
1 301
10 10
13 26
3 999
17 160624
3 6
16 221
12 348
4 56
1 2
1 542
3 9
3 3
7 9
1 47
1 5
1 13
1 2
6 54
5 15
2 2
2 6
2 4
1 6
3 3
12 84
6 24
3 3
19 5981
2 2
18 162
2 12
18 2277
20 28790
1 2
3 3
1 58
4 132
12 468
3 3
1 8
7 56
1 5
6 36
1 10
4 6012
18 9030
7 175
1 4
3 102
11 220
12 60
5 48155
1 2
6 30
1 9
1 11
16 16
8 2296
30 1294
1 2
2 34
3 32
7 49
1 14
2 14
2 2
26 52
8 1184
2 2
23 211
15 59
2 122
1 1399
11 33
59 97
1 2469
7 10920
14 674
1 737
1 76
1 44
30 63
5 10040
3 3
19 25748
4 92
1 29
1 74
5 85
1 5
13 13
1 3
2 210
1 289
17 8835
1 377
2 4176
12 72
9 55
10 20
1 14
7 35
1 7851
39 76
1 14
26 52
5 1485
7 33
1 3
5 55
5 5
3 177
3 9
2 78
7 381
2 3056
1 37
5 65
2 415
31 8751
2 2
17 4879
1 3
3 3
1 1480
5 4695
1 64
5 75
67 1943
12 12
12 24
1 46
5 325
12 60
3 3
3 6
11 7993
12 168
13 1003
1 10
7 92
4 218
1 16
1 34
13 39
13 182
1 7
2 4
5 5
2 180
2 6
9 9
16 615
1 32
20 1908
29 66895
1 23
1 6
2 19
12 120
3 201
6 24
1 288
2 2
7 170
2 2
2 4
1 881
7 14
5 1440
13 312
8 8
5 50
1 9
1 128
11 25
1 1523
3 54
2 6
28 1634
6 54
7 14
2 592
19 18408
1 2
1 144
1 3
12 852
4 24
21 475
12 60
2 1280
1 5
1 3
1 11
7 7
6 3726
15 225
2 4
1 3
2 4
10 45
2 2
1 289
12 180
6 6
1 5
1 4
6 66
9 9
1 5
7 7
5 7360
1 2
12 168
7 7
1 33
2 14
5 20
19 155
7 7
6 378
7 16
2 4
2 2
4 36424
1 3
1 408
7 7
2 140
18 165
1 26
7 742
2 2
12 216
1 9
9 479
2 162
1 3
12 12
1 441
1 1996
1 86
1 29
5 5
9 9
12 84
19 7393
12 72
5 30
2 4417
2 73
6 6
11 11
14 14
5 10
19 1745
1 15
1 3
1 4
5 25
1 3
6 36
3 42
35 1219
2 8296
15 259
8 8
2 2
6 12
2 8
3 3
5 220
2 4
1 145
1 3
1 16
9 9
10 10
5 15
2 32
6 6
2 524
1 14
5 95
1 2
10 50
5 25
1 3
4 4
3 9
1 3
2 2
1 5
6 340
8 4198
1 252
2 4
5 10
24 3345
1 8
12 120
1 7
2 77
10 540
3 42
13 13
7 355
1 692
1 937
3 168
1 2
1 5
1 2
1 2
66 122
7 7
1 85
2 1980
1 17128
1 4
1 1528
1 14
7 145
1 7
5 20730
3 4
7 70
14 109
1 949
23 211
7 2604
1 64
14 14
2 4
30 7876
6 47
1 13
4 4
2 78
1 290
1 9
1 144
1 161
14 2614
2 2
1 10
3 9
1 3
1 288
5 5
2 1770
3 878
16 686
1 4
17 25
2 46
1 2
7 7
23 22473
1 7
15 974
14 4018
18 2466
1 3
1 23
6 36
6 74
1 1526
2 6
1 1470
1 222
1 88
12 84
19 38
13 241
2 110
12 12
2 38
4 9800
2 2
1 2
5 10
2 14
12 96
4 4
10 15
1 25
11 2349
2 2
1 1604
1 2
27 25064
5 10
1 2
1 3
12 864
26 1523
1 5
2 2
1 1768
12 1932
7 7
2 8
2 2
8 56738
9 19
5 8010
7 28
1 15
1 2
12 1164
2 10
1 24
1 94
13 13
14 14
2 8
4 24
7 175
1 16
2 2
6 12
1 24
2 58
5 1275
5 285
1 5
2 104
1 7
5 25
16 19592
1 6
24 147
1 12
1 3
1 4523
1 13
6 340
1 15
2 77
2 8
2 8383
1 6532
2 536
1 19
3 39
17 1493
1 2
17 51
2 8
1 34
5 5
2 22
4 7
2 270
2 2
26 18957
3 1721
2 2
2 2
7 35
1 2
4 1776
2 2
4 4
1 8
1 3
1 8
39 1312
5 130
1 3
5 15
16 22875
6 8
2 180
2 6
20 64376
1 7
17 48160
28 37
1 1054
1 2
1 61
1 356
2 2
6 11
1 2
13 13
15 2580
1 4
1 4
6 24834
30 30
37 125
1 33
15 15
5 35
59 890
2 2
12 324
2 2
6 1134
7 140
1 1292
1 29
1 2
3 9
5 320
2 4
1 8181
1 2
6 18
1 14
2 2
2 1816
1 109
7 14
35 2702
3 186
3 123
14 14
7 14
2 84
2 10
1 19
14 47666
29 73845
7 750
7 7
5 5
1 2
5 10
15 15
12 24
3 888
2 2
5 5
1 20
7 14
12 36
1 2
12 60
1 4074
1 82
5 15
14 54
14 43
2 774
2 4
12 12
1 3
2 85
3 3
6 11
1 21
1 121
7 6622
36 163300
1 1256
12 72
3 3
1 86
5 89
15 15785
1 3
15 181
31 10506
1 6
1 2
3 15
1 2
15 542
9 12
1 55
2 2
1 4
2 2
2 2
1 10
1 4
1 64
1 2
1 37
2 2
5 25
1 2
6 6
5 510
1 2
1 287
3 3
2 210
17 17
9 4824
6 60
1 158
20 24008
8 9459
1 2
7 42
2 8
1 4073
1 5
11 11
16 79
1 34
3 3
1 8
9 144
7 7
1 8
13 288
1 7
1 2
9 261
2 18
2 2
1 15
1 29
1 2
1 2
3 36
5 5
1 40
1 37
2 66
1 4
2 40
2 232
1 6
2 4
12 13008
2 6
7 13986
1 62
21 61
40 1924
1 16
1 16
4 20
5 5
7 7
6 6
1 64
15 34
9 153
2 574
1 49
1 361
13 14
24 24
7 15260
10 60
16 16
3 3
1 4
12 72
6 6
1 942
2 2
2 4
1 9
1 2
12 216
14 225
2 8
2 2
3 11536
20 1526
1 2
2 2
1 2
1 72
5 26800
11 28765
1 156
1 4
2 4
1 102
1 6765
3 6
8 32
25 29
1 3
2 2
2 574
3 861
5 2885
2 2
1 23
1 57
5 30
1 19
1 2
18 90
1 37
15 2112
5 135
35 38832
1 2
9 117
25 1432
21 11580
1 9
2 2
1 10
2 2
12 3612
4 12
4 4
15 2722
5 70
11 239
52 1295
2 2
5 145
1 849
3 9
6 6
5 480
3 6
1 376
1 1787
1 4
7 217
8 245
6 12
1 136
14 1943
14 3129
5 30
12 48
1 5
10 18
1 289
1 2670
1 2
1 43
1 1602
66 1452
2 2
1 50
1 302
2 4
1 6
39 76
18 469
2 2
12 24
2 18
3 15
7 7
1 2589
3 15
2 12
7 7
9 198
42 701
10 10
1 7
12 588
6 24
10 946
1 64
1 2
2 14
7 91
1 296
2 5640
1 3
20 60
1 19
1 2
16 35
5 15
3 3
11 11
2 2
1 2
1 2
5 1460
5 25
5 5
10 66858
1 3
6 24
1 2
22 120
2 2
8 14
2 2
6 108
7 7
7 21
1 5
1 2
18 1386
3 9
13 13
1 7
1 46
5 20
7 133
1 312
1 11
2 2
1 59
7 105
1 9
40 243
1 1723
1 34
2 8
11 2430
1 53
10 35684
2 22
8 90
1 27
8 875
1 16
1 351
2 4
1 15
1 13
15 20655
1 556
1 6
1 94
13 310
4 4
3 12
7 14
7 28
15 272
14 14
7 21
2 88
1 5
9 9
2 4
1 354
5 25
9 19
1 8
1 14
9 135
9 153
1 561
2 14
18 18
6 328
5 5
7 35
10 30
6 578
6 1854
5 50
7 119
10 10
23 13432
32 26993
1 65
3 48
2 2
1 5
5 5
7 7
2 2
2 50
1 579
20 2308
3 183
1 6719
1 17
2 8
1 3
3 3
2 4
2 2
1 21
26 229
2 30
9 17694
9 19935
2 4
1 7
1 3
6 204
1 10
5 15
1 31
1 82
1 2539
6 7
10 261
2 8
1 618
2 984
9 63
23 29
1 287
21 1486
6 38
3 3
10 100
7 28
1 3
2 83
2 2
1 42
6 3438
7 21
4 4
8 8
2 40
2 6
1 8282
1 3
16 69
1 12
3 3
2 4
7 7
1 16
2 6
1 351
1 222
18 625
10 31
5 5
29 95
5 50
15 28
1 7
2 2
1 16
10 54
1 2
9 9
5 8680
1 3
1 22
1 277
2 2
1 44
3 558
1 2
4 52
1 6
2 2
1 33
1 5
1 673
5 56
7 441
1 2
1 1752
10 1132
4 4
1 16
6 49086
9 54
5 165
1 15
6 1486
17 21964
11 473
3 3
6 6
1 20
11 975
7 231
16 39
5 5
2 48
3 15
16 19
3 3
2 28
1 4
7 6988
12 24
1 16
1 8
1 10
5 60
4 4
9 9
2 24
1 80
2 32
9 9
1 264
1 9
2 690
1 2
1 14
5 5
8 16
1 3
2 4148
38 5582
3 64498
1 64
1 2
1 237
12 6996
11 16556
16 21040
19 12911
1 267
8 26
1 2
1 2
19 167
7 91
1 12
5 670
13 3731
4 16
1 3
25 593
1 17
5 400
14 18
1 128
1 183
5 5
1 3
2 42
37 11632
1 15
12 72
1 296
20 20
22 319
2 2
3 15
1 4
9 17694
5 5
1 2
25 32
6 18
2 32
7 7
1 10
6 14
2 22
2 54
4 5
9 10
1 3
7 7
2 6
7 2009
6 12
5 2960
10 12
2 6056
1 7
2 2
3 39
1 6
6 6
5 75
15 33
1 1191
7 21
1 21
31 31
12 60
3 3
4 13823
1 5
1 67
5 116
1 36
1 259
18 594448
2 122
9 20
1 44
2 2
5 1380
3 3
40 151
2 2
7 14
5 5
44 1388
1 1950
7 7
1 12
26 84
1 289
2 2
1 2
1 9
3 3
1 3
1 1011
11 2849
1 137
3 26
2 46
28 258
20 118
7 42
3 3
1 25
5 30
12 876
37 46
1 8
5 3460
4 17
2 2
1 312
12 516
3 3
16 159
1 4
25 25
1 967
3 3
12 84
14 33
20 220
7 21
2 6
7 245
1 588
3 3
17 5015
1 8
4 124
1 1148
5 30
1 289
2 22
6 12
2 4020
3 6
1 4
6 17
2 36
1 4
1 2
3 3
2 8
5 5
31 146
1 15
1 2
7 14
1 4
12 2670
1 301
15 15
5 25
2 24
20 34921
4 4
7 217
2 4
24 2509
3 58
19 8484
5 5
3 3
12 456
1 53
16 48
7 7
7 4073
9 10
7 21
15 15
12 24
1 6
5 175
1 8
2 10
2 264
4 108
7 7
5 760
7 8488
5 135
13 43
7 21
1 2
1 104
2 2
1 289
35 1211
5 1885
2 6
1 398
7 36
1 4
1 2
5 29505
5 35
5 10
1 4
5 15
1 15
9 18
1 8
1 10
1 2
2 28
12 223
1 12
5 5
5 1795
15 768
1 13
2 1308
1 292
1 21728
1 942
6 18
18 174
3 6
16 135
10 61
1 93
20 32
1 5
2 134
6 90
2 2
2 18
1 3
2 18
1 6
1 64
6 9969
12 512
1 26
1 2
2 6
2 2
21 21
2 2
1 3
10 10
1 596
4 4
1 52
7 8463
5 5
1 224
12 12
2 6
1 2
16 32
8 529
2 2
10 46
1 881
9 288
15 12301
6 5304
5 10
3 38
6 13
1 3
2 257
1 4
2 2
2 12
5 30
5 6280
12 2316
1 3
1 41
7 269338
1 5
7 98
1 3
12 96
4 148
12 7428
6 6
2 62
11 36
2 8
27 1050
34 75
3 5988
11 11
2 2
3 3
1 6
1 2
1 264
11 88
1 301
2 2
1 2
1 19
1 287
1 5
10 10
1 4
7 12754
1 877
14 28
1 350
1 11
5 10
6 12
26 26
6 7
2 6
2 666
2 2
2 2
1 2
4 16
5 35
1 8529
1 7
16 48
1 3
5 10
9 5404
2 4
42 99
1 8285
7 7
3 30
1 12
12 828
3 18
5 5
1 4
11 1016
10 13728
1 3
1 2
1 292
14 3990
1 11
5 5
11 146
3 855
7 14
2 2
2 2
1 114
7 269
1 21
7 29229
14 6964
1 370
2 26
17 358
10 106
3 5985
1 506
2 10
1 286
22 44
7 21
3 6
10 11696
22 2523
1 8
5 15
7 7
29 29
1 4819
1 1082
3 138
1 1578
1 3
7 7
3 15
8 63
1 2
2 2
7 15736
5 2920
13 208
21 42
39 304
26 26
1 5
7 14
1 18
8 40
2 2
1 587
1 1265
1 2
1 296
12 15200
14 308
6 9588
12 120
12 120
1 1117
2 10
12 39
1 885
1 14
2 6
9 238
8 16
4 8860
1 32
3 3
5 260
1 286
5 5
12 12
2 2
22 22
12 1164
9 147
1 14
1 176
1 55
2 2
1 656
1 2
2 2
1 106
13 78
14 140
1 14
42 554
5 10
8 4634
3 3
1 858
5 170
9 9
1 6
3 10
12 45
1 61
1 3
2 18
1 7
4 244
2 2
2 572
2 2
2 10
1 20
2 652
1 2
13 104
34 31045
1 294
2 20
7 98
12 1230
2 6
7 14
1 3
1 53
1 286
2 28
5 20
10 30
2 10
20 154
23 23
3 3
10 99
3 1522
10 30
1 64
7 1242
20 22760
1 9
1 23
2 8
16 32
1 3
1 73
1 300
1 14
9 279
1 287
1 115901
1 2
1 285
1 2
3 18
1 12
6 4869
1 5
5 5
22 52
2 14
1 15
2 2
1 3
6 186
5 35
2 2
3 16
1 34
1 536
6 3528
1 7
13 9800
24 1527
4 12
1 4
16 155932
12 432
1 9
7 140
17 569311
1 63
1 5
2 7
2 2
3 15
6 1475
1 5
1 2
1 2
1 42
7 2247
24 58
18 18
1 34
6 6
1 1562
1 17
1 2
1 30
1 286
23 23
1 5
5 5
1 9
12 252
1 10
14 12348
1 896
1 867
1 5
2 140
2 128
1 261
5 5
12 468
12 48
1 6
1 2
4 13560
5 60
2 1640
10 7014
11 11
5 530
2 586
1 15
26 26
1 3
17 65
1 3
1 3
10 10
5 20
1 421
8 8
1 2
1 867
6 6
17 265
17 7090
2 18
1 2
3 6
1 7
17 3904
1 43
6 12
1 297
6 1475
2 6
1 2
7 1199
8 32
6 12
1 7
3 3
1 248
6 30
1 299
1 36
3 6
9 17
45 82
7 21
7 35
1 64
18 226
3 12
1 588
1 882
12 12
1 883
12 8000
3 8
1 587
5 1510
2 8
29 29
4 4
37 220
4 5261
3 9
5 70
1 577
1 573
8 8
1 40
1 6
4 2872
2 2
1 1382
2 26
12 12
1 7
3 3
5 2120
1 28
12 48
1 3
1 30
1 3
1 14
12 24
17 139009
2 8
6 7
10 50
18 6893
4 112
1 3
2 14
6 18
1 11
2 4
11 297
1 10
5 690
1 6
6 16
8 90
2 68
3 3
3 2875
1 12
1 5
12 96
2 2
4 12
3 3
7 42
5 2870
16 57
29 115
5 7365
1 11
1 56
7 6076
1 278
10 2624
2 6
1 3
2 1458
1 133
16 594
1 6
21 420
12 12
3 6
6 3528
1 28
4 1968
7 7
1 31
1 35
11 402
1 25
14 266
17 1970317
1 7
2 2
7 14
1 7
1 3
25 207
12 12
2 6
12 84
1 29
17 73
4 4
1 588
1 1995
1 4148
1 457
8 26
9 9
1 30
7 7
1 19
2 4
1 115
1 8181
6 6
2 8
1 7
7 63
1 7
2 2
1 7
20 20
1 967
1 8
15 149
1 5
2 2
4 192
1 2
18 270
2 6
2 10
1 179
2 4
34 1765
5 10
4 4
10 20
2 4
1 288
2 4
8 5034
14 28
1 6
1 5
2 6
1 4
12 207
34 12038
4 26
1 3
6 12
1 1116
7 1276
1 5
1 4
5 15
1 351
2 2
2 17
6 91
5 135
1 8
17 1735
13 78
2 10
2 610
1 62
4 4
15 16
1 281
16 9200
1 3
12 840
12 576
2 59
5 2995
1 2
2 2
1 2
1 44
1 10
1 885
1 16
2 2
21 294
2 104
1 2
25 36
18 7592
2 2
7 7
19 31946
1 64
2 8
2 250
1 42
1 55
42 387
4 4
19 19
4 100
2 48
7 125
18 971
2 1210
10 10
9 203
1 4
2 14
1 2
6 48
1 881
10 20
1 22
6 1316
2 6
2 2
2 2
6 6
5 25
1 4
3 6
4 3672
9 9
1 22
7 4025
3 3
11 141
1 65
7 350
7 7
2 14
1 2
3 1255
2 2
5 15
2 2
2 2
42 1247
2 76
1 297
1 13
2 2
12 48
1 76
5 5
1 488
1 1039
4 127
1 22
60 1874
2 4
1 3
1 5467
9 943
7 7
1 6
5 20
2 2
12 96
3 3
1 3
26 1413
1 17
6 6
15 52
9 9
83 51785
11 11
1 10
2 2
1 2
7 105
1 9
1 11
2 548
1 25
4 20
1 2
1 5
1 7
1 62
1 5
31 14412
2 26
6 6
3 5295
3 3
2 26
9 121
1 5
20 416
7 7
1 19
2 2
7 119
1 22
7 14
1 286
1 2
1 6721
7 5743
2 10
5 15
11 275
1 332
1 2
1 2
7 4685
7 35
2 32
12 108
1 104
1 12
1 301
3 3
2 2772
4 2512
2 6
9 1935
1 2
8 11090
2 4
1 351
1 44
5 27140
1 274
2 2
1 2
5 55
6 18
5 725
5 15
2 2
6 30
12 24
29 2065
2 4
1 35
7 16390
2 2
1 7
1 574
1 7
2 2
26 212
1 26
1 2
12 220
7 133
2 12
3 60
20 553
1 4
1 28
4 109
3 3
1 2484
5 4425
1 14
2 2
2 26
10 20928
15 54
1 2480
2 2
6 22
6 75000
2 2
1 2
1 33
7 7
7 14
17 34
5 70
1 14
3 24
23 23
2 6
7 1785
1 1999
13 156
3 9
8 48
1 3
5 3685
5 70
3 58
2 2
26 442
2 2
1 4
1 2558
7 12144
17 143506
7 8811
1 9
15 540
1 4740
7 42
1 9777
1 26
3 3
6 186
1 2
1 13
3 4
1 12
2 2
1 89
2 4
15 1390
2 46
1 2
1 2013
6 17
1 1725
2 116
2 5274
2 12
12 372
7 91
24 9044
19 127
16 80
7 617
1 289
2 64
2 6
10 366
12 12
12 48
1 2502
8 8
5 15
5 85
3 3
1 124
21 450
2 10
1 57
1 9767
1 7
5 5
8 2116
1 288
3 42
6 6
1 4
3 3
19 23046
5 25
1 3
1 2
1 3
2 6
1 2
10 15
15 42
2 2
3 12
8 1194
1 5
1 63
4 2716
13 39
1 2
25 40
1 12
5 281
6 6
1 2
4 4
7 7
1 5
9 27663
4 44
7 620
1 7
14 56
7 26
3 3
10 18
7 14
3 12
12 1932
1 14
4 28
1 20
33 2407
1 2
1 2
5 10900
3 3
2 2
1 2
7 28175
2 2584
1 17
40 1711
1 3
1 288
20 28
2 2
52 83270
7 4101
9 61
2 8
1 2
1 3
35 276
8 152
2 4036
1 14
7 128
7 35
9 45
2 384
1 13
2 26
1 161
41 22993
17 11428
2 2108
12 12
6 9606
9 9
1 947
5 295
6 6
1 7
10 204
13 13
1 2
3 4
2 7
7 14
2 36
24 466
10 38
9 106551
5 10
5 6645
7 44
2 12
12 3861
3 3
19 1364
19 527
6 3166
5 100
1 587
1 4
2 22
2 34
5 110
2 1754
2 2
1 588
12 12
1 302
1 570
1 2082
1 288
1 107
5 40
31 42916
1 13
1 19
8 3685
10 874
1 21
7 35
1 552
1 370
9 15327
1 5
6 96
2 1766
11 12305
1 1603
5 25
9 12
14 14
5 5
2 722
12 408
2 10
2 2
1 4
1 1254
3 4083
16 16
19 19607
3 3
7 6601
31 5134
1 327
7 84
14 1057
7 28
2 4
5 5
7 6580
1 4
1 2
7 7
2 12
2 102
1 581
7 7
13 286
1 5968
1 3
8 581
7 308
1 57
1 16
8 28
1 2
1 14
2 34
1 2
5 5
3 3
1 2
1 697
4 20
49 1217
32 1821
11 1172
8 2205
1 23
1 5
9 18123
12 108
2 10
13 3705
1 2
1 7
5 1770
10 6499
1 5
17 1666
4 448
1 4146
6 48
7 7
3 6
5 685
1 287
5 10
1 42
1 6
1 363
26 255467
2 30
5 21025
12 60
2 6
1 18
1 11
1 408
12 1164
12 3060
1 18
2 2
12 14115
5 1430
2 6
6 2934
5 5
13 13
7 14
1 1350
1 701
1 3
9 36
2 10
1 74
7 4088
1 8
1 1999
1 3
7 450
10 552
1 2
8 8
1 14
2 2
4 6179
7 196
1 8
1 34
1 304
2 80
2 2
2 2796
6 6
6 1074
1 536
7 154
4 24
12 72
1 137
3 3
20 20
2 60
1 4
1 351
1 5
5 5
3 3
10 156
2 10
12 24
2 3446
1 990
1 15
2 8
19 38
3 3
2 114
47 719
13 39
31 58937
1 2
7 6160
3 6
9 18
1 5
1 1382
7 3906
45 242
1 3
1 156
1 297
12 226
1 21
6 6
1 97
3 3
1 32
1 24
5 30
2 2
4 4
5 20
1 2
2 2
6 12
1 3
2 22
12 84
2 6
5 700
1 2010
7 284
1 18
11 41769
3 69
1 4
1 295
5 30
2 2
1 3
1 291
1 19
11 22
1 2
1 292
2 2
16 17174
1 392
2 2
1 6
11 858
2 12
40 2413
6 30
2 2
10 10
13 7696
1 4
1 3
2 12
7 105
2 18
2 2
5 9975
2 6
8 21
1 5
1 2
2 30
1 2589
4 12
5 5
3 3
1 4977
1 2
4 52
7 28
10 68
1 5
1 2
1 2
1 6
2 2
4 43
12 12
1 284
1 1999
2 2
1 1176
2 14
2 3840
1 15
7 882
1 2
16 48
1 296
1 1973
8 56
3 63
4 140
1 2
37 1192
2 114
3 3
15 30342
1 4
5 5
1 6
1 838
4 84
5 5
16 271
6 342
1 4
1 14
3 132
1 5
1 5
2 12
67 1075
1 36
1 3
1 438
3 15
3 9
1 33
2 2
6 7
1 6
1 17
7 49
5 5
2 56
2 2
2 4
17 17
2 68
31 57
32 20649
1 6
1 9
2 6
5 5
10 251
1 2
1 5
1 4
1 23
2 4
1 3
7 125
4 24
1 17
4 3064
5 165
3 3208
1 1487
1 68
11 18
2 122
1 466
5 20
12 12
2 2
24 6972
14 294
19 87
6 8802
3 4
1 11
1 289
1 13
37 8611
1 1604
9 126
2 1240
5 15
2 10
1 41
3 1072
1 2
10 15
12 120
34 1670
2 4
1 29
15 6749
10 66
2 2
2 42
1 3
7 266
30 1089
18 3449
2 6
1 45
7 14
5 5
1 44
1 188
2 2
1 32
1 2
2 4
1 714
1 542
1 21
5 5
1 2
1 2
5 5
3 3
13 17082
1 56
21 299644
1 3
3 6
5 23725
2 4
40 2492
3 3
1 29
9 9
1 7
2 6
1 1996
1 2
1 2
6 20
6 6
2 114
1 3
6 36
5 5
7 7
2 2232
7 84
3 6
7 240
7 28
1 10020
1 2
1 5
1 1236
6 40
16 16
6 9
1 9617
1 11
10 10
2 22
7 105
2 2
22 302661
36 16164
1 137
1 2053
1 90
14 14
1 20
2 2
5 180
9 9
18 5292
1 288
10 24
15 3460
1 6
2 28
1 15
13 1949
10 240
12 84
1 128
1 1602
2 2
13 13
1 48
16 31
1 581
20 430
21 34439
1 6
18 18
5 65
5 4795
1 2
5 5
1 2
1 4
1 76
3 18
17 464
13 39
6 5286
1 4
5 1850
2 30
1 9645
3 1494
12 58
2 4
23 115
5 95
1 16
1 29
1 2
1 12
6 331
11 3784
1 16
6 24
1 68
12 156
2 60
2 2
7 2254
2 8
5 10
21 49101
14 8022
17 309
7 3508
2 2
18 1465
3 9
11 13890
1 1533
2 22
1 3
3 5301
12 14
1 9670
5 45
3 69
1 323
1 2
1 327
1 616
1 4469
4 4
1 3273
3 3
1 126
11 21989
6 1475
2 42
15 90
1 14
3 3
2 130
3 6
5 37
9 27
5 30
26 168
5 315
2 2
7 7
4 4
7 7
1 344
1 5
5 60
2 2
1 1296
1 4
16 569
6 6
1 8
5 5
15 8054
18 234
5 541
5 5
19 1537
21 109325
7 1281
1 27
1 17
5 42
4 8
5 53
2 10
8 224
14 58
7 490
1 960
1 4
1 1124
2 3062
14 1770
2 2
2 21
5 5
18 1441
21 190
2 2
1 4
19 43
1 2
5 6245
6 49902
1 3
1 19
9 14
1 52
1 1531
19 349
376 1715
3 27
5 5
10 10
5 45
15 30
1 927
1 2
14 321
7 413
1 222
4 1584
3 6
12 156
15 15
1 19
19 474
7 1008
5 579520
1 588
1 2
3 15
1 3
10 104
1 30
12 36
1 2
5 60
1 11
23 12880
1 7
1 2
12 36
1 2
1 124
7 7
14 394
2 4
3 3
12 216
7 14
22 22
5 100
2 1176
1 2
5 5
4 4
8 49
5 85
2 20
9 9
3 192
1 29
8 12208
14 28
6 1475
1 2
5 70
3 3
1 289
1 947
7 14
2 4
10 20
3 10
10 4920
5 10
1 553
1 2
2 85
7 14
6 6
14 14
3 3
11 55
12 864
20 53
1 301
2 10
2 5894
1 3385
21 17886
1 27
3 3
9 117
1 3
1 14
1 12
2 2
5 20
9 81
2 6
1 19
14 572
10 188
2 28
1 29
2 12
1 322
96 217
2 584
10 76
11 628
17 3839
6 6
6 150
3 189
12 12
3 3
2 124
2 4
2 6
1 4599
1 22
8 16
2 10
21 21
2 444
1 62
1 327
19 4712
6 12
1 64
1 845
1 12
1 1707
1 5
1 553
29 11415
19 1174
19 377
11 11
10 644
2 2
1 2
36 36
19 1344
11 576
1 286
2 6
1 297
1 68
1 4
12 12
11 6083
1 43
2 2
3 69
38 1523
1 5
4 64
2 2
5 570
5 25
2 8
1 7
1 12
13 208
20 334
7 7
1 1999
2 16
9 1838
5 30
15 684
1 289
2 1898
1 867
12 12
47 1626
1 16
5 5
2 2
2 96
2 2
2 3998
2 598
8 16
12 12
6 6
3 3
5 290
6 6
5 25
1 34
1 307
24 8272
8 36
1 926
3 3
3 3
35 106
3 3
8 60
2 4
5 48160
2 578
5 25
2 4
1 81
1 25
93 122
12 12
8 3732
1 2
6 48
5 75
18 20743
3 15
1 6
6 36
3 864
2 6
1 3
19 2970
14 773
1 3
2 30
2 2
18 18
12 468
5 5
2 48
14 28
12 852
1 286
2 24
1 21
1 15
1 5
5 938
4 4
6 6
1 2
1 11
7 686
5 5
3 3
3 3
10 20
6 1074
67 1658
1 588
2 2
7 63
1 2004
1 3
7 28
1 15
1 34
5 5
7 14
16 1694
19 1329
2 4
7 2590
3 3
3 6
12 168
1 5
12 12
15 15
2 4
1 64
7 448
1 2
5 5
16 2516
63 63
2 2
4 8
4 4
6 12
32 353
1 3
29 44
1 295
5 135
6 7
9 9
2 128
2 2
9 72
5 130
2 6
1 541
1 6525
6 13215
6 2897
1 331
1 4
1 299
2 2
6 24
3 3
5 10
35 351
16 82813
21 21
2 4
1 10
1 4
28 35
6 6
1 31
1 64
5 5
2 2
1 303
1 288
7 4060
1 35
1 286
1 31
7 35
4 4
2 2
3 165
5 450
5 465
4 12
6 68
1 1767
7 14
2 2
16 54
1 10054
7 1883
2 6
1 7
1 41
1 5
4 12
1 7
3 6
1 51
2 2
7 35
1 6
1 799
19 1178
1 1769
1 3
1 6
1 297
3 3
5 27185
2 10
4 424
2 2
1 2
2 38
1 3
2 32
1 474
1 17
1 280
5 4630
10 180
1 5
5 110
3 6
7 28
1 2
5 35
1 46
1 327
2 4
3 102
14 28
1 8
18 6492
6 3757
3 3
5 5
7 6153
2 2
1 4
1 6
2 2
1 26
28 203
1 14
2 4
6 7
2 2
1 3
9 390
2 2
1 344
2 36
6 6
1 10
7 392
5 5
1 9
19 351
1 2
2 10
6 6
1 2
2 10
20 20
2 2
1 10
1 78
1 2
1 292
10 184
28 16862
4 201
9 19935
5 4475
4 4
1 291
1 8
1 10
1 687
12 36
2 2
26 1272
21 615
33 30996
7 224
1 289
11 6737
3 3
22 46503
8 512
1 4
1 2
1 3795
1 232
1 3
2 2
16 63
12 1332
2 8
2 38
12 5232
7 2492
2 2
31 40
1 2
13 13
1 14
5 34
21 474
2 4
11 409
1 5
1 2
2 178
19 6804
9 77
2 2
8 166
1 70
12 286
1 574
1 3
7 1043
1 287
8 808
13 312
2 4
2 32
12 168
1 1350
13 13
13 13
1 42
12 12
5 25
6 2832
15 60
1 8
12 24
8 1290
30 30
12 72
2 144
4 4
3 3
31 39
11 22
2 2
1 15
3 27
1 3
1 318
23 69
6 1475
1 19
1 32
3 828
6 156
13 157
1 6
7 924
3 9
4 496
1 3
2 6
15 481
1 7
9 9
1 536
6 24
6 10
13 3718
2 2
2 2
5 2915
6 48
1 3
19 4320
26 33
2 2
42 19953
1 263
1 12
1 288
1 32
72 90
26 174523
1 3
7 44
2 8
5 340
3 18
12 48
44 2171
5 25
7 7
4 4
7 14
2 2
26 26
3 870
2 3
1 7
1 882
20 7175
1 5
1 19
15 9942
2 59
9 9
1 27
1 4140
6 16
5 5
2 702
1 2
7 15
5 5
1 2
3 9
1 5
2 2
3 9
15 65
5 10
1 5
5 40
2 2
10 165
5 5
21 21
12 576
5 450
1 6
7 4116
2 2
15 27
2 1552
13 132
12 24
10 369
5 5
5 5
15 164
5 5
1 1723
1 268
1 21
1 45
1 4
5 800
1 6
1 2
1 6
18 1029
15 4454
3 114
6 36
9 9
1 54
3 4509
6 6
1 18
1 251
1 354
2 6
1 80
1 1612
1 44
1 327
8 441
3 3
2 10
1 23
2 68
3 3
5 5
10 58
3 3
6 54
5 1770
4 4
24 19551
18 74
5 35
2 4
7 243
1 1266
1 11
1 6
8 21
6 12
1 3
14 25
1 2
24 24252
1 2
1 3
1 3
1 205
41 43877
10 1676
12 24
1 3
1 5
2 4
5 10
5 5
3 3
7 7
1 14
1 2
5 3590
48 6095
1 508
1 57
1 11
3 3
1 115901
7 35
19 6980
1 2
1 573
20 48
7 56
2 2
11 3168
2 2
2 2
1 15
5 21525
3 1752
5 5
1 133
15 4350
13 14
1 2
1 2
1 2
1 305
1 4
5 420
7 115
1 8
7 49
1 20
1 15
5 35
2 4
4 1104
1 106
5 5
1 867
13 1926
15 30
6 9588
3 3
3 9
7 56
12 348
2 2
3 3
5 280
12 180
1 6
20 14914
2 28
1 2
1 592
1 36
22 48
2 14
7 28
12 108
14 14
3 3
3 3
1 64
1 940
8 28
2 2
12 26772
3 1788
1 67
1 6
74 134680
7 7
2 4
17 272
1 6
12 1332
5 780
2 2
2 2
1 6
1 16
12 84
7 21
1 398
7 42
3 6
5 10
14 14
1 10
1 5
5 5
1 3
7 44
3 3
10 54
1 2
1 17
1 558
1 75
1 269
5 5
6 27
1 289
1 22
5 10
26 8432
2 56
7 1995
2 2
5 5
5 4835
1 294
5 3730
12 84
28 172
1 284
1 2
2 238
6 251
10 60
10 13052
4 132
3 6039
3 3
1 13
6 6
42 859
1 21
1 291
13 442
16 23
2 4
5 10
2 2
3 3
21 9460
1 14
1 5
1 7
6 1430
6 4998
3 3
1 3
3 36
1 9
2 30
10 216
1 294
7 105
2 60
13 13
3 51
2 82
1 4
1 2
6 8
2 1322
2 2
29 153
3 3
2 2
2 2
2 6
9 20
1 12
2 1833
2 14
1 588
19 9518
1 2
1 6
1 3
5 15
12 60
1 2226
18 18
9 483
1 6
16 80
1 2
7 7
2 106
2 64
1 2587
1 6
7 42
7 29939
6 54
1 10873
1 15
1 3
2 2
3 3
4 4
5 2460
15 75
1 173
1 5
12 12
7 7
1 56
1 2
1 64
8 49
6 384
7 133
2 4
1 2082
1 62
2 2
2 18
1 11
12 108
1 202
1 70
14 18
9 30
1 14
7 406
28 31
2 2
1 5
1 35
5 5
1 2
10 49312
1 104
9 266
1 276
5 51
7 21
9 18
5 1455
8 16
12 3252
21 226
1 15
2 2
10 270
39 158108
2 2
12 156
5 3725
5 5
31 39
1 2
6 37
6 1806
17 4981
2 2
10 2486
17 3817
5 10
23 92
1 3
18 143
1 64
2 144
2 16
1 2
1 3
3 6
1 267
2 2
64 120
3 3
1 42
1 2
3 192
3 6
1 53
7 7
2 2
27 54
2 2
5 10
1 2180
19 124
5 285
13 13
3 3
43 748
1 64
5 285
5 170
49 7394
4 4
1 16
1 5
1 10906
7 14
38 1102
29 29
4 44
11 58
3 6
5 10
1 3
1 4
1 169
1 2
2 4
12 928
1 57
19 95
29 981
10 20
1 2
1 2
11 55
3 3
2 4
1 7
7 7
1 1003
13 33
5 5720
7 119
2 4
7 21
17 3817
2 8
6 24
1 37
2 4
5 4590
14 14
18 10566
27 128
12 36
14 14
10 30
1 1503
1 5
2 4
2 2
1 9632
2 62
1 158
1 75
1 4
7 42
2 2
1 3
1 3
6 30
17 17
2 2
15 17
1 14
2 576
20 352
1 3865
1 10
7 1841
1 1822
1 39
3 3
1 14
1 144
1 15
1 2
5 190
3 12
1 296
5 15
1 17
11 26923
1 2
23 147
1 2587
12 1164
3 3
10 142
8 8
3 1764
2 12
1 2
26 35
1 4469
10 10
1 1293
1 10
1 3
4 8546
3 3
10 1610
1 6
7 7
5 52
1 9
6 6
2 2
2 2
5 15
1 5
1 5
2 110
3 128
8 2808
1 6
1 6
14 1273
5 1405
1 4740
1 64
5 50
1 8
17 525
3 6
7 35
5 5
1 44
1 592
1 15
12 12
12 125
1 60
1 290
1 5
5 1755
1 15
5 5
2 2
1 21
1 154
24 9248
5 45
2 12
7 6174
15 15
13 34
13 13
2 574
2 58
6 6
2 2
1 2
2 2
23 1236
1 2
2 4
10 20
5 155
5 17764
5 5
2 3544
2 18
14 14
2 2
3 126
2 2
1 7
1 65
5 5
12 504
1 3
4 8
1 135
1 5
5 5
2 8
10 2837
6 30
1 28
16 4608
1 253
2 2
1 147
3 3
1 2
5 1510
9 9
1 3
7 15589
11 66
2 4
1 1999
3 3
1 5
1 15
3 18
1 2
3 60
21 181
1 10
29 1980
11 11
3 7506
3 3
2 2
1 37
7 112
2 2
3 3
5 65
3 39
2 2
1 6
5 12
12 96
9 1015
4 4
2 22
2 2
7 7
1 12
12 468
12 12
2 4
22 2428
17 66
2 2
2 154
1 285
1 28
10 1560
3 21
3 9
1 3
2 104
1 11
1 2524
1 44
17 3699
12 12
1 2088
3 6
3 3
7 7
1 87
2 2
5 11075
5 80
1 901
12 768
5 1550
3 18
1 588
5 5
1 3
1 2
4 4
1 1399
4 1489
1 181
9 11
12 12
1 5
7 7
12 276
5 290
2 2
1 6
5 130
3 18
1 2
3 6
29 107
1 7
2 2
4 2352
1 31
1 33
2 6
3 3
5 5
1 23
7 13965
6 2454
32 1172
7 7
1 6
5 95
7 7
4 1148
1 2
9 216
1 7
1 2
1 11
1 36
1 3
1 4
1 588
3 18
7 21
5 10
2 2
5 25
6 12
1 3
1 15
2 128
2 56
3 3
2 4
5 110
5 20
2 2
1 12928
3 6
24 65
1 22
9 4824
2 8
14 14
12 36
5 7
2 4
1 2
11 415
3 3
1 50
2 4
4 4
2 12
5 2725
8 609
1 2
3 5997
3 3
7 2023
1 2
1 80
9 2673
11 5526
1 123
13 34
1 585
17 349
1 2
15 26
1 13
5 5
1 8
4 76
5 5
25 38
26 9798
9 7515
5 25
10 40
4 10
13 1339
7 217
1 1442
2 2
12 11016
1 1292
1 16
12 324
1 2
1 35
10 100
12 1026
2 52
3 3
1 5
7 637
2 2
1 286
1 6
5 1485
1 287
2 30
1 2
11 767
4 20
17 4896
7 7
1 286
10 14
7 11228
1 76
1 269
7 7
8 8
7 7
1 7
5 5
1 2227
1 3
1 3
1 28
7 7
1 5
4 2292
1 51
1 267
24 539220
1 302
7 7
9 27
13 13
13 26
1 275
3 4509
1 7
7 7
2 2
5 4385
1 10
1 3
7 42
14 56
10 7868
6 6
4 7028
3 9
14 18
2 510
2 2
1 2
1 6
12 72
1 6
8 8
1 14
1 7
1 64
15 95
4 7996
10 2850
3 9
8 16
15 31
15 206
14 28
2 2
1 16
1 27
4 4
19 19
5 60
5 15
1 6
75 78812
3 393
1 3
1 895
5 30
12 216
1 15
7 21
1 377
8 6559
12 1332
1 117501
2 2
13 7410
20 20
32 576
7 6727
1 2
13 8971
1 36
9 161
1 2
12 12
4 56
1 90
7 10738
1 944
1 2
1 1601
20 7565
4 548
1 3
9 5751
15 2332
1 3
1 290
1 3
4 4
5 55
3 3
1 6719
1 884
25 11484
2 130
7 25870
5 5
1 424
1 5375
1 1767
19 4305
1 301
1 120
3 54
10 45600
25 30
2 588
1 1996
1 2
2 2
2 310
1 3
5 10
1 22
7 14
2 2
3 6
3 9
3 3
15 60
2 10
8 8
1 15
7 17
6 2910
2 6
1 2
3 3
1 19
1 304
1 9
1 91
1 947
34 1432
10 8810
1 547
1 591
1 3
13 1230
1 930
2 2
1 291
2 2
3 1046
1 3
1 3
1 3
5 5
15 225
5 430
11 11
1 14
1 3
1 70
2 48
1 93
2 2
1 2
1 734
2 26
2 48
32 760
5 15
20 951
12 36
12 12
7 9072
16 158
2 32
1 287
7 14
1 34
1 2
8 342
7 1756
2 32
16 32
40 77
2 2
1 7
1 4
8 3472
1 1292
12 60
2 2
3 15
14 6633
10 90
12 276
1 3
15 15
50 672
12 440
7 21
1 2
2 26
1 2074
17 3604
1 13
5 185
6 44
18 21336
2 2
1 52
1 5
5 5
12 72
1 6
3 3
7 7
1 6
1 2
1 884
1 16
2 38
9 30
55 143
8 448
1 590
2 1656
10 22
12 168
5 60
12 3216
1 312
7 7
2 10
1 2
1 6
1 105
6 8820
15 208
1 3
20 44
7 28
1 2
8 510
3 6678
2 2
1 17
26 1359
7 18
2 8
12 276
2 4442
2 1176
5 10
7 580
21 21
6 12
1 5
3 6
2 6
1 1998
1 10
7 105
1 79
2 578
17 8364
4 5
1 176
5 5
5 15
1 3
1 6525
5 12345
2 10
3 4410
1 2
7 71
3 6
1 3
1 471
1 2
1 2
12 927
4 4
5 50
1 45
7 7
15 40
10 108
4 109
9 34
12 4032
1 349
95 2100
5 885
1 4469
2 4
1 127
7 3925180
6 18
1 5
2 2
2 12
8 12024
1 2
1 34
1 5
1 3
10 868
5 5
1 3
17 81
5 20510
9 18
7 7
14 14
3 3
2 88
20 20
2 42
9 21
8 8
7 7
1 8
1 127
1 6
5 50
2 4
13 39
2 4
6 6
12 24
19 627
5 15
6 22
11 22
2 2
1 6
6 6
1 296
15 2270
3 3
5 30
1 2
23 46
8 40
25 36
1 263
31 24801
6 750
1 1723
1 5
2 2
1 6
1 7
1 7
7 112
6 78
6 6
2 4
22 78
1 52
3 3
7 588
12 192
1 4
1 307
10 66
6 6
3 30
1 301
6 25
1 350
1 15
1 2
3 21
1 11
5 389
8 2456
1 37
1 76
1 26
2 8
3 51
1 10
1 281
41 130124
3 3
1 15
1 2
3 24
1 577
1 5
15 7502
7 14
8 1568
3 6
64 480
1 3
7 35
1 3
4 20
1 1522
1 2
1 289
2 544
2 2
1 2
2 2
1 31
1 1286
2 34
13 13
2 282
2 8
4 1506
1 24
1 90
12 288
27 294
2 2
3 66
2 26
2 10
5 5
1 35
1 1245
41 39396
5 45
9 81
1 2226
1 1999
1 2
1 4
1 5
4 2190
7 105
7 140
1 19
7 84
1 64
10 1250
1 3859
5 10410
1 23
17 170
1 615
3 9
4 16102
6 6
3 3
5 1435
1 2
7 49
1 1250
1 7
1 8
1 41
1 354
10 130
14 43
7 534
1 64
1 8
1 944
2 18
7 15150
6 18
3 6192
10 5700
2 4
1 130
2 4
4 1460
1 3
5 895
9 189
4 36
2 9480
2 4
7 7
2 130
12 3000
18 18
1 288
1 20
4 76
13 9685
3 3
8 28
6 7054
10 81810
2 6872
12 156
13 260
5 85
7 14
1 3
1 58
6 12
5 5
7 7
7 7
2 4
1 5
1 9
7 7
2 4
29 80
5 14731
10 70
12 240
5 5
1 29
1 587
1 11
7 945
6 6
1 2
2 4
15 925
7 609
1 4703
7 2331
1 3
12 14
1 23
7 4319
14 14
2 32
1 94
6 48
2 548
3 27
1 2
5 5
17 349
5 10
1 3
16 32
1 1562
2 8
5 5
1 441
15 7110
3 2631
7 1162
9 16
1 765
3 6
16 76
9 38996
5 5
6 6
2 594
2 42
16 16
9 337
26 26
1 1377
6 5670
7 7
11 251
6 351
2 14
24 120
1 161
2 610
1 2
1 286
1 2
9 3780
9 47
1 4
1 4
2 14
1 2
1 125
2 4
12 108
20 3586
3 45
12 300
7 42
21 46027
7 14
10 1160
5 5
2 150
5 15
1 1526
1 5893
1 2
3 6
7 413
12 900
4 1755
1 15
3 12
5 30
1 4
1 365
14 1307
8 2980
1 2
1 296
1 297
5 675
28 196
9 37
1 5
3 3
15 99
1 12
2 2
2 44
24 21361
4 6250
18 35866
24 60315
2 2
1 286
2 94
2 2
2 36
12 228
1 895
4 4
9 1640
1 5
1 2
12 48
2 54
3 3
12 156
2 2
6 84
5 5
1 2
9 26
2 34
36 1040
3 6
5 10
13 1144
6 6
1 5
1 2
11 11
1 4
4 4
3 3
2 114
8 21
2 64
1 4
1 5
1 32
1 2
7 21
32 1337
1 1496
2 6
1 757
6 6
2 2
1 49
16 48
1 6
2 16
2 18
12 672
6 6
6 410
1 9
2 66
4 7996
1 11
3 3
43 8397
3 27
7 14
5 5
21 27
5 321
7 77
5 50
2 2
2 2
5 10
10 42
5 45
2 216
1 4375
16 64
16 4316
2 4080
15 51555
14 14
28 43
2 2
9 77
1 2
1 2
5 2460
6 12
2 1144
9 3801
12 12
33 459
2 6
1 2
1 134
1 2
5 5
2 2
8 41038
18 2253
1 9
1 6
1 588
5 830
1 570
2 17
20 60
1 12
2 12
6 63240
4 3932
5 5
12 24
2 62
1 55
1 4148
13 3685
12 96
11 15
1 3
1 64
10 243
12 36
9 12
1 4
7 21
1 19
1 3
2 2
1 3
2 2
1 18
1 940
4 68
6 6960
1 7
2 60
1 2
7 4130
1 27
2 16
8 16
13 78
5 40
19 12448
10 24
1 2
13 13
1 6
5 5
4 8256
1 2
6 18
10 976
5 55
1 9
15 1491
1 2
2 2
6 12
5 1056
11 66
3 1224
13 3572
1 2
12 321
2 4
1 9961
1 17
2 22
1 25
5 5
9 39
20 799
1 1095
6 36
6 6
1 44
40 1280
1 2
2 588
11 10333
1 5
3 9
17 15310
12 12
7 7
5 20
1 103
22 51
2 2
2 696
5 5
1 312
1 4
29 35
1 3
5 12185
16 195
1 12
5 5
2 2
7 76111
30 12523
1 12
1 3
1 17
12 12
5 5
2 4
1 71
3 867
2 2
13 39
1 2
1 8
13 13
1 4
5 10
1 2
2 2
2 96
11 891
1 2295
2 2
6 26766
1 18
1 2
11 650
5 10
5 105
2 10
1 24
17 329
5 12610
20 149
1 88
26 686
1 5
10 146
4 4
1 2
1 4045
1 4
1 1091
1 3
1 14
1 96
5 10
2 4
9 18
1 3
1 877
6 5682
1 7
1 2
6 39
5 1460
2 2
3 867
5 443
5 5
1 10
1 2
5 655
1 3
1 10
11 17
5 700
1 6
35 44
7 10668
2 4
2 2
2 2
12 1332
20 20
11 20
1 2
7 7
19 57
6 6
13 73
12 12
2 2
4 137
14 14
19 37855
1 1252
6 1602
17 394
1 287
23 328
13 15106
9 9
36 955
31 197
1 125
1 2046
2 8
1 1725
3 168
10 237
2 30
1 11
14 14
13 13
1 877
1 36
1 286
2 12
12 1332
2 2
5 205
28 98
5 1200
1 268
13 455
16 19497
2 16
3 9
1 10
7 49
7 154
1 287
2 2
1 62
3 3
12 324
23 27
2 122
11 2560
15 416
3 9
6 30
5 70
1 31
1 3
1 4
13 543
5 70
1 2
10 19
1 56
1 2180
10 26
3 3
5 310
4 5
2 52
2 2
5 885
5 20700
1 3
2 2
1 5
1 15
2 70
5 5
5 5
1 10
7 14
1 592
2 2
1 296
12 4452
1 261
1 1723
2 103
35 626
1 5
1 2
2 124
26 1655
15 77
2 86
1 33
20 60
6 12
1 9
1 11
5 5
3 4584
5 10
2 2
2 66
6 126
9 16
1 75
1 36
2 2
5 48236
18 152
1 3
13 182
1 244
1 9
2 2
2 4
18 50
2 2
7 7
1 3
3 3
6 21
1 1524
1 11
6 6
8 558
16 3596
13 34
2 1012
2 10
1 64
7 7
1 59
2 2
1 14
8 512
10 266
47 607
2 210
18 18
7 399
7 125
1 1490
6 12
1 297
1 2215
9 55
1 1197
5 20510
2 2
1 2
2 4
2 4
1 20
5 5
1 13
2 2
1 22
2 2
2 160
6 6
3 3
10 303
3 3
4 654
9 9
7 28322
7 1051
3 3
15 15
2 6
2 6
5 10
1 2
1 36
2 2
6 114
4 4
6 54
1 294
2 8
7 7
1 11
1 4317
3 20157
2 138
1 9
1 3
1 1752
1 4
15 375
1 7851
14 36
7 98
2 62
11 100
11 9647
6 24
1 344
2 10
2 2
2 2
1 6
10 10
1 2
15 60
7 7
7 1036
4 4
1 3
1 3
5 205
1 14
5 4375
1 248
5 15
2 4
7 245
6 84
4 4
5 30
2 2
30 1076
10 28
6 6
8 120
14 14
2 26
19 149
5 310
2 4
5 3745
3 9
1 64
2 584
1 301
1 1480
5 1755
1 23
7 56
27 3631
1 3
2 4
1 1601
7 7
1 14
1 4
10 86
7 7
1 2
24 10109
1 2
2 2
3 3
1 9
22 88
1 5
7 49
1 1160
12 108
1 877
1 2
5 30
10 3608
1 17
1 15
2 94
15 465
10 1469
7 112
5 5
9 9
3 864
7 35
8 8
7 7
1 24
1 2
2 10
3 3
2 10
2 1106
2 18
3 3
1 3
1 3
24 13679
2 50
1 6
1 97
6 12
5 5
7 2009
1 57
5 40
7 14
16 3444
2 8
2 2
10 477
7 4021
15 631
21 6006
1 2
8 32
24 4573
5 7515
2 10
1 10
7 49
18 35366
22 19682
2 44
10 2876
7 7
1 3
2 2
5 13
6 6
3 19
2 2
12 24
1 4778
1 7
1 10
1 53
6 12
1 289
6 608
10 2408
1 12
1 17
20 15986
1 169
2 2
7 7
1 5857
2 4
1 323
1 287
14 280
3 3
1 2275
5 5
5 85
15 351
1 7
16 22529
1 2
9 11
2 24
1 17
2 2
1 3
9 53
2 2
7 41
1 17
2 2
2 2
8 120
2 2
3 6
2 2
33 2188
14 14
1 3
3 3
12 12
1 40
7 14
1 168
2 12
5 20725
7 5831
7 7
3 6
9 11
19 155
12 24
1 9
2 158
11 6804
7 189
1 7
3 3
11 246
2 34
2 4
2 2
1 1687
43 526
22 12848
5 5
14 19
1 14
2 2
2 2
1 3
1 290
12 24
1 10
1 287
35 39
2 8
16 32
1 3
6 12
1 19
1 4
1 2088
2 550
1 6
1 2
5 450
1 7
10 20
3 3
7 7
6 12
1 4
2 2
67 134
1 57
14 56
2 2
1 498
52 136
4 4
1 5
21 35
2 10
9 27
6 7
12 12
1 16
7 7
17 17
5 20
5 6065
35 21509
7 7
2 1682
45 22331
10 144
5 320
1 1757
2 124
2 14
5 6460
1 885
1 51
7 19
3 9
1 4816
7 7
2 7508
2 2
2 6
18 683
9 18
2 2
10 135
2 602
3 18
1 654
1 6
7 14
1 6
17 34
1 65
7 350
6 384
5 5
10 10
12 12
5 2558
5 5
5 25
1 13
9 235
2 10
1 248
2 2
2 2
5 1485
8 16
38 381
12 168
1 22
25 51600
2 2
2 8
2 4
5 50
2 2
7 21
1 3
6 3516
5 465
1 2
15 15
17 17
21 1347
26 257
5 10
5 197
5 10
2 2
3 3
10 246
8 8
2 3998
9 189
7 4137
3 9
2 2
28 38
1 16
1 32
13 26
1 1757
5 5
11 89
4 4
6 6
1 4
6 6
2 14
11 81
1 26
1 40
2 446
16 169
1 2
1 301
12 12
3 18
6 24
12 60
1 584
5 340
5 110
31 72
2 8922
1 10
15 50
3 3
20 12394
2 12
2 2
5 75
3 36
1 2
2 28
1 41
1 13
7 8
1 3
1 7
2 88
2 4
9 9
1 3531
7 112
1 22
1 348
1 4
1 12
3 3
2 64
1 1526
5 5
2 4
17 1159
6 6
1 7
2 2
1 34
2 6
5 5
40 409
4 73
2 2
3 1764
1 269
2 12
1 6
4 46
2 2
11 15
9 27
1 14
16 81
1 2
12 1980
10 240
12 24
12 1677
11 2067
2 574
1 45
1 3
38 74
8 4704
8 112
2 2
1 791
1 2
5 4335
1 2001
12 348
12 1368
2 67
1 326
1 42
1 4
1 19
30 30
1 34
5 70
23 5049
5 35
5 5
5 5855
2 2
1 268
1 15
1 2
1 2
20 555
7 161
1 5
5 40905
1 4
1 34
5 15
1 3
1 5
1 3
2 2634
1 19
12 60
15 3433
1 28
42 364
13 13
1 13
7 14
7 30
14 816
1 116
2 8
3 6
1 120
2 2
12 1164
1 2074
5 10
2 2
1 20
1 440
2 2
1 3
14 4691
2 2
1 8
3 34
1 2
1 9
6 24
38 3294
2 10
9 9
1 12
25 25
7 84
1 11
4 7012
6 12
3 39
1 14
5 15
12 12
5 5
2 2
5 112
1 7
4 4
2 14
1 40
1 4
1 79
1 2
1 10
1 10
6 30
1 34
14 6552
5 5
5 30
4 572
6 30
6 549
7 9541
1 354
1 136
6 8032
7 30989
1 23
1 611
12 72
2 40
1 3
2 12
4 20
8 8
2 6
19 13087
12 24
12 36
1 7
1 87
3 15
3 6
10 448
5 5
13 78
5 3325
3 7443
15 540
1 4
8 8
2 4
5 39255
1 13
9 9
1 16
1 19
2 102
13 56
1 3
2 2
1 3
5 5
2 28
5 7320
12 804
1 1920
2 2
25 277
14 14
12 1205
4 22
12 96
1 553
1 286
2 4
3 5928
4 1755
11 55
1 1768
2 6
2 10
20 72
2 2
29 208
6 42
12 12
5 26990
3 183
13 3952
1 14
2 136
1 1723
4 1816
23 69
2 2
12 192
2 2
1 8
1 2
7 7
4 8
2 2
1 2
12 12
12 252
1 2
3 9
1 4
2 2
2 1276
5 30
1 3
7 119
1 4
2 2
1 74
2 574
4 3596
2 2
2 14
7 811307
6 120
13 32526
2 6719
1 2
26 647
2 6
1 908
1 2558
2 2
1 350
10 944
28 84
6 25
5 29285
1 4
2 12
12 2184
2 10
7 7
1 31
1 57
3 3
7 35
24 3682
11 176
8 868
5 6980
5 11
1 4
7 7
5 42
5 10
1 2615
12 12
3 21
3 3
1 8
4 940008
5 30
7 21
1 13
12 216
10 1130
1 42
2 2
2 2
17 3490
1 65
1 22
10 180
4 24
2 3538
7 7
2 2
7 7728
4 8
1 2
123 8524898
1 43
9 77
5 5
8 24
1 1995
2 4
13 14
15 790
2 2
2 6
1 64
1 389
1 26
1 2
11 11
7 35
5 7335
7 352
12 10102
1 11
1 18
1 848
10 15
1 4
7 21
8 28
1 13
2 28
5 1555
2 2
3 3
2 12
1 2
18 25
1 22
2 8
22 46
5 5
7 7
2 2
1 3
9 9
4 16
1 6
1 2
5 45
1 588
6 20
10 100
7 14
7 372
1 3
1 5
1 6
3 99
7 7
1 2
3 1854
2 58
1 1018
1 2
1 390
1 5
1 2
1 377
18 73
12 48
10 45
7 7
24 28484
1 58
2 2
6 36
9 27
7 639
1 340
1 12
2 2
2 8
1 8
1 3
2 4
5 25
1 89
10 10
1 17
7 434
14 14
1 1962
5 20
8 8
1 11
1 286
7 7
15 12569
2 774
18 195
2 2
16 16
1 93
1 1290
1 64
1 10
2 2
5 5
2 2
1 308
7 35
5 5
1 597
1 737
5 615
2 2
5 5
15 1395
2 10
10 328
3 3
1 2
2 16
1 42
12 12
2 2
2 2
3 6
5 15
5 290
9 56
35 1991
5 6260
26 39
16 1138
8 971
1 2300
1 3
14 14
6 282
2 20
1 4
1 15
5 20
7 28
1 1707
10 30
2 2
1 868
12 12
2 2
2 700
1 2
3 3
9 27830
7 14
3 3
5 60
5 5
1 4027
3 3
5 12793
1 21
1 2
4 40
12 48
2 2
2 128
6 108
1 1091
11 29
13 39
4 4
6 36
1 2
5 12505
4 4455
1 925
6 29
5 5695
6 71
1 5
1 1768
10 84528
4 20
20 23
2 184
7 434
5 15
10 5476
9 9
8 48
3 5
1 2
1 7851
1 287
3 6
2 14
1 13
7 28
6 45
1 23
3 3
2 462
18 12981
1 28
2 8
28 260
1 15
6 201
32 3825
2 42
5 5
12 168
1 66
10 32
2 1184
6 300
21 6916
8 8
10 60
5 60
11 4004
26 212
2 2
1 574
5 10
2 118
3 6
1 2
5 1505
2 2
1 21
3 6
1 145
5 10
5 10
1 5
1 4876
1 50
1 419
1 906
74 89342
7 4116
1 287
13 2821
1 289
14 18
11 27
1 14
9 9
3 27
3 15
1 10
8 8
39 1944
5 12615
9 187
1 4305
2 2
6 13326
6 1475
3 20
1 9
2 4
7 7
8 96
3 9
13 13
1 120
1 72
5 5
2 496
1 64
15 60690
10 10
10 90
2 230
6 18
1 387
1 3
13 14430
6 30
3 36
5 5
11 155
3 15
32 3188
3 9
12 12
1 337
1 14
9 1169
1 3
1 64
1 59
1 426
8 16
1 573
9 80
3 33
2 2
7 154
24 1123
3 45
1 2
3 90
2 2
1 3
1 11
5 10
5 5
2 2
12 348
3 9
7 252
20 115
3 3
1 10
2 6780
6 1776
1 6
35 718
2 109
13 37084
2 10
1 70
5 40
2 6
1 2
1 16
17 1799
5 285
1 177
5 5
10 108
24 91875
2 2
1 25
1 2
2 2
1 8
17 131
4 3824
1 3
7 175
2 6
1 14
9 7119
1 2
1 3
8 427
1 4
1 880
10 10
3 3
9 121
8 2304
2 2
5 17939
1 1380
2 2
5 22140
13 13
2 2
14 14
26 52
8 77
3 3
1 296
3 3
6 30
1 2
1 8
1 3
2 50
1 496
7 21
20 6012
4 676
7 7
1 57
5 2865
2 2
12 264
1 194
4 10008
19 787
2 38
12 12
1 4
1 524
10 74
1 947
4 1100
3 3
11 11
1 1382
7 119
2 2
1 16
2 46
4 4
7 7
30 150
6 18
15 900
5 5
11 19
3 21
1 349
1 21
6 44
4 8
4 28
1 30
12 156
1 327
13 23
1 4
1 590
1 14
8 8
21 1420
2 10
2 2
1 536
1 11
22 88
9 36
2 18
9 27
5 225
1 1213
6 89
1 149
12 96
8 4095
1 2
12 384
5 5
5 5
12 2325
2 2
7 35
16 4617
9 9
1 62
19 11628
9 18733
24 9948
19 290
3 888
6 12
5 25
3 6
7 1800
5 210
1 7
24 858
1 693
20 874
1 40
6 253
1 4
3 3
27 27
1 2
40 180
5 5
1 4
19 1020
5 130
2 2
3 15
1 3
1 5
1 253
1 64
7 14
1 14
33 229
1 125
7 14
1 67
2 2
5 5
1 3876
7 2478
2 28
1 12
3 6
13 13
12 636
28 86
1 326
9 9
12 36
2 4
5 30
24 6642
7 4067
1 88
1 183
2 2
3 336
3 3
2 230
1 54
1 25
1 335
2 4
2 2
8 32
2 196
1 4644
1 1600
14 108
5 570
2 4
1 3
18 42
1 2
1 61
5 15
1 4
4 1416
19 7092
1 9
5 25
5 5
7 7
1 3
21 112
1 26
1 11
1 7
1 3
1 332
12 36
5 10
6 6
7 27
1 7
1 592
9 281
2 184
1 6
3 12
1 29
6 6
5 5
8 3516
13 28
3 147
1 70
7 7
5 15
2 44
5 5
6 6
1 2
38 37002
1 4
1 6
11 132
1 2
69 525411
65 13903
4 52788
21 5520
1 304
1 558
10 352
1 275
1 2
1 134
1 2946
1 2052
2 2
4 17
1 7713
5 30
4 1019
16 4592
1 287
2 2
