3 128
2 34
3 6
35 117
2 1770
1 10
5 85
6 35
1 10
1 13
4 109
3 24
5 5
2 4
12 840
3 27
1 3
5 10
1 1997
13 3990
2 250
1 28
4 939880
13 3497
14 14
8 16
1 5
1 2
8 105
3 3
14 98
6 138
6 38
13 39
1 2
7 20
1 408
63 153
1 5
1 4321
12 108
12 156
1 24
3 9
1 289
7 7
5 45
2 2
2 2
1 140
7 161
1 2
2 2
1 13
14 14
1 264
5 2558
7 161
1 5
7 49
7 105
5 5
2 8
8 29
1 618
1 13
6 24
14 20
1 17
8 40
1 6718
24 6471
3 3
7 42
1 582
12 768
9 19
1 10
5 5
2 2
2 2
1 13
11 1643
3 15
1 116
7 35
1 10
1 97
1 354
1 584
1 947
1 747
1 7
6 18
1 2
6 1581
1 599
2 2
3 3
40 1982
1 13
1 2568
5 60
1 2
5 450
1 2
12 1408
17 41
1 12
8 11
1 20
3 3
7 7
7 16
12 108
1 2
1 487
2 2
12 12
1 6
1 10
1 535
7 49
1 3
10 30
1 4
1 6
1 2
6 42
1 2008
1 4
1 1971
5 30
1 291
5 1755
2 22
1 45
20 152
1 87
3 3
12 72
18 52
16 23
19 72
3 9
25 11484
6 18
2 42
1 12
1 2
5 32
2 38
2 138
1 3
2 2
21 4068
1 5
4 4
2 12
19 5986
1 116
6 18
1 13
1 6
1 33
1 349
14 14
1 1767
1 21
2 2
10 10
3 9
4 4
8 32
1 581
1 1756
7 5873
1 2
5 5
5 20
7 7
1 3
1 7
2 2
2 8
1 4
1 56
5 35
1 3
20 36470
2 32
1 115
1 2001
1 3
8 66
5 5
1 19
2 2
6 6
1 2
1 1496
1 2
2 6
1 5
1 12
5 130
1 907
37 125
16 9200
1 3
3 870
7 10
14 56
1 77
1 5436
79 446
2 126
11 22615
5 5
1 8
15 36
3 3
2 136
12 636
1 5
21 17886
12 216
7 1883
2 6
1 15
1 5886
5 715
7 203
5 20825
6 10
8 16
7 119
1 76
9 576
5 20
18 90
9 18
12 768
12 15199
1 19
1 5
7 7
21 11580
1 277
1 12
1 2
2 2
24 24
1 16
5 5885
2 594
1 367
2 6
10 944
7 14
1 19
3 18
1 2042
18 9024
2 698
12 156
7 189
1 64
15 7502
1 822
10 20
20 20
40 2050
1 592
9 252
5 1755
3 9
1 6
1 294
6 30
5 5
12 636
7 105
12 60
5 10
1 42
18 70
1 2088
1 2
4 4
1 290
2 4
1 15
2 4
1 286
1 886
6 12
1 2
1 1602
23 370116
1 6
3 3
6 6
3 3
3 9
20 28
18 36
1 5
25 109
9 5040
16 119
1 13
3 876
5 8765
2 82
10 2175
3 3
1 293
1 5
2 2
5 130
1 2074
2 48
2 2
1 4
101 497
1 268
19 3474
3 12
1 64
19 7393
13 143
10 56
1 4162
1 23
7 35
17 383
1 300
2 574
12 432
44 7285
10 630
13 1924
1 4
2 574
5 80
1 2
2 680
6 78
17 17
1 4
2 8
1 3
1 2
5 15
18 845
13 560
1 16
5 25
2 22
1 11
10 10
2 2
1 1503
3 3
2 60
5 185
2 2
1 3
7 9044
5 15
7 49
1 2
5 1280
1 58
6 18
1 6
19 38
1 3
1 27
2 8
7 42
5 285
10 54
1 4
7 210
6 3528
3 3
5 5
9 12
6 11847
1 3
1 5
5 10
3 15
1 2
3 3
12 12
26 402918
9 4893
1 1166
3 888
5 10
2 6
8 16
1 102
1 31
1 587
31 24801
2 4
17 394
3 7589
15 435
6 5670
11 3201
2 26
10 67
2 30
3 11532
7 63
1 30
7 469
1 11
2 4
4 4
2 2
3 15
4 24
3 27
5 5
15 195
7 7
1 130
1 15
6 6
5 5
1 5
1 5
1 587
6 3570
7 28322
6 1475
1 8
2 4
8 405
3 6
12 24
13 275
3 3
2 24
1 139
1 882
4 4
1 96
6 156
1 2
35 39
42 1335
24 168
26 1548
1 715
7 1617
1 6
1 3
1 2
1 3859
10 57195
1 2
2 366
4 36
1 584
1 69
3 6
17 65
16 16
5 10
23 92
5 5
1 2
2 4
2 4004
1 1995
5 5
24 2509
4 48
1 3
1 8
1 37
5 15
3 3
1 13
5 15
1 65
1 35
1 588
10 136
1 1688
1 7
13 312
1 3
2 3538
18 36
42 3912
5 5
2 576
1 301
2 6
12 12
2 32
10 20928
1 12
19 311
5 5
12 72
10 19
5 35
1 11
4 4
1 305
1 2640
6 47
6 24
11 176
2 36
3 3
2 4
5 10
5 5
2 18
36 16164
1 296
11 2349
7 189
1 37
3 3
10 62
1 3527
5 315
2 4
2 72
1 882
1 2
1 491
2 6
1 18
5 192
7 7
13 86
7 7
2 2
2 72
37 10482
1 3
1 3
2 12
1 29
12 36
1 1162
2 1120
1 335
8 2205
1 12
11 141
2 2
1 3
2 2
36 1040
2 4
31 52061
12 12
2 2
1 19
9 9
1 64
10 36
1 13
4 56
2 26
7 1199
9 3930
1 3
1 293
5 570
49 78
2 2
1 2227
1 291
5 1795
12 636
24 2049
7 35
2 2
1 7
5 20
1 5
15 12301
2 16
1 140
1 75
17 48156
1 6
7 39
1 1176
1 16
5 615
1 5
2 2
1 45
12 12
1 2481
1 34
10 5700
7 7
5 5
1 297
15 20564
1 10
2 2
5 5
5 25
5 30
48 6095
16 69
1 63
1 2
7 56
16 1763
13 39
2 2
5 1455
1 62
2 2
4 8
27 359
10 10
12 5232
3 21
1 289
1 63
1 231
1 394
1 4
5 5
1 2
1 7
1 289
6 20334
2 2
1 587
6 72
2 2
1 21
2 2
1 68
7 128
4 4
1 3
9 9
10 4846
1 3
2 152
7 9058
1 57
7 14
7 35
5 5
17 21964
20 92
2 36
6 138
13 39
376 1715
18 195
1 23
1 3
14 14
1 4
8 28
1 9
10 10
8 8
7 98
1 334
6 1475
9 27
1 19
20 336
1 2
2 12
5 5
2 56
1 86
1 24
1 2
2 2
2 2
18 10105
1 4
14 14
1 5
1 87
18 1152
4 5
5 200
5 30
3 6
20 269
5 5
18 422
1 105
9 31
2 30
1 70
3 6
2 12
3 3
1 71
1 58
47 607
9 70
1 1399
5 65
1 5
6 6
1 117485
6 6
8 77547
9 1015
1 280
2 2
3 9
1 60
1 24
1 2
12 348
2 14
2 2
9 845
18 472
1 5
1 9
5 15
5 2455
7 7
1 2
1 1162
5 2385
13 377
2 2
28 28
1 132
18 469
15 4454
3 18
1 36
2 2
5 1815
3 7
7 35
1 29
1 3
1 12
2 144
20 12394
1 35
9 9
5 75
5 20
2 2
2 2
2 110
1 981
1 281
1 6
1 21
5 5
13 12337
1 11
2 14
1 3
16 1138
12 276
2 4
2 2
1 2
2 6
7 28
2 2
1 6
1 31
5 2935
5 20
9 9
7 9
11 81
1 11
3 6
5 25
35 1138
6 37
7 35
13 34
6 12
1 3
1 22
5 281
7 13
1 6
1 64
2 210
7 1764
1 356
1 547
7 7
1 43
14 14
5 10
2 10
1 10899
7 7
7 7
1 11
5 45
1 3
1 2064
2 8
10 146
3 864
5 1430
20 60
1 2
10 8374
1 32
10 106
3 3
1 275
2 2
7 548
1 2
2 2
1 26
2 2
12 96
2 8
4 4
5 780
16 18
11 1893
9 27
1 4470
3 62
1 56
5 10
13 13
9 9
5 267
10 6860
1 9
20 64451
5 11125
7 5374
9 121
1 5
8 6566
1 33
1 154
12 39
7 70
2 54
27 411
11 22
3 3
6 264
5 6
5 320
1 26
1 78
7 7
2 602
3 26
15 15
5 5
2 2
8 440
2 12
5 275
1 9
1 1362
12 840
16 82805
5 5
1 4
2 14
2 144
2 30
13 234
5 25
3 3
1 3
1 44
5 5
2 2
2 566
3 45
6 549
1 6
2 4
10 10
2 6
7 14
1 25
1 4166
2 4
1 296
1 2
3 659
1 290
1 580
17 24334
1 331
10 2834
4 4
1 287
1 3
36 172
1 9
7 7
1 10
8 40
1 3
1 64
1 58
15 22
9 77
1 6
2 10
4 5172
2 28
1 1995
3 3
7 7
12 12
2 2
2 2
6 72
4 4
7 6601
7 14
2 44
1 141
1 1528
1 16
1 22
1 741
24 1121
5 40
1 496
3 6645
2 26
12 12
1 815
4 4
5 115
16 8612
14 56
5 25
3 69
1 12
9 39085
7 574
7 7
3 3
20 20
9 288
1 62
9 15327
2 8
2 138
1 169
5 170
7 14
26 1272
5 11197
2 2504
3 3
55 143
1 5
2 2
7 7
1 3
31 39
1 3
2 536
1 13
20 24
4 28
7 588
19 2225
23 37
3 3
6 6
2 8
12 204
7 21
1 2481
1 22
2 16
7 441
10 475
5 5
5 30
13 13
1 176
2 2
1 50
46 1332
7 29209
1 63
7 2856
5 10040
14 14
1 324
1 4
2 2
1 283
4 527
1 64
1 1995
3 3
2 2
1 37
9 943
1 588
1 289
3 3
5 1885
1 287
1 730
1 4
5 1275
1 1350
3 3720
18 174
2 2
1 4
1 2
10 380
19 18585
12 48
4 104
1 1481
14 14
16 169
2 9312
1 2593
2 70
1 11
1 2477
63 63
2 12
2 3446
7 7
1 25
1 33
1 5
5 15
10 385
3 3
2 4
4 4
1 173
12 12
1 4
1 9961
5 1460
1 2
18 162
1 4
31 27953
35 12481
1 2
12 1332
1 909
1 2
1 12
5 5
2 26
14 28
11 11
1 583
5 520
5 4535
1 21
18 707
1 3386
8 21
1 4
7 7
17 58
1 5
5 110
3 34
3 9
5 40
7 35
9 18
6 6
16 48
2 4
36 602
19 155
1 219
14 17
1 5
16 271
2 4
1 12
1 885
4 1040
3 24
1 1950
2 10
7 632
1 3
1 1604
39 3411
5 2895
10 240
5 5
16 32
4 4
12 12
12 12
2 2006
1 24
4 2370
3 15
2 6
5 10900
21 34439
3 30
2 3998
2 4
18 2189
1 8
30 25650
1 13
12 228
14 372
10 90
40 1924
1 240
3 15
5 5
9 37
2 1656
1 82
1 64
1 365
2 52
11 457
3 12
17 34
12 96
1 588
1 2
52 448
1 498
2 5640
1 2
1 4
15 20625
24 3758
2 2
3 36
9 225
5 10
1 3
2 4
7 7
3 3
10 256
1 172
1 2671
6 6
2 199
6 6
8 16
1 3
1 2
5 5
1 4375
1 1598
1 12
37 220
6 2448
1 2
2 14
9 9
7 14
1 26
1 3
7 140
1 585
2 2
1 3
1 10
7 7
19 773
2 4
2 12
1 2
1 5
1 15
1 5
4 10008
5 6
6 6
1 29
13 13
7 7
12 24
1 11233
2 24
10 108
14 14
1 9
7 7
8 2408
11 19
2 4
2 12
1 301
7 5187
1 344
1 8
7 40
1 2
1 5
2 2
3 3
1 2
1 323
20 2270
1 67
8 72
5 5
3 12
1 391
20 3586
9 36
1 2
1 64
3 6
21 233
11 90
3 3
2 1158
22 110
7 14
1 4
4 20
1 16
14 14
1 201
1 5
29 208
19 8541
2 88
1 1091
33 8596
12 276
2 2
1 4
7 448
1 5
2 94
6 42
2 1792
12 276
4 4
8 2296
6 426
2 596
2 8
59 162
2 2
5 9810
2 1308
2 4
21 21
11 18
10 17670
7 4079
12 768
2 2
15 45
1 67
2 16
7 267
10 10
1 40
1 2
9 161
13 13
5 5
3 9
1 64
1 2
12 708
3 3
26 1665
19 782
6 18
1 1996
1 6
2 6
39 240
8 40
7 7
5 5
2 1218
1 4816
8 8
9 9226
11 6737
2 4
6 6
1 895
1 2
6 6
17 68
2 2
1 3
6 36
1 3
1 588
5 1435
1 3
2 86
1 3
5 4221
17 81
20 155
8 19808
3 6
1 2
2 12
2 118
1 4046
1 4
1 4
7 7
20 40
1 1303
1 15
2 126
12 1932
8 104
1 31
1 2
1 1603
1 95
13 13
1 2
7 7
2 8
1 10
1 303
2 20
3 6
1 3
7 2604
5 36
3 6
2 6
2 2
5 30
6 7
1 264
1 5
2 2
12 12
2 26
2 230
7 7
11 6083
17 324
6 12
11 39379
16 199
1 2
2 6
7 7
24 3682
1 64
5 65
3 36
1 13
1 400
6 30
1 188
11 1573
2 2
1 36
2 14
1 4522
16 25
24 58
31 58937
1 2
1 2
7 7
37 8611
1 25
8 63
5 165
2 6
1 4
1 67
1 9
1 1599
9 18
1 2
1 103
7 7
12 96
7 580
32 10154
1 940
3 9
3 15
1 4
20 5166
2 2
14 28
1 16
41 2334
9 39
18 152
6 24
20 28772
1 45
3 336
1 6
1 23
5 150
6 7945
5 7
2 64
2 6
19 1178
5 4335
1 8
1 9
1 45
8 112
1 116
2 38
3 3
1 6
6 6
1 8
5 2865
18 640
2 10
4 23536
2 1210
23 1236
6 6
20 15975
3 1788
1 2
5 285
2 240
2 2
18 32968
1 692
2 6806
5 805
1 6
13 4238
4 32
1 2
7 7
12 876
1 2
12 96
3 6
1 2
1 15
3 3
29 42
21 185
2 2
11 16614
1 6
1 3
5 2460
2 12
7 1841
6 138
18 54
1 12
2 2
1 27
5 35
12 12
2 32
1 326
1 2
37 664
12 24
40 590
1 3
2 83
3 6
1 335
2 50
3 15
4 16
17 3900
10 20
1 2
7 245
1 1020
7 341
1 75
7 14
1 18
3 3
7 18151
9 11
12 12
12 192
10 80
4 256
16 3645
12 348
13 42
2 6
1 2
1 49
7 42
1 15
5 65
1 17
1 20
1 6
2 24
6 24
3 3
19 9377
1 7
3 3
2 8
1 18
1 289
2 2
1 159
13 13
2 2
6 6
1 9632
10 2384
1 147
5 290
5 5
6 30
1 12
6 6960
6 6
1 468
6 29
1 3891
12 168
1 15
7 7
1 5
1 2
1 32
10 477
5 10
1 21
4 8
1 2
1 6
3 12
7 7
5 25
7 7
24 20940
1 2180
14 14
2 4
1 587
1 10
2 1424
16 41
2 2
3 12
2 4
1 3
5 30
1 3
7 9541
8 24
22 46
7 35
1 1995
1 2
1 10
1 591
5 5
2 24
1 1236
2 1082
1 2
4 16
2 16
3 9
1 259
2 2
1 39
1 3
2 2
1 1920
6 563
2 8
18 5575
5 10
3 3
9 9
1 287
6 6
1 2
2 574
2 1776
5 480
2 4
12 1017
3 6006
2 2
1 6
4 7
1 72
1 3
2 34
5 805
3 12
15 1050
9 5949
2 2
1 10
12 24
5 10
1 4
18 1824
9 27
16 149
4 24
7 63
1 1470
2 124
5 395
1 30
5 25
12 12
6 46
7 35
7 24689
5 760
20 799
2 30
5 50
1 828
5 5
1 9
1 12
1 74
2 38
9 18576
5 30
1 287
15 23083
3 3
11 251
13 39
1 3
12 629
9 145
9 9
6 5304
2 2
2 38
2 2
11 11
6 54
2 12
6 25
1 11
12 48
5 5
2 4
1 401
11 1169
5 5
1 2
2 16
12 84
1 2
4 92
19 1987
5 5
2 32
1 355
26 212
12 1681
2 2
1 7
3 8
13 34
2 2
5 24080
17 425
7 12145
1 57
15 258
12 276
1 4
12 14115
1 10
1 3
2 16
7 14
1 1039
7 29974
12 2988
1 1382
2 2
1 4736
9 11
12 672
6 1722
2 18
2 2
2 15
2 26
20 40
6 12
1 2
8 5032
15 225
1 7
5 55
2 2
1 5
6 3528
2 2
11 22
1 4523
1 261
1 3
1 2
10 124
1 5
2 6
1 4
1 58
1 2
3 39
5 621
18 3718
15 60690
1 302
2 2
3 24
12 2004
13 37237
12 2184
1 8
4 13823
2 8
10 10
2 32
22 19549
1 591
1 4167
12 276
17 309
6 12
2 2
5 10
15 63
1 6
7 21
21 21
1 5
7 84
1 13
1 2
2 28
2 64
7 7
10 12
11 15
1 59
1 2
2 16
1 4
1 3
7 155
1 2
5 5
10 192
1 2762
5 6240
2 574
1 2
1 62
15 59
3 3
1 45
8 558
7 133
1 2587
1 327
3 3
3 9
1 49
2 584
19 24142
1 9473
1 1587
4 1968
1 3
1 70
1 7
1 6
1 428
1 451
1 10
1 18
7 7
9 9
12 156
17 25902
20 553
4 12
8 54
1 3
16 64
8 8
1 2
1 3
1 1974
21 128145
1 10
11 32
1 15
1 7
1 349
1 2
2 2
1 4
3 3
1 72
1 6
9 18
15 416
1 547
10 11696
5 80
1 9
1 2
3 9
1 154
1 6
1 25
7 63
1 5
13 2834
2 6
1 2
7 4025
3 3
1 1533
5 60
1 4
2 42
16 157268
5 30
11 22
12 384
1 89
1 2
12 84
1 4
1 14
1 587
6 77
1 1594
2 2
3 3
5 5
3 9
1 289
3 459
1 4
5 100
18 189
8 2280
1 81
6 6054
10 10
3 3
2 28
12 36
6 10
5 10
2 2
12 12
2 100
12 37
6 62052
33 52610
5 45
1 31
2 59
5 100
1 10
12 2016
2 2
45 242
1 65
1 36
5 20
1 4
1 6
6 54
3 15
2 2
1 4
5 2935
3 9
3 1047
1 4
2 24
2 3664
4 8
4 36
1 3
1 2
2 2
4 256
2 2
3 74
6 6
7 7
14 1943
2 26
5 5
3 8
1 535
1 2002
2 2
26 168
3 9
5 1440
8 248
1 13
1 19
2 2
1 3
6 6
30 30
1 2
6 6
1 5
17 84
1 3
2 180
3 3
5 5
1 6
4 12
1 10
16 19
1 5
1 10
12 24
15 2112
1 150
1 22
5 695
12 2064
5 5
5 1770
2 941
1 16
1 2
15 26612
14 6889
15 15
1 2
4 160
1 302
2 2
1 6
2 80
15 1390
3 6
5 700
5 10
3 12
9 9324
1 20
25 36
21 57
2 10
3 3
2 4446
2 2
2 4
37 87
1 2
1 884
1 24
3 9
26 26
1 585
2 4
1 15
6 35
1 2
32 109
10 8836
2 4
3 9
2 2
1 1995
2 2
1 9
5 5
5 165
32 20733
3 3
2 54
1 36
12 48
44 1040
2 2
2 2
3 1764
1 16
7 14
19 19
1 6
1 26
2 2
2 586
7 413
1 57
1 11
1 4167
11 1071
2 2
20 60
1 62
10 10
3 3
3 18
2 2
1 7
1 3
2 2
2 10
7 20
7 7
6 12
4 528
5 10
1 57
1 4
3 3
10 30
7 710
1 8
2 2
20 20
1 2
6 6
2 136
40 1280
5 170
5 150
11 33
2 4
7 14
9 99
1 2
1 6
7 240
5 85650
2 2
1 2
1 1947
2 2
40 372
2 4
3 6
2 610
5 35
20 823
1 23
2 10
1 24
2 4
7 3864
1 296
9 9
8 8
23 27
16 7027
18 145
1 2
5 1755
1 9
1 1999
1 9
2 2
6 6
14 14
2 2
1 2
1 5
5 15
5 5
10 58
5 40
2 50
7 14
1 6
2 6
5 1405
1 1533
2 4
1 6
7 35
1 34
15 309
16 39
1 2229
4 4
45 3355
16 615
23 29
5 1510
6 24
15 3460
5 12335
3 12
2 430
5 5
2 6
1 2
3 6
1 926
2 2
1 3
3 38
1 323
7 5743
1 9
13 26
7 147
11 13
4 4
3 9
6 24
1 2295
1 20
5 5
14 23
1 5
5 2120
1 28
1 1116
7 1988
5 15
2 2
1 2
17 17
2 16
1 124
7 16
15 803
5 5
1 552
5 5
1 13
1 10
1 19
3 10
1 3
7 14
12 108
2 162
10 100
12 892
1 22
19 34
1 23
7 9
9 182
7 28
4 20
1 3
6 90
2 6
1 7
6 6
2 2
1 4
12 276
5 70
5 2930
6 72
9 24
1 939
1 1503
1 3
2 2
12 96
28 42419
17 139009
9 9
1 12
10 108
19 3166
1 803
2 2
43 2521
1 1275
1 4
5 10
12 324
21 24461
5 880
7 1967
1 2
6 6
5 70
1 25
7 14
12 10927
1 5
2 10
7 7
14 308
5 570
2 22
1 4
7 3409
2 1884
1 3
4 4
11 29
15 525
2 6
1 153
3 6039
7 7
6 120
1 2
1 4
9 9
1 2
4 4
2 60
3 3
12 24
2 6
5 110
7 17
2 52
1 3
12 59
7 7
1 33
1 22
1 3865
23 27390
3 3
5 5
3 1082
1 868
2 4
1 4
5 465
5 10
6 11
2 2
2 2
15 960
5 115
5 155
7 196
1 3
9 9
1 31
5 280
9 2421
2 4
6 25994
17 28
21 63
12 84
5 65
2 228
9 2682
6 1716
5 10
1 4
3 4410
1 288
1 2
2 68
1 64
12 48
1 3
1 12
2 2
1 3
15 1940
2 2
1 13
1 1187
1 3
2 588
1 34
1 596
29 7315
5 47
12 12
3 7761
7 406
1 329
5 200
5 5
1 301
1 3
1 868
6 7
1 11
13 13
1 35
21 1448
5 5
13 39
16 80
2 2
1 3
5 25
5 5
3 3
16 19842
14 14
7 6594
1 8
1 36
3 6
1 219
1 3859
1 301
10 1506
7 140
15 60
5 9975
9 117
1 2008
1 22
12 120
1 4
2 10
2 22
5 1510
9 147
2 44
8 1346
1 3
22 1513
1 6
7 49
6 42
33 166
2 2
3 6
1 64
4 8
11 28732
1 2
1 91
1 909
15 95
4 218
5 1770
10 10
5 34
4 2190
1 3
9 9
1 11
1 2
1 49
1 12
5 5
1 302
67 1658
5 5
2 2
3 3
12 12
12 12
2 2
1 12
1 2
1 1011
7 4109
21 297829
3 3
1 4
9 4812
2 6
2 2
13 13
2 2
1 3
1 158
51 352
6 342
3 3
1 2
12 12
10 20
2 2
1 51
1 2
6 6
1 15
1 14
2 160
1 2
7 7
2 2
12 576
7 70
6 12
5 10
15 63
1 3
14 14
1 42
4 4
6 1776
1 5
2 22
1 1341
3 3
1 643
1 1524
1 5
10 84
5 21850
1 1823
8 512
9 29
1 6
2 17
2 2
1 3
4 16
2 26
2 128
4 4
1 326
1 896
1 1805
5 30
1 8
1 2
1 584
7 756
2 16
16 54
1 286
34 103
2 8
17 574
2 4
17 6767
2 32
14 58
14 4610
1 287
5 10
3 3
5 5
1 3
2 10
1 5
2 2
7 8491
1 35
1 2
1 64
1 14
6 3510
4 84
7 14
1 6
1 699
1 20
30 550
12 60
1 7
6 30
1 322
3 1641
2 2
1 5
6 6
2 2
7 49
3 878
6 12
12 868
2 106
1 3
23 211
1 26
28 252
20 103793
1 421
8 8
3 12
1 9
14 14
4 4
3 5
3 12
3 1359
5 5
1 301
1 2
4 20
1 5
1 2
6 7710
2 2
18 2109
1 295
1 1524
15 2336
1 3
1 6
2 8
2 2
13 13
2 14
2 42
7 7
19 19
9 520
1 6
9 9
13 13
2 2
8 8
29 107
7 7
1 3
5 105
5 5
1 595
1 4
2 16
6 44
26 38
1 23
5 1485
1 331
6 8802
2 2
1 15
1 23
5 4475
2 2
1 3
1 269
2 2
15 68310
2 42
1 393
2 10
10 30
3 1674
1 6
5 25
1 2
1 5
7 7
1 3
1 1214
3 39
30 7876
14 1640
1 5
1 308
7 42
1 29
5 20
2 14
1 2612
2 6
1 3
16 390
2 1492
1 10
12 12
7 2737
1 293
5 485
1 763
1 3
1 582
5 5
10 20
1 7
1 106
2 2
14 42
3 3
1 351
1 2
4 980
4 1231
1 591
1 15
1 2
2 6
5 15
1 2
10 35684
3 3
2 18
1 30
4 76
19 38
1 7
5 20
2 984
4 12
2 2
7 7
4 12
4 6
1 6
5 5
3 6
6 6
1 5
13 13
19 12448
1 8
6 12
12 2201
1 2
3 3
5 74
1 288
18 140
1 3
5 5
7 28
32 406
4 4
2 2
5 200
9 490
1 3
5 14
4 4
14 23
1 4
12 84
2 801
1 524
14 33
1 6
1 10
14 28
1 289
2 6
5 15
1 2
2 4
2 2
1 13
2 2
18 12981
1 80
2 34
14 31
12 12
1 24
1 3
1 50
1 592
3 6
11 17
1 8
5 5
1 7
5 2870
1 944
5 21090
3 21
16 16
9 9
5 5
5 95
3 84
5 15
7 7
2 2
7 112
40 21421
2 9312
7 7728
1 78
18 971
5 9815
11 18
19 627
1 36
1 14
26 1423
7 35
5 5
5 40
12 12
9 55
7 7
1 2
2 38
7 14
1 2012
6 6
1 1844
1 16
3 15
1 2
12 12
4 4
1 61
6 162
1 13
1 3
7 21
1 5
2 1164
1 5
4 43
9 192
1 5
12 876
33 48
1 2
1 22
42 7632
18 1465
1 311
7 7
8 16
2 4
8 8
8 76
1 25
3 3
2 12
7 42
13 247
2 2
5 70
6 7
1 29
20 1072
1 22
1 64
2 2
21 63
8 72
2 32
8 2970
8 987
5 15
2 4
2 18198
3 3
1 25
1 5
2 578
8 2808
2 44
1 327
11 33
1 543
3 6
1 492
7 21
2 2
14 14
9 1826
1 7
2 2
16 24
21 315
8 40
12 12
2 2
1 16
3 14
11 3998
1 426
5 5
2 6
24 6969
1 2088
2 3006
17 1950
12 192
6 30
12 348
1 19
5 15
1 542
3 9
1 115888
7 2002
1 2
9 238
2 2
1 31
7 21
5 10
2 2
5 15
2 2
2 6
8 8
4 73
1 6
17 17
2 4176
2 86
3 3
12 84
6 18
3 3
1 2
1 2
1 3
3 3
1 58
1 3
7 4025
1 34
12 468
60 1874
9 27
1 1971
1 8
7 27
7 56
7 91
6 36
10 10
7 175
2 2
34 1670
1 741
36 846
12 60
1 6
1 32
2 2
1 7
30 1307
52 1295
2 124
2 2
7 49
2 14
31 39
18 18
1 942
2 2
1 3
26 67
2 86
2 130
5 1275
2 602
26 9798
7 10927
12 3612
1 2
1 44
30 63
19 25917
2 4
5 10040
1 3
1 29
6 410
2 56
1 74
8 2440
8 324
30 239
13 13
2 218
17 8835
1 4
10 20
24 8058
39 76
1 12
7 49
2 3998
1 2
5 6070
7 33
5 5
1 3
2 26
26 8432
3 94
7 381
2 3056
2 4
1 3
5 65
2 415
1 538
74 89282
4 6250
10 90
1 11
10 10
17 4862
8 88
2 128
1 64
6 11
1 104
21 2085
2 10
7 763
2 2
5 325
12 60
3 3
12 168
13 1016
1 10
1 5
7 7
2 6
1 32
2 34
29 66895
1 543
2 6
7 7
3 201
6 18
1 288
2 2
7 170
6 9
1 16
4 4
24 4573
24 9248
1 7
5 1440
13 312
8 11
1 8
1 128
15 26
28 1634
6 54
24 8260
3 12
23 23
1 25
4 17
1 144
12 852
39 1944
2 2
2 4
12 60
1 3
18 50
2 1286
5 670
1 3
4 4
7 7
1 3
17 143754
2 6
10 45
14 70
2 2
5 340
1 13
12 180
1 5
6 66
2 26
7 35
12 168
2 4
2 6
1 868
2 10
19 155
12 125
7 112
10 50
5 29
10 10
4 36396
1 3
19 1344
1 408
7 7
3 5109
26 255082
1 26
2 2
12 216
1 1999
2 7
1 2
1 4
1 22
1 6
12 12
1 441
1 1996
5 5
1 1294
1 86
1 29
5 5
5 60
12 84
5 5
2 8
6 12
6 8
5 30
3 9
5 25
2 16
2 4417
2 73
13 13
65 132
1 3
3 102
1 15
1 3
7 115
1 5
5 25
1 3
8 16
6 36
3 39
1 292
2 8334
15 217
8 8
6 12
13 78
3 3
5 60
1 96
9 153
1 145
41 23051
1 16
1 4
34 2064
1 9
3 6039
1 13
5 95
2 3838
13 13
1 10
6 114
1 2
24 2996
4 4
3 9
2 570
1 12
1 5
8 4198
11 66
5 10
7 721
1 2
2 77
1 287
10 540
20 32
3 165
1 24
1 4
1 2
1 5
1 2
10 2690
1 35
1 2
66 122
1 3
2 770
1 86
2 1980
1 17130
8 35
1 1528
1 14
7 145
3 12
1 14
1 7
3 4
7 70
2 598
17 4879
6 384
2 2
1 949
1 140
14 14
2 6
1 367
17 25
12 72
4 4
13 13
20 40
3 1854
1 9
1 144
14 2614
2 2
7 392
19 18518
1 4
16 686
15 17
1 2
23 22473
1 7
7 8528
14 4018
18 2430
1 23
6 36
14 14
1 24
1 1525
2 6
7 14
12 84
13 233
12 12
2 40
4 9792
5 10
10 15
17 11428
2 2
1 574
5 10
2 158
1 2
2 550
5 10
2 2
12 864
15 5481
6 14
2 88
26 1160
3 3
1 5
2 2
5 10
10 12
2 8
1 19
1 2
8 56738
3 6
7 28
1 2
12 1164
2 10
1 94
1 3
2 2
13 13
6 384
4 24
1 288
1 45
1 16
6 18
6 12
2 58
1 5
2 104
1 33
5 25
16 19592
1 6
4 4
15 38895
2 77
2 2
2 8
2 8386
1 19
3 39
3 6
1 2
17 51
3 12
2 8
2 1234
2 4
1 2
1 385
8 14
2 270
3 3
3 6
1 2
4 1768
1 8
1 2088
6 6
9 5397
1 2
39 1312
5 130
19 1745
16 22899
6 8
1 11
2 180
1 1052
1 2
17 155
1 60
3 4
14 14
1 4
1 15
1 5
37 125
1 2
9 18
6 6
11 767
1 2
6 6
5 40
59 890
2 2
1 5
12 324
5 95
1 1292
1 2
3 9
5 320
2 4
1 6528
2 4
6 18
2 8
1 12
9 56
2 2
2 1818
12 45
1 12
2 4
7 21
1 105
17 17
1 4
2 22
3 186
19 349
3 123
1 11
7 14
2 10
1 19
1 288
1 2
29 73845
7 750
5 5
7 7
3 174
5 10
14 266
1 310
30 30
1 20
20 3330
12 36
12 60
2 44
1 17
2 774
2 4
12 12
1 3
2 85
1 121
1 3
7 6622
1 1256
7 2079
6 1602
3 3
5 89
15 15785
5 110
1 5
2 6
1 2
1 10
7 26
1 55
2 2
2 2
5 10
1 205
6 36
1 7851
14 14
3 3
1 5
5 450
2 2
5 25
1 2
6 6
5 510
1 10
123 8523674
1 286
3 18
9 4833
6 60
8 9459
1 2
4 16102
2 8
13 13
16 136
19 527
16 703
5 60
2 68
5 21525
4 8
1 34
1 8
9 144
14 36
13 288
5 105
1 18
3 3
19 19607
1 15
1 161
1 2
4 5261
1 37
1 2
1 3
2 34
5 80
2 232
1 6
21 5520
12 13008
7 4067
7 13986
1 62
17 4896
13 14
14 1770
2 6
1 16
1 16
6 6
1 64
18 270
15 34
9 153
1 592
5 60
6 6
1 20
4 48
5 6985
1 8525
1 361
12 2670
7 15260
7 448
1 4
3 3
6 6
1 5
1 942
2 6
1 3
2 86
9 9
10 1330
12 216
1 80
5 1855
14 206
2 8
2 2
2 2
41 43857
20 1526
22 52
2 2
1 2
30 30
12 120
4 4
1 102
17 349
1 4
13 182
2 2
1 2053
9 5880
7 259
1 14
2 2
1 23
2 4
1 13
14 19
12 72
3 3
35 38832
3 21
1 2
6 257
4 52
9 117
1 2
2 4
5 290
1 9
15 209
14 14
4 4
1 8
1 2
5 2995
6 1475
5 70
3 3
5 145
3 9
6 6
3 6
1 2
1 376
1 2002
6 7
5 10
7 63
6 12
1 296
15 2729
14 3129
3 999
10 18
1 2670
1 36
1 43
1 1602
1 64
10 130
1 5
2 4
39 76
1 9
1 4
5 50
12 24
12 72
3 15
8 3465
20 372
7 7
42 701
1 7
12 588
1 4
10 946
2 2
1 2
12 156
2 2
20 60
18 610
2 6
1 19
1 2
2 8
3 3
64 480
6 30
21 420
1 269
2 2
15 147
3 3
6 12
1 10
54 1768
3 3
1 2
1 102
1 7
33 30869
35 2702
5 25
5 5
2 68
1 22
10 66826
1 14
7 7
2 548
6 24
1 2
3 118
20 108
1 2
3 3
5 3460
2 2
8 77
2 2
2 2
6 108
7 21
3 9
1 2
22 46499
3 9
5 5
2 2
1 7
21 9460
59 97
1 46
3 9
12 12
7 133
1 7851
16 4592
40 243
1 34
3 15
1 11
1 53
12 276
4 4
27 1050
1 2
1 23
8 90
1 27
2 116
1 7
1 2
6 30
1 64
5 165
2 116
1 267
1 6
1 3
1 2
24 1680
1 2
1 2
1 20
5 5
15 258
1 5
2 6
5 30
2 10
7 3508
3 6
1 289
1 6
2 4
1 13
1 2
9 126
7 9
12 55
1 1292
18 18
6 328
12 12
1 156
10 30
7 119
10 266
23 13432
2 8
25 593
1 5
2 38
4 4
7 2023
2 46
1 579
20 2308
1 6717
1 2
2 8
13 26
1 3
3 3
7 7
5 5
26 229
7 84
1 5
33 229
1 5
9 17685
13 260
2 4
2 2
1 7
6 198
1 31
13 19918
1 82
7 42
2 8
2 4
9 72
1 553
1 4
2 64
21 1486
2 2
1 289
3 64498
1 3
2 2
1 11
2 2
1 2
2 10
4 4
8 8
2 6
1 8282
1 9
6 7054
17 1493
1 41
30 30
7 49
14 14
1 322
6 6
7 128
1 16
2 7
1 21
9 53
33 2172
1 222
7 532
1 3795
18 610
10 31
29 95
1 7
3 3
10 54
33 911
5 1460
23 88
1 597
1 1011
5 5
7 14
5 8670
9 11
1 277
2 16
3 558
1 596
1 9
1 2
4 52
3 3
5 5
5 52
1 1749
11 239
7 651
10 1132
1 267
3 39
4 4
5 55
1 15
3 6
7 2597
2 2
5 5
6 6
5 340
1 20
1 3
7 231
1 23
16 19
3 3
1 4
7 6984
5 10
12 24
2 12
1 2
1 8
5 60
3 168
4 4
1 4
1 4267
2 6
2 690
1 4
12 72
5 5
8 16
1 2
38 5582
1 22
1 64
13 25
1 237
2 12
1 95
7 7
12 6996
7 217
1 268
16 21040
3 69
2 2
2 10
7 14
7 7
1 12
3 18
2 6
1 17
1 5
1 183
1 3
37 11632
93 122
1 5
1 937
2 2
1 11
4 4
1 2537
8 441
20 20
8 12024
2 10
1 4
2 2
2 12
1 40
10 9490
7 14
1 6
9 17685
5 5
18 1386
12 12
25 32
2 32
2 36
1 4
5 10
2 54
9 10
1 2
2 6
7 2009
6 12
1 2
2 6
1 126
2 12
2 6056
2 62
1 7
1 87
1 6
6 3438
13 65
15 33
1 1196
7 21
2 4
12 60
3 3
1 67
5 116
5 10
10 22
5 1275
7 28
2 122
1 44
2 4
2 2
2 12
1 3
3 6
2 2
7 14
4 4
44 1388
1 1950
7 7
1 12
26 84
1 2559
16 16
1 286
1 3
1 137
20 416
2 46
28 258
1 2
18 165
7 42
5 5
1 25
1 5
12 876
1 3
3 9
1 5
2 2
16 159
3 3
1 4
25 25
7 84
20 180
1 35
1 16
2 6
7 245
1 299
6 6
2 30
83 11201
1 2
1 6521
17 5015
1 297
4 124
5 30
1 42
12 120
2 4020
30 1076
5 5
3 78
13 34
1 4
1 2
2 8
5 5
5 30
1 134
3 888
1 3
1 2
1 276
7 14
1 1971
1 4
1 11
12 24
5 25
3 3
5 5
20 34941
7 217
11 11
12 48
3 58
5 5
16 135
1 131
12 456
1 53
12 60
16 48
15 631
1 1768
1 296
3 7
7 7
1 4
9 10
12 24
5 175
1 8
2 2
1 8
2 10
2 266
4 108
5 135
1 104
10 30
2 2
3 9
1 65
12 576
35 1211
2 6
1 397
1 4
5 10
3 3
1 17
9 18
1 4160
1 2
20 14914
2 28
12 277
5 5
1 14
1 11
5 45
12 2988
69 525411
13 13
1 21728
3 3
5 25
6 6
14 14
10 71
8 72
3 15
2 2
2 16
9 7707
2 18
9 175
2 2
6 9963
4 680
5 110
3 3
12 512
2 2
19 31930
35 1219
4 56
1 2
2 2
28 43
1 269
6 12
2 2
21 21
3 3
5 5
17 349
5 579440
12 12
14 816
1 3
2 700
4 4
7 7
13 39
29 17310
7 2254
1 2
16 32
2 588
11 26909
1 2
12 12
1 294
10 46
9 288
2 46
6 5304
10 874
6 13
2 257
1 4
11 410
18 166
1 4
5 6280
12 2316
1 2
7 11816
5 5
1 5
3 864
12 96
1 2593
1 13
7 7
5 5
4 148
5 15
2 62
5 60
7 91
3 3
11 628
1 927
1 10
34 75
5 65
5 290
1 287
14 18
2 12
3 5988
9 16
1 6
20 250
1 556
1 75
11 88
5 30
7 6160
7 25866
1 4
1 5
1 42
1 4
1 877
10 35
3 147
3 3
5 10
5 5
6 12
6 8820
25 1432
10 261
2 2
2 6
35 4200
3 1788
2 666
2 2
3 183
10 60
14 1273
4 7996
1 1018
9 39
1 5
1 5
5 24360
16 48
13 13
5 10
5 5
10 60
2 4
42 99
29 29
3 3
7 7
1 12
1 1600
1 2
1 8
5 5
2 10
19 1011
20 951
5 5
1 4
14 3990
12 48
14 5292
1 2
11 146
3 855
1 492
8 2304
1 15
7 8811
15 1395
1 5
6 6
2 2
13 55
7 41
5 5
5 48160
2 26
17 373
3 5985
7 133
14 28
5 700
1 89
22 44
1 12973
7 21
10 11696
4 216
22 2523
12 1205
1 8
1 2
1 7
1 474
1 7
15 42
7 343
7 7
1 1082
3 138
1 1579
7 7
1 2
20 99184
47 719
7 15737
5 2920
1 4
13 208
39 304
1 5
3 5295
7 14
1 42
1 18
9 44
2 22
1 4774
1 2
5 5
2 2
1 13
2 2
1 587
37 3231
10 218
8 588
6 9594
2 10
4 4
12 39
2 4
2 2
2 6
2 10
4 8860
37 1192
5 5
2 2
22 22
12 1164
10 270
1 176
1 55
1 59
6 12
1 291
1 2
2 2
1 106
2 2
1 9
42 554
5 10
1 4
5 170
3 3
3 16
11 11
7 7
1 6
16 79
1 11
1 64
1 43
2 48
1 377
13 65
2 2
4 248
2 716
1 5
1 13
18 18
2 2
2 2
5 5
2 10
2 652
7 6076
2 10
1 2
1 62
1 13
8 104
13 104
11 402
13 34
24 10106
1 5
2 20
7 98
12 1217
1 232
4 4
7 8
3 3
1 53
10 74
1 16
2 2
4 3828
2 4
6 6
2 2
9 9
2 2
5 5
3 3
10 99
4 4
5 15
12 12
15 525
1 9
5 5
28 37
8 868
1 288
2 8
5 2885
1 73
1 25
1 297
1 12
9 279
2 2
1 1688
1 2
1 285
13 14378
1 288
17 10120
1 4167
3 18
1 882
8 1226
17 4981
1 12
6 4920
1 6
2 4
2 14
1 22
1 6
6 192
2 2
1 11
34 31028
8 448
13 56
25 29
1 13
6 3528
5 5
13 9800
2 2
6 6
12 72
3 1530
12 432
1 1039
1 3
1 4
12 72
1 944
17 569311
1 3
1 868
2 2
5 20
1 2
33 459
1 2
1 42
7 2247
1 34
38 73
6 6
1 1563
6 12
1 71
3 6
3 3
1 30
1 301
1 377
6 48
1 291
12 120
1 9
7 35
10 19
14 12348
19 4320
21 475
1 5
2 128
1 5
1 3
7 7
1 4
1 275
12 468
11 243
10 180
8 8
12 48
2 2
7 35
1 6
1 33
1 4027
1 2
5 5
1 15
4 13556
5 60
2 2
2 68
2 1640
10 7014
1 882
5 530
3 9
1 159
3 3
11 11
1 5
1 15
26 26
1 3
1 3
1 3
1 3
1 1767
2 3534
1 286
1 221
1 25
1 289
1 3
17 258
17 7090
1 6
2 18
1 2
29 35
3 6
1 43
6 12
4 1460
1 2
8 40
1 7
3 993
1 19
1 248
6 7
6 6
5 60
2 4
2 2
9 17
7 35
11 44
3 12
1 588
1 882
12 12
1 883
14 28
24 21342
3 8
1 7
1 291
18 106
8 8
1 40
1 10
1 7
1 17
4 2868
2 2
2 26
12 12
1 7
6 8
2 2
13 13
34 294
5 281
21 12639
10 80
1 3
2 6
1 5
1 3
1 120
1 14
12 24
9 50364
2 2
7 7
5 17931
4 112
6 6
5 10
1 3
2 14
10 290
1 11
2 2
1 4
2 2
13 13
1 8
5 690
13 48685
5 5
31 444
5 20
27 103
8 90
14 14
2 68
3 3
5 5
1 12
12 96
5 5
4 12
7 21
3 3
1 1399
16 57
5 7365
1 11
12 12
1 278
95 2100
1 3
2 2
2 1452
1 6
1 251
3 6
3 3
7 243
2 10
3 6
6 3528
4 20
1 28
3 3
1 31
4 76
5 1015
2 2
12 8000
1 25
1 12
7 7
5 20
1 11
7 14
72 90
25 207
2 48
1 939
3 24
12 84
4 4
1 588
44 939
5 5
11 12377
8 26
1 27
1 37
7 7
1 19
2 4
1 114
2 8
1 8
13 13
1 877
1 7
1 7
20 20
12 36
1 967
9 10909
2 2
4 12
1 14
4 192
2 4
20 276
1 2
1 181
34 1765
5 15
2 4
14 28
1 354
1 6
2 4
2 6
1 4
1 2
1 3
3 3
1 9777
12 237
1 3
34 12038
4 26
1 55
6 36
1 47
7 1274
1 5
18 18
12 48
1 2
2 8
1 4
5 15
6 1475
1 8
1 31
5 20
1 2
1 49
2 4
6 5034
10 2472
1 3
12 840
2 59
18 73
1 2
2 2
1 2
1 44
5 1655
1 10
1 885
7 7
5 10
2 2
1 9
1 44
2 8
6 18
2 250
9 235
3 3
1 43
2 4
3 3
42 387
4 4
7 125
1 13
5 45
1 288
1 4
2 14
1 8
1 2
2 48
2 1274
1 1767
10 20
1 72
1 5
6 24954
5 15
2 2
2 2
5 25
1 4
5 45
2 2
4 3672
1 65
12 72
7 7
2 4
1 2
2 14
2 2
5 5
4 66
1 17
1 17
5 15
2 2
15 28
42 1247
1 14
12 48
3 3
8 420
7 84
15 60
4 127
5 5
1 3
2 4
12 120
5 5
1 5466
1 581
6 62
7 1008
3 66
5 725
1 10037
1 6
2 2
1 4
1 296
12 96
1 3
1 12
7 28
11 70
3 3
2 102
1 714
15 52
9 9
83 51629
1 3
2 10
5 33835
2 2
1 289
1 323
1 17
1 2
7 105
1 304
1 1382
11 12991
1 5
13 13
2 2
1 4045
1 7
1 62
1 5
31 14450
1 2
2 26
1 3
6 12
17 131
1 288
7 119
5 20800
1 286
4 4
1 6718
5 7320
5 15
2 10
2 2
1 332
3 6
6 1475
2 32
12 108
14 8022
1 12
1 143
7 13538
4 2512
9 1935
10 50
1 2
1 307
2 4
2 10
1 44
1 44
5 27135
2 2
1 2
15 2816
7 281
2 2
5 15
1 33
1 75
3 3
12 24
18 7592
7 49
2 12
2 3544
1 7
50 672
12 36
8 8
1 8
10 1250
15 4350
15 1238
1 2
12 214
7 133
16 48
2 12
1 68
3 60
11 36
1 2484
1 13
2 10
2 2
7 2492
2 26
1 14
1 2479
16 116
2 4
4 1862
16 4316
1 16
2 50
1 32
6 1475
5 3650
5 70
2 2
1 14
3 24
23 23
1 41
1 2
16 215
1 1963
8 48
5 1440
2 2
6 2910
26 442
1 3
1 4073
7 28
5 25
3 1224
6 74
23 147
7 42
7 105
3 3
2 12
2 2
6 186
8 49
1 12
2 2
1 89
5 5
1 3904
2 4
2 2
2 46
1 2
7 7
1 2013
5 20
1 1724
2 12
2 2
5 1885
12 372
3 27
7 98
26 2514
1 14
5 175
11 2058
2 64
7 14
9 153
2 6
10 366
4 100
10 10150
12 48
1 2502
8 808
1 3
3 6
1 9766
1 7
2 4
3 36
23 23
1 21
1 4
3 3
7 7
5 25
1 58
15 30
9 19935
10 15
1 3
2 2
11 2800
13 7696
8 1194
7 14
1 17
1 5
1 654
4 2708
12 12
1 786
2 2
13 65
3 3
25 40
1 12
9 27663
2 8
9 61
1 7
3 6
1 270
22 2412
32 31230
4 4
5 5
2 2
1 4
7 28
9 9
1 2
1 58
1 3
7 7
20 23
1 20
1 3
1 17
1 3
2 2
7 140
15 542
4 4455
5 5
3 3
2 2584
1 654
1 5
1 29
10 14670
1 290
19 41383
2 4
1 2
2 8
1 25
1 3
35 276
8 152
9 18
2 4036
1 15
5 25
9 45
2 384
1 13
1 161
5 60
19 9273
2 2104
12 12
9 9
1 947
15 15
11 1218
3 6
1 8
2 2
1 2
2 2
12 3861
12 24
2 7
7 14
3 3
2 36
14 122
13 156
4 4
6 6
6 12
6 30
1 2
2 10
5 5
19 1173
1 4
2 6
14 14
2 34
1 14
5 10
1 28
1 97
2 6
1 64
2 2
1 588
11 55
6 7
5 75
1 570
1 67
1 2082
1 11
10 10
1 107
5 30
31 42916
1 13
1 13
8 3685
1 19
11 100
7 28
1 552
12 24
3 4
2 592
1 5
6 96
2 1766
13 43
1 37
14 41
14 43
3 51
9 2142
1 13
16 31
1 307
21 46027
2 722
12 408
1 12
2 10
1 1254
3 4086
3 189
1 14
2 2
7 84
28 35
7 6580
1 5961
1 3
1 42
7 7
2 12
2 102
13 13
7 7
1 16
2 2
7 12761
1 2226
21 6006
1 288
7 308
5 40
1 57
1 588
24 147
20 6012
11 11
3 3
8 21
1 9
8 16
5 5
1 2
1 699
4 20
7 7
49 1217
32 1821
1 2
3 9
1 2
2 6
1 24
27 294
12 108
2 10
1 2
10 6499
1 5
5 25
1 52
1 9
17 1666
4 448
5 5
1 4703
1 310
1 4
7 7
15 60
12 26772
11 5526
1 573
2 2
5 675
5 10
5 5710
7 14
3 3
1 6
1 575
5 295
17 525
6 46
3 10
13 78
1 281
1 13
5 5
2 4
1 68
12 60
1 18
12 3060
1 18
2 6
2 6
5 5
7 14
1 28
1 701
1 3
9 36
1 31
1 74
13 310
12 24
1 1124
1 4045
6 1806
2 42
7 7
1 5
1 8
1 3
2 26
1 294
10 552
1 37
1 2
8 8
1 12
9 9
4 6179
1 8
1 8
1 34
2 80
3 3
13 3718
2 2796
28 31
6 1086
7 154
7 7
18 21075
4 24
15 495
12 72
19 11645
16 81
16 3528
2 60
1 296
14 15
5 5480
1 351
5 5
1 5
3 3
8 16
10 165
5 4635
2 10
6 6
12 24
1 10
1 990
2 2
3 9
3 3
13 39
1 2
1 2
3 6
3 6
7 3906
5 250
24 24245
13 13
1 156
18 18
5 15
1 3
2 2
5 65
2 2
5 1315
18 744
12 226
4 4
1 9
6 6
7 21
3 3
1 24
5 30
4 4
5 20
1 55
5 220
1 2
6 6
2 2
1 76
2 22
12 84
1 286
11 11
11 231
2 2
1 2010
6 253
7 284
11 41688
3 69
1 4
1 295
5 10
2 2
1 291
32 26602
11 22
16 17199
1 7
1 392
11 133
1 6
11 858
2 12
40 2413
10 10
1 3
1 2
2 36
2 6
1 4
3 6
26 1431
2 18
6 24
3 3
1 13
2 6
8 21
17 82
2 4
1 5
7 70
1 2
6 340
1 1490
4 12
9 18151
17 1970045
7 28
7 7
1 9
1 3
1 246
38 37002
1 7
1 5
1 2
1 7
2 6
12 12
1 284
2 2
1 88
2 14
3 6
24 539162
1 13
7 903
1 2
16 48
1 20
50 4207
19 12916
2 156
4 136
1 2
1 140
3 3
1 4112
3 12
6 68
1 2467
11 22022
8 28
5 5
1 6
6 1130
1 17
1 6
5 5
3 3
1 4
3 132
1 8181
1 5
1 5
67 1075
1 36
1 16
13 3848
1 438
1 32
2 572
5 1485
1 6
7 42
1 2
5 665
4 20
9 121
1 22
2 56
1 28
1 304
3 32
2 4
17 17
24 65
2 4
31 57
2 46
1 6
5 60
1 10
25 30
1 9
1 5
9 9
1 120
10 260
1 4
1 2
20 48
1 5
3 6
5 52
10 281
1 2
3 9
1 23
1 296
7 125
29 115
24 19532
4 3064
3 3208
11 11
2 2
1 1484
5 4340
2 2
2 2
8 2116
2 124
10 3608
12 12
2 2
7 7
5 340
6 28
6 6
39 20769
1 267
1 303
12 12
18 7091
5 4805
2 10
1 14
5 290
5 5
5 15
2 8
12 600
1 288
1 7
1 22
13 158
1 9
13 42
1 2
2 4
1 2
1 29
10 66
3 6
1 3
8 8
7 266
30 1089
2 6
1 45
7 14
5 5
2 134
1 13
2 2
1 32
3 27
2 4
1 9
6 18
5 26805
1 2
1 93
5 5
3 3
13 17082
1 3
19 19
3 6
1 36
1 251
5 1505
40 2492
17 41
1 29
9 9
1 7
1 9670
1 28
1 2
5 5
1 2
1 597
1 16
22 66
2 114
6 36
2 2
19 8484
15 1860
1 3
2 6
8 2108
10 392
7 28
1 34
1 2
3 6678
2 8
16 16
17 3839
1 9616
1 11
7 91
2 2
5 5
5 7335
9 77
1 140
1 90
14 14
5 180
1 20
6 17
1 26
11 975
5 2675
2 21
10 24
4 4
8 8
12 12
1 6
11 1834
1 13
2 28
7 92
13 1949
1 14
12 84
1 128
9 180
1 4
15 95
1 7
1 47
2 2
15 214
10 104
2 2
2 2
20 605
2 2
5 1665
5 10
1 14
13 13
5 65
2 1144
11 11
1 2
6 6
2 6
7 7
5 15
1 901
3 18
30 30
17 464
3 15
9 27
9 9
6 5286
24 9950
1 4
1 4
6 16
1 33
1 9645
2 18
3 1494
2 4
23 115
1 14
4 4
2 36
1 58
1 29
8 29
9 55
11 3784
1 16
6 49
12 156
2 2
2 2
33 111478
3 18
6 6
5 1560
1 290
1 13
1 2226
12 14
5 45
2 2
7 14
1 323
3 3
1 2
14 394
2 1146
2 2
52 83183
9 30
1 49
1 4470
2 2
3 6
5 75
3 3
2 1754
5 1480
7 3924634
8 217
5 37
1 3
3 3
1 289
3 1036
5 30
1 106
1 582
1 8
1 3
3 3
7 7
7 7
1 344
1 6
5 5
5 2630
1 8
15 8036
18 234
3 3
8 34
1 3
2 2
5 541
1 115885
21 109325
1 7
12 1932
11 25
2 2
4 8
5 53
10 644
6 35
2 10
2 2
7 490
1 963
1 4
2 3058
1 33
7 617
1 4
1 2
2 2
5 6245
1 3
6 49872
2 2
9 14
1 1531
5 1435
6 9606
1 161
5 29460
5 5
2 2
2 16
3 15
5 45
15 30
1 928
1 222
4 1592
8 12200
15 15
1 76
19 474
10 7868
1 15
2 104
1 13
5 15
1 2524
3 15
8 28
7 7
12 36
1 286
1 286
1 3
1 276
21 61
1 7
1 946
1 6
1 18
21 21
1 124
2 2
13 13
5 30
12 216
7 14
22 22
14 1148
9 31
2 1176
1 9
6 6
5 5
5 85
2 2
9 9
2 1106
3 192
1 1148
1 27
14 28
22 300849
13 182
5 10
1 289
1 947
67 8764
26 26
1 162
1 12
13 208
2 6
10 20
6 21
1 11
5 10
1 2
2 85
2 2
5 290
12 864
1 3
20 53
6 1317
1 3403
1 5
21 17886
1 28
9 117
11 1025
1 13
1 6
2 6
2 2
1 303
1 8
12 156
9 90
7 350
5 10
1 838
2 6
2 36
20 352
2 26
1 29
7 4144
2 26
2 12
2 584
1 5
1 5
7 7
3 3
1 12
6 150
1 252
2 2
12 12
3 3
2 124
1 2
2 10
1 4600
17 3699
8 24
21 21
2 444
1 2088
2 2
6 2934
19 4712
2 2
7 7
2 2
1 64
1 847
12 12
1 13
1 1707
8 8
1 552
7 1281
1 310
19 377
7 21
1 62
2 2
1 65
2 6
1 68
11 220
11 245
4 36
3 3
2 8
8 88
3 63
16 21
3 3
31 40
8 252
38 1523
1 4
4 64
6 12
13 16
18 35866
2 2
15 465
2 8
1 7
11 650
1 582
9 19935
7 7
2 2
3 3
5 30
2 1898
1 3
47 1626
1 16
1 2
2 2
5 5
2 96
8 16
6 6
19 1347
16 2585
7 11228
5 20
3 3
15 1470
2 4
3 3
3 30
7 28
5 5
6 78
8 60
1 9
5 1515
2 574
10 10
1 3
2 2
1 5
6 17
1 25
12 12
8 3734
3 3
1 2559
1 281
1 1963
6 48
18 20743
2 196
3 13110
14 14
6 36
3 6
3 3
19 2950
19 13109
14 765
17 17
36 163522
18 18
12 468
2 48
12 852
2 2
2 2
2 2
8 23
1 21
2 8
1 5
5 938
5 115
1 6
1 11
7 37
2 2
1 2
3 3
3 8335
6 1086
1 588
18 143
2 2
2 2
7 63
1 19
2 6
7 28
1 30
2 1886
16 1701
7 60
2 2
2 2
1 351
3 6
3 6
4 4
5 5
12 168
6 6
19 43
2 128
7 448
2 2
5 5
16 2516
1 6
2 2
1 508
1 2
10 15
2 2
1 3
4 8
14 56
6 12
11 114734
32 353
1 295
5 135
4 20
9 9
2 2
2 2
9 72
2 8
1 541
5 10
6 13215
5 20
6 750
1 286
41 8253
1 299
2 2
2 16
7 28
1 4
35 351
24 60311
1 5
2 4
10 2687
2 28
1 693
1 27
1 64
1 354
2 8
2 2
2 4
1 9
1 35
7 35
1 4
2 2
9 198
1 64
10 10
4 12
1 304
1 170
1 1769
7 14
2 2
5 5
2 2
3 1717
1 41
4 12
1 10
1 27
13 312
7 35
1 27
35 1991
19 1178
1 3
1 885
1 3
1 6
18 50
35 106
24 13158
2 140
1 12
16 16
11 132
2 4
23 5013
5 27180
1 80
7 175
2 32
2 32
1 280
1 292
10 180
1 5
3 6
2 34
7 28
1 2
5 35
1 2
2 2
1 46
2 228
1 327
3 3
5 50
7 77
3 99
1 3
14 28
1 305
9 77
1 16
6 3670
14 14
3 3
5 15
7 6132
1 6
28 203
5 8010
6 18
1 224
1 3
9 390
2 2
1 344
1 3
1 10
1 340
1 8
1 656
1 551342
16 35
1 2
12 828
7 7
1 4
20 20
1 2
7 7
8 5720
2 6
20 20
12 3000
1 10
1 2180
1 77
2 2
7 7
10 194
7 7
4 201
2 6
13 3705
4 4
1 1382
2 210
2 2
5 7360
2 2
1 8
1 687
2 6
12 36
5 15
1 109
23 46
21 42
8 512
1 881
2 2
2 2
5 5
16 63
1 4
2 8
12 5232
2 588
24 1530
1 2
1 2
1 12
2 2
1 15
31 31
21 6916
1 5
1 2
2 178
19 6820
8 11082
8 188
1 70
2 1770
1 19
3 3
2 38
1 1350
29 2065
1 287
1 8329
2 4
5 295
1 18
12 168
2 4148
1 1996
12 12
5 25
1 8
15 60
12 1164
5 450
12 72
5 25
1 297
1 8
1 3
1 17
10 176
3 27
1 3
1 297
1 318
5 5
23 69
3 828
6 156
2 2
7 917
2 14
3 4
1 264
2 2
1 80
2 26
15 481
1 7
4 22
9 9
5 5
7 9625
17 3490
2 2
2 4
5 2910
6 30
6 201
2 2
1 3
18 76
26 33
2 22
42 19909
1 263
1 13
1 574
26 174523
1 3
21 181
8 3664
5 70
3 18
1 19
2 10
44 2171
5 25
1 967
3 58
12 1080
10 40
20 7175
1 19
1 2
1 538
4 12
15 9942
2 59
1 17
1 2
1 97
2 2
7 15
1 2
1 2
1 6
3 9
1 5
3 9
1 371
15 51
1 289
1 5
21 27
5 40
15 7956
2 2
5 5
10 135
29 44
7 115
3 3
7 4116
2 2
15 27
2 1552
13 132
11 489
3 60
19 3448
12 24
10 369
1 6
2 2
1 45
1 4
10 90
5 800
5 39255
14 48743
2 78
1 868
1 267
9 9
7 7
1 19
13 52
5 5
10 4920
17 17
6 36
1 54
3 4509
16 16
1 2
5 105
1 354
2 6
2 12
1 1612
1 52
1 2
1 327
11 7980
2 10
1 33
1 23
1 13
16 80
10 58
3 867
9 6939
2 4
1 1266
6 6
1 944
1 11
1 6
6 620
5 10
1 3
14 25
1 2
1 2
10 1676
1 1020
7 1869
2 2
1 289
1 3
1 5
2 2
7 168
2 4
5 10
7 7
1 12
1 2
10 38
5 3585
1 40
1 97
19 6980
2 4
2 2
11 3168
2 2
1 5
1 4
1 2
12 24
3 1752
8 4095
7 56889
1 2
2 2
5 420
7 49
1 13
5 35
7 14
5 2960
4 1104
5 5
24 28515
6 9594
3 3
4 4
2 22
2 10
2 2
7 56
12 348
12 180
1 5
1 6
29 23377
2 24
1 2
1 12
18 6477
7 1756
7 28
3 1247
6 4602
2 524
12 108
1 65
1 6
3 3
13 7410
5 15
1 64
1 114
1 940
7 2331
19 4788
30 132
1 67
6 120
74 134680
2 4
1 507
25 269
2 2
1 4166
12 84
7 21
1 404
1 294
3 6
2 2
1 5
1 6521
2 38
7 31
2 2
1 17
1 558
5 5
2 22
18 1441
5 10
2 54
31 197
7 1995
12 84
2 2
28 172
1 284
2 2
1 27
7 42
1 15
10 13000
1 2
1 297
4 68
2 4
3 3
1 13
3 3
42 859
1 21
10 50
13 442
16 23
12 2010
17 349
5 10
37 330
15 208
1 2
3 3
1 5
1 7
2 2
3 3
1 3
3 36
2 30
19 7092
7 84
2 60
1 2
3 45
2 82
5 4695
1 8
6 18
8 2296
2 1322
2 2
29 153
3 12
3 3
1 3
2 10
7 21
6 6
9 20
2 1833
2 14
2 2
8 3549
1 3
5 15
12 60
1 12
1 22
16 80
2 106
1 2587
5 8
1 6
7 42
6 54
23 12868
1 10872
15 60
26 18948
2 84
5 3695
9 9
2 2
2 2
8 63
21 15362
17 73
7 4685
12 12
13 13
2 2
1 56
67 1943
13 13
1 2082
1 62
2 2
11 820
5 50
16 186
2 18
7 7
12 108
1 202
1 69
1 3
1 72
9 20
5 30
9 38
1 13
7 406
15 3575
1 35
1 297
1 3
1 2
5 5
15 181
10 49312
1 104
1 310
5 51
7 21
2 462
8 16
12 3252
21 226
1 15
3 3
1 3
35 157994
8 16
12 156
1 597
5 5
1 4
1 310
1 44
2 304
2 8
1 64
2 16
1 2
1 3
1 133
1 297
3 30
5 165
64 120
2 130
21 294
7 14
9 9
3 192
3 6
9 108
20 4300
27 54
5 10
5 40905
1 2180
19 143
5 285
43 748
1 64
5 285
1 5
4 4
14 28
7 1869
1 17
3 6
1 10905
12 71
9 224
38 1102
4 44
11 58
3 36
1 292
1 3
1 6
7 7
2 2
1 4
2 2
10 448
1 81
3 3
12 928
19 95
1 12
2 2
29 981
10 20
1 2
1 2
1 3
11 55
11 159
2 4
1 88
1 7
5 5
1 7
6 24
17 347
1 1003
7 7
1 4
4 4
6 1860
5 50
2 8
2 2
1 32
5 23715
14 37008
5 4590
14 14
1 5
2 2
18 10566
27 130
1 5
2 4
2 82
1 158
3 30
7 42
1 2300
2 2
1 3
1 47
1 351
12 72
2 2
5 7320
40 226
3 3
6 384
7 1841
1 39
5 9995
3 3
1 144
1 13
1 2
5 190
3 12
1 17
7 98
27 20575
1 2
1 25
1 2
1 2
12 12
6 7
12 1164
1 2
8 8
3 1764
29 11415
7 35
26 35
1 4470
3 3
1 1293
1 10
2 548
1 3
1 6
7 14
3 6
17 27268
1 3
4 32
7 14
13 39
1 5
5 35
9 19
3 128
10 10
1 6
1 4736
1 64
1 8
2 4
3 6
1 62
3 3
5 25
13 13
7 448
2 144
1 1999
1 3
1 6
1 59
1 6
1 5
2 2
12 12
2 4
1 19
1 31
17 17
1 422
2 4
14 14
10 10
2 574
2 66
2 2
2 58
21 112
15 9082
31 5048
1 114
1 6
1 2
2 4
19 1329
7 10290
12 48
11 554
5 155
5 17764
1 1999
96 217
15 15
2 16
14 14
2 2
3 126
2 2
26 26
1 7
5 5
7 154
1 3
1 135
1 5
2 8
2 13
1 4
2 12
1 2
4 20
2 2
1 147
2 10
3 3
1 2
5 5
1 1503
15 15
1 3
7 15589
11 66
2 4
1 2
1 2
7 7
1 637
2 4
5 5
9 27
1 15
4 6012
3 18
1 289
29 1980
12 24
3 7506
3 3
2 2
1 32
1 2
7 112
2 2
3 3
1 2074
1 301
1 6
2 2
12 96
1 17
1 553
13 1926
1 5
2 2
7 7
12 72
3 177
5 5
7 7
12 468
5 5
3 3
1 285
1 5
20 60
10 1560
3 9
7 369
1 5
24 5572
5 1550
6 12
2 104
2 2
2 4
13 130
8 875
11 1016
3 6
2 46
2 2
7 7
7 224
2 2
5 7450
5 11075
4 4
12 768
3 18
9 53
15 53
5 10
1 3
6 30
1 588
4 1489
1 2
17 170
1 185
1 23
1 10
9 11
12 12
1 5
2 6
2 6
2 4
1 2
3 6
1 7
1 297
1 371
14 18
2 12
4 2352
1 27
5 2370
8 8
7 7
1 23
7 13965
6 2454
3 3
7 30961
32 1189
1 6
4 1148
1 292
9 216
7 21
1 7
2 18
1 292
1 36
1 588
3 18
1 290
5 10
5 25
5 10
1 3
1 15
2 128
3 3
32 1227
28 84
8 8
3 6
3 54
5 5
2 12
3 15
7 7
2 2
1 22
9 4833
27 25048
2 20
12 36
2 4
1 2
1 2
3 39
2 4
10 84
1 296
5 105
17 34
18 18
5 2735
11 11
1 2
1 1095
1 286
5 5
1 4
16 32
2 26
1 123
2 64
1 44
14 43
36 955
2 8
7 21
1 13
1 8
4 78
7 7
18 226
25 38
14 1058
1 2
9 106551
2 20
1 11
9 7515
1 6
7 42
10 40
15 6516
13 1339
6 40
1 1443
12 11016
2 6
12 324
1 2
2 4
1 310
1 42
1 35
2 3992
10 100
2 56
18 18
1 4
3 3
2 183
1 5
7 637
6 11
1 2
32 689
8 8
1 133
4 24
3 3
7 7
10 14
16 569
1 269
1 2
2 4
1 11
1 7
5 5
2 614
1 3
18 5292
2 4
1 9
1 3
5 10
1 13
1 28
2 26
1 7
1 51
1 1999
2 2
1 149
5 185
9 27
2 30
3 4509
6 1801
7 7
5 4380
5 25
2 1690
15 15
3 2875
5 5
4 7032
2 2
3 39
5 22140
1 62
29 29
1 2
1 6
1 5
2 16
1 4
7 7
1 14
18 1024
1 64
6 6
4 7996
2 8
1 16
15 974
6 75102
3 3
8 16
2 2
15 75
3 3
15 174
1 4
1 16
1 27
1 2275
1 6
2 4452
1 440
5 21015
5 30
12 216
1 288
1 3
7 21
6 6
2 2
4 1498
12 1332
5 12620
32 576
7 6727
1 64
13 8971
1 36
9 161
1 2
12 12
26 686
1 1601
4 548
1 3
29 88
1 3
4 4
15 16
5 55
1 654
1 6717
1 884
12 7428
1 4
1 9
5 5
9 3815
6 6
1 301
5 5
32 3864
3 54
1 1996
1 2
2 2
2 307
3 27
1 11
1 3
5 10
7 14
66 7416
3 9
6 6
5 5
2 10
3 6
15 15
1 15
1 287
1 97
1 9
1 19
3 3
5 5
2 2
1 9
1 91
1 947
34 1432
22 120
15 15
1 2
1 2
1 3
23 111
13 1230
2 20
1 50
5 100
1 3
1 3
5 430
11 11
1 4
19 10734
2 2
1 26
2 2
1 7
1 736
2 26
2 2
5 29805
5 1430
5 5
32 760
2 128
12 36
35 106
12 12
6 6
2 32
7 14
1 2
5 5
1 301
2 32
8 344
7 7
2 2
1 7
2 2
2 2
11 220
1 8181
12 440
8 36
1 7
2 2
7 112
1 2
45 82
5 3233
32 3167
17 3604
18 21258
2 2
1 52
5 42
22 319
12 72
1 5
16 16
3 3
1 6
1 884
1 16
1 18
6 6
12 1332
1 592
12 168
1 20
5 60
9 475
12 3216
1 573
6 18
1 62
1 377
1 13
7 7
3 2115
2 10
1 6
1 3
20 44
8 510
11 22
2 4
26 1369
1 3
5 5
5 5
2 4446
2 1176
5 10
2 556
11 1747
21 21
31 8837
3 3
1 5
3 6
1 7
1 1998
1 2
5 5
7 822395
5 3720
7 91
1 79
17 8364
1 29
5 15
1 858
1 45
3 6
2 10
19 1537
1 2
5 400
4 52968
1 19
20 110
2 32
1 587
1 9
15 110
1 6
1 252
3 6
6 48
1 294
2 1174
5 19815
13 39
1 171
10 60
6 1425
8 56
12 918
5 50
1 573
7 7
12 4032
1 331
5 885
10 46
2 4
1 127
1 4
4 1019
6 18
2 12
1 17
10 868
5 5
1 943
18 18434
5 895
5 20510
6 2403
4 4
9 10
1 1292
13 13
1 22
3 3
2 86
3 3
20 20
9 21
1 2
2 5280
1 10
7 35
13 78
1 2
5 5
1 127
1 4
1 5
1 6
10 146
1 577
1 1096
1 297
3 3
9 9
1 1292
2 2
1 3
15 2288
3 3
2 2
25 36
1 263
1 152
3 3
1 1723
2 2
1 6
3 3
6 78
1 9
23 328
1 117485
1 11
3 3
12 192
5 5
6 13
10 66
6 6
3 3
7 35
7 7
2 18
1 301
1 367
1 4
1 16
3 21
1 11
5 389
9 90
1 10
15 32348
1 9
13 13
7 7
3 3
41 130109
1 12
1 2
13 13
1 2
1 93
7 14
3 3
23 2041
3 165
12 2325
1 2
7 35
3 3
5 5
33 2407
11 13890
2 1112
16 4585
1 1522
2 544
1 4977
3 30
1 2
5 5
2 2
1 31
1 1286
2 34
3 3
2 286
14 504
3 1498
1 24
2 2
40 1711
12 288
2 2
20 1900
6 6
12 36
1 7
1 35
3 3
1 1245
5 45
4 16
9 81
2 8
1 4
7 112
1 19
7 7
1 64
6 6
5 10410
11 11
7 42
2 12
5 5
24 27710
1 23
1 3
1 615
7 21
3 858
2 32
5 10
7 49
1 1250
1 3
1 7
1 1995
7 4021
34 413478
5 66210
1 354
5 15
1 8
3 5301
2 18
3 6192
2 4
5 5
2 2
7 7
7 2030
11 22
1 3
3 3
4 36
2 4
7 7
1 10
4 92
2 130
1 20
2 2
10 81810
2 6872
6 18
10 208
22 22
1 13
1 3
12 3146
1 2
5 42
7 7
25 69
6 30
2 4
1 3
1 9
7 7
1 2
2 4
3 3
29 80
5 14726
12 240
1 15
1 28
9 9
7 945
7 23
1 2
2 2
2 4
6 2897
15 913
2 4
7 616
31 10520
12 14
1 23
2 2
1 1914
2 3840
6 48
1 33
1 389
2 570
8 609
1 3
16 32
1 1563
5 5855
2 6
5 5
11 11
1 76
1 441
1 10
7 1183
7 16
5 785
9 16
1 765
1 757
2 2
6 91
16 76
1 573
7 7
2 594
5 5730
2 2
2 42
16 16
9 337
26 26
2 2
6 351
1 11
24 120
28 31
1 581
2 612
1 2
4 52
1 4
9 27
1 286
9 47
1 4
3 3
2 14
10 15
1 2
5 12505
5 4425
19 127
1 3
1 287
2 4
2 88
12 108
6 84
3 42
12 300
7 42
21 49101
1 2
1 35
1 1723
5 5
1 1525
13 78
7 7
1 7
3 9
1 2
1 5
4 12
7 413
12 900
4 1755
1 13
5 5
7 1051
1 2074
6 1475
21 633
5 220
7 71
1 4
14 1307
8 2980
1 3
1 2
5 70
1 293
29 29
5 675
6 6
2 2
1 5
15 99
7 448
1 14
13 73
1 286
2 94
2 2
20 7554
1 4
12 228
1 58
9 1640
1 5
2 18
1 12
3 3
3 12
4 424
2 34
5 12615
1 58
15 15
2 2
4 32
2 2
8 8
4 4
2 114
14 43
5 7515
2 64
7 21
9 18
32 1337
3 3
1 29
10 68
15 771
6 6
14 140
1 2
16 16
1 6
2 16
12 672
2 4
1 9
2 66
1 11
3 3
43 8397
3 27
1 4
5 135
5 321
1 331
2 2
1 5
1 45
10 10
10 42
5 45
2 216
5 5
15 51555
2 2
17 3817
1 13
9 77
6 6
2 8
5 2460
16 352
6 6
7 6174
34 8153
2 6
1 2
1 133
1 2
19 351
8 41038
2 2
18 2246
1 9
14 280
5 830
5 1515
1 570
20 60
1 2
1 50
1 2
1 4638
19 1174
2 12
6 63222
4 3936
1 33
1 2
13 3562
12 24
11 2430
1 3
1 4
13 3685
12 96
1 2
11 15
1 79
20 5824
1 15
10 243
1 3
2 22
1 19
1 3
2 20
1 3
2 2
4 68
6 6960
2 12
2 60
1 2
1 868
4 4
11 415
10 24
1 690
1 6
1 1265
4 8256
9 1176
10 976
37 46
1 2
1 9
15 1491
1 2
1 287
2 2
5 1056
1 2
2 4
1 4168
1 1604
4 10
13 3572
16 64
4 496
12 321
3 3
2 4
7 77
1 9961
5 20225
2 38
1 39
1 849
1 585
1 44
1 408
13 129
1 2
7 14
11 10299
1 5
1 7
3 9
1 485
12 12
1 302
5 20
1 102
1 11
22 51
2 2
2 696
13 30596
1 4
14 294
2 9472
6 6
5 12185
4 12
1 456
16 195
1 12
1 577
5 5
8 8
7 76104
31 8364
18 2277
1 143
7 63
1 7
7 811195
12 12
1 12
5 25
14 221
1 17
1 11
12 12
5 10
9 12
2 4
1 253
1 44
8 168
7 245
3 867
10 310
10 30
19 44
15 15
1 287
6 12
32 912
1 9
1 4
1 14
5 10
1 4375
11 891
6 26772
1 287
1 297
1 29
29 113
1 2
1 2
2 8
1 2
1 2
26 25335
8 87998
1 24
1 3
1 88
1 2
4 4
1 2
28 16853
4 12
1 1091
7 7
1 3
1 14
1 125
5 10
9 18
1 3
10 10
1 877
12 516
6 5682
1 7
4 73
1 302
1 2
3 9
7 448
5 443
5 5
17 1735
1 53
5 655
1 3
1 3
2 10
35 44
7 10668
1 64
1 1999
2 2
6 24
1 2
5 5
2 5892
19 57
12 36
21 273
2 6
12 12
2 2
5 5
4 137
14 14
1 1252
10 10
2 10
3 36
5 2870
13 15106
1 2
3 3
1 5892
2 134
1 125
1 2
1 1724
1 14
10 237
7 4060
2 4
14 14
5 2980
5 15
1 778
6 342
1 36
2 2
2 38
2 4
5 20845
12 1332
2 2
1 3
28 98
7 2009
5 1200
1 268
13 247
2 16
5 10
4 24
7 49
2 2
1 286
12 324
2 4
23 27
2 126
1 2
11 2560
1 3
19 633
10 18
13 531
1 7
1 21
10 19
1 56
7 539
5 10
5 310
4 5
2 2
5 885
5 5
1 3
1 4
6 44
1 13
2 70
7 240
7 14
1 592
2 4
2 2
4 4
6 12
12 4452
1 261
35 626
5 12798
2 2
1 2
14 108
5 5
2 124
6 20
15 77
2 2
2 86
20 60
2 6
2 4
30 12541
1 8
19 23008
15 15
4 8542
3 4584
15 25320
8 49
3 66
2 64
9 16
1 75
4 4
20 20
5 48236
1 4
12 120
1 12
12 12
5 5
1 2
2 2
2 2
1 6
1 11
3 3
16 3604
6 25
1 64
18 18
1 59
1 927
18 592416
18 18
2 2
6 12
7 546
7 7
1 2215
1 1197
5 20510
5 320
2 4
2 4
75 78722
6 9461
1 20
6 27
1 22
2 2
2 2
3 3
21 474
6 6
1 15
10 303
4 654
14 28
1 1767
2 6
1 1467
1 470
2 4
5 5
1 31
5 5
2 2
1 10054
6 132
6 54
1 11
6 6
3 20151
2 138
1 9
14 14
1 1749
7 14
11 4887
15 375
27 42
2 62
1 561
11 9647
1 344
2 2
2 2
1 6
15 15
6 378
3 3
2 2
2 2
6 21
1 2
4 100
2 4084
7 1029
1 3
1 5
4 4
5 30
1 3
5 205
5 4365
1 248
1 23
1 390
7 7
6 7
7 245
12 12
4 4
5 30
2 82
10 28
6 6
5 310
2 4
7 7
1 34
5 3735
8 1568
14 6538
2 2
1 23
1 1723
27 3619
1 4160
2 4
1 1601
7 7
3 45
1 10
6 6
10 180
2 8
7 231
10 86
51 14399
1 2
19 38
14 572
7 7
7 679
1 260
1 4819
5 70
12 12
2 2
4 2292
2 2
3 3
1 9
1 1768
22 88
1 289
1 1160
12 108
1 877
3 15
1 2
5 320
10 1469
15 15
7 105
5 50
5 5
2 2
1 137
14 109
1 2
6 18
1 6
7 4319
1 3
2 18
1 3
15 7110
1 3
5 5
1 6
3 3
12 156
2 50
1 6
1 3
6 12
4 5
2 8
1 305
1 57
3 3
1 2
5 40
1 3
1 19
12 24
1 6763
19 9593
5 5
5 10
1 2
2 2
1 2
1 868
8 32
9 266
19 149
15 15
103 11180
12 576
7 49
2 2772
18 35366
1 288
10 2876
1 5
1 19
6 157
2 2
2 2
5 13
13 23
6 6
3 19
2 2
1 6
1 10
8 8
6 12
6 608
7 7
3 6
2 96
1 12
7 21
1 170
5 655
1 125
1 2
1 323
1 287
3 906
12 48
12 72
1 11
1 3
3 3
1 877
1 72
2 2
15 351
6 9228
8 4631
15 90
1 7
16 22529
6 6
1 2
15 31
14 1949
2 24
6 20
1 37
5 1380
5 5
12 3564
1 895
9 2655
1 2
2 2
1 304
2 2
7 2002
14 14
1 40
2 6
7 14
1 4
7 269306
1 168
2 2
24 8604
7 7
3 6
7 28
1 9
2 136
1 2
13 14
2 2
5 75
2 4
12 504
2 2
43 526
1 2
22 12848
3 6
2 18
9 1169
1 2
2 2
7 7
18 699
2 2
2 102
1 10
3 3
1 287
6 6
35 39
1 4
2 2
6 6
24 466
7 10297
1 3
6 12
1 4
6 56
1 6
1 2
1 618
1 7
10 20
7 7
6 12
1 4
2 2
2 2
6 6
2 2
19 4305
1 1723
6 6
52 136
1 34
2 2
1 5
1 133
12 36
2 6
21 35
4 4
2 2
28 22790
12 12
7 1242
1 95
1 13
35 21429
45 22331
1 2
5 75
6 6
2 2
1 2
1 1758
1 739
12 252
7 21
2 124
6 22
16 3444
2 2
10 8820
1 885
1 51
7 31
11 22
1 58
2 7508
2 2
9 18
3 3
8 529
2 2
10 13728
3 18
2 42
1 6
9 5751
7 14
5 5
1 6
7 112
2 2
1 63
1 575
5 12
17 34
1 21
6 6
10 1024
6 384
3 6
1 35
2 4
1 248
2 2
2 10
2 16
38 381
5 1485
12 156
1 22
2 10
1 573
25 51600
2 4
5 50
1 93
1 3
6 3510
1 941
3 9
1 217
1 13
1 64
21 1347
26 205
5 205
5 10
2 2
3 3
2 2
10 246
6 2826
8 8
7 91
6 17
1 2
7 4123
7 56
1 176
11 45425
1 2
28 38
6 44
1 32
1 1758
9 9
1 4
1 310
2 14
11 81
1 40
2 446
1 2
6 54
4 844
1 2
3 18
12 60
13 26
11 33
2 8924
9 3773
28 196
1 8
1 1350
2 2
12 48
7 112
1 2
2 28
1 848
2 6
1 4
4 17832
1 64
3 3
2 2
1 10
1 32
6 122
2 2
1 22
1 348
3 15
1 6
1 3
10 142
1 12
2 3
2 48
1 1525
17 1159
6 6
1 34
2 6
40 493
1 222
3 1764
1 269
5 10
2 3446
1 29
7 4101
20 22760
4 46
19 297
12 1980
12 24
12 1332
8 8
1 45
38 74
8 4704
5 12
1 791
16 19497
8 8
10 2486
3 3
12 348
1 351
21 21
12 1368
9 2968
1 326
13 39
3 3
14 18
20 208
1 19
26 212
2 12
20 118
5 35
6 24
5 5
1 2
1 91
20 555
1 13
5 10
6 11
2 1182
1 4
1 8
1 34
5 15
7 10731
1 15
25 65
9 54
1 20
12 60
15 3433
1 28
42 364
2 2
7 14
7 154
1 4774
7 14
5 3325
1 5
2 2
2 4
14 18
1 5
1 4
12 1164
7 350
5 10
14 14
2 2
1 58
2 1014
1 3
12 248
6 6
10 32
1 3273
2 2
2 2
1 3
4 132
1 8
2 40
1 2
2 114
1 9
1 1787
26 1666
5 1734
38 3294
8 597
5 5
25 25
7 330
5 325
4 7012
6 12
1 14
6 340
12 12
5 5
2 2
5 112
1 7
1 553
3 4
7 620
5 5
1 40
1 5370
3 1380
1 2
5 250
1 574
20 20
36 36
1 287
1 17
4 572
42 579448
6 36
1 115885
2 2
1 354
2 2
1 134
19 37630
5 2010
6 8032
7 16390
1 95
1 611
14 5028
1 16
12 72
10 26
7 1047
1 286
2 4
1 3
2 12
2 2634
1 4074
12 36
66 1452
1 87
12 84
2 10
1 2
1 13
11 2853
2 2232
3 7443
1 9
8 8
2 4
5 5
6 27
3 393
1 13
3 3
1 2
13 1144
12 804
1 12
14 266
12 96
3 5922
4 1755
11 44
1 3
1 1375
8 168
1 2
1 1772
20 72
4 4
2 2
2 4
12 12
5 26985
3 183
13 3952
5 5
1 42
7 140
4 43
2 135
1 88
29 16350
4 1816
2 2
2 2
10 60
1 301
23 69
1 939
10 12
3 3
7 14
2 22
7 7
4 8
2 2
6 72
1 2
1 2
12 252
1 4
31 72
2 1282
8 150
5 30
7 126
1 5
14 14
2 2
26 52
4 3596
2 2
2 10
18 1432
13 32526
2 6717
12 1080
8 232
3 3
1 2
1 2
26 647
6 126
2 6
1 909
2 2
22 70
3 9
1 350
1 1329
15 684
1 3
6 22
7 451
5 55
1 16
2 12
12 2184
8 1184
7 7
1 5
3 3
1 31
1 654
7 7
1 80
9 320
1 2
5 11
1 4
3 3
1 363
5 10
9 9
7 30590
12 12
3 21
6 3166
5 30
6 1486
11 6804
1 2004
14 816
7 7
10 1130
3 48
7 441
1 43
2 4
1 22
2 2
1 3
12 12
4 24
1 301
12 216
1 2
2 2
2 6
4 8
1 2
6 6
20 172
19 155
1 43
5 5
3 6
8 40
9 259
1 2
1 1995
1 2
1 2
7 35
12 10058
1 310
5 60
3 27
2 8
1 18
7 21
6 18
1 5
1 40
2 2
18 6793
28 5182
18 25
1 22
2 6
12 96
2 2
1 93
9 9
9 12
3 2631
1 6
1 2
1 588
1 5848
2 10
7 14
7 372
1 3
3 13
11 17
1 6
3 51
6 30
1 2
1 5
10 45
1 12
10 135
2 2
1 340
1 4305
2 8
1 294
1 8
1 3
3 2709
5 5
12 840
1 17
6 289
1 585
5 10
8 8
8 903
1 286
1 2
15 12569
1 33
14 67
1 1288
1 64
1 10
4 4
5 5
7 35
2 8
5 5
1 90
11 32
23 4793
1 906
4 4
7 28175
10 328
1 3
6 49086
12 12
2 2
2 2
3 6
1 19
1 52
3 30
2 584
1 2
5 15
2 2
1 332
14 674
5 6260
2 1630
26 29
8 971
2 30
1 465
10 204
6 282
10 2850
1 18
1 3
1 41
5 5
1 2
1 2
1 2
1 1707
1 42
2 2
1 5
9 162
5 5
1 2
6 6
9 27822
7 14
3 3
5 465
1 3
2 116
10 100
3 9
1 16
1 21
13 3731
4 38
2 128
6 105
7 28
6 24
5 10
4 4
22 48
11 297
1 5
1 489
10 84528
1 10
10 76
2 2
2 2
16 28
1 33
7 434
10 5478
1 12
2 2
1 35
2 702
8 40
7 7
1 286
2 12
1 13
1 40
7 28
6 45
1 23
1 2
15 54
2 8
1 13
17 161980
2 36
6 34
1 4
2 2
12 168
1 66
2 1184
1 70
8 8
4 16
5 60
5 5
1 4
16 594
1 574
3 3
3 3
11 6798
1 32
3 26
26 26
5 1505
1 20
3 6
5 10
1 5
3 36
5 6460
1 50
1 27
7 28
2 14
1 419
3 51
6 6
3 201
7 4116
7 7
11 27
5 6645
9 9
5 135
2 80
3 30
3 15
5 35
8 8
1 2
19 19
3 12
16 51
6 13338
6 1475
3 20
1 9
2 4
1 3
1 2
7 7
8 96
3 9
1 120
1 3
1 9632
2 2
1 46
16 4608
5 20
2 496
17 3817
6 18
13 53
3 15
3 9
1 1723
1 15
1 4
1 11
1 4874
13 9490
6 3744
12 276
9 80
3 33
2 28
1 297
11 41
1 1523
1 11
5 10
9 273
1 26
5 5
2 2
5 35
12 348
1 4
1 59
5 10
20 115
2 8
1 3
2 6778
35 718
2 108
3 3
1 5
1 574
1 6
2 504
6 6
2 14
1 70
5 40
5 65
13 975
6 6
1 25
24 932
17 1799
7 35
2 12
10 1610
1 177
24 91875
2 144
2 2
32 1911
5 15
2 6
7 7
7 4095
24 856
9 7119
2 2
1 2
2 4
1 4
2 2
1 881
1 1481
1 3
1 616
2 2
1 3
1 1375
4 109
6 24
26 52
1 2
2 2
5 29240
1 9
1 8
4 4
12 147
7 14
9 9
5 4835
1 289
1 3
2 50
1 1117
10 45600
2 104
1 12
1 7851
7 7
1 2296
1 2
11 20
2 2
12 264
1 538
1 197
17 272
7 442
2 67
12 12
1 4
2 2
1 947
1 10
4 1100
3 3
5 5
7 119
1 5
1 7
2 2
12 24
1 3
1 16
4 4
7 7
25 83456
30 200
6 18
15 888
5 1755
1 2
1 329
1 17
4 8
4 28
1 592
2 2
1 14
24 9044
1 9
21 1420
2 10
2 2
1 4
1 11
4 24
22 88
15 30342
9 27
5 225
7 8503
1 739
1 19
1 150
12 96
1 499
1 2
1 7
12 384
5 5
1 50
19 167
11 576
22 237
2 2
15 777
9 9
2 2
8 32
2 2
9 18729
7 7
19 290
3 879
3 6
1 2
7 1795
1 13
9 36
5 215
22 2598266
1 40
5 20
3 3
27 27
16 32
15 40
40 180
5 48155
2 2
15 34
5 5
20 24008
1 4
5 130
3 15
1 5
2 2
1 64
7 21
1 12
7 14
1 67
2 2
15 164
1 4
5 5
1 4
2 6
17 15310
5 5
7 2478
2 2
6 1711
1 2
2 76
12 636
28 86
5 5
12 36
2 4
5 30
6 300
24 6642
1 31
1 1142
1 183
3 336
11 11
9 78408
7 840
1 54
5 5
5 10
1 459
2 120
24 13667
8 16
1 7
1 2
23 211
19 79
2 2
1 3
2 4
18 58
2 48
1 61
1 14
1 274
5 1755
15 2592
7 84
5 15
1 4
4 1480
1 9
5 1750
1 288
2 2
1 3
1 26
1 7
1 3
1 332
1 44
1 3
12 36
1 304
2 4
1 286
1 5
1 592
13 33
9 281
1 2045
2 186
1 6
5 1755
9 153
5 5
8 3516
13 28
41 39312
1 70
5 5
3 3
1 2
1 287
13 117
7 21
1 3
4 4
7 7
1 269
9 9
65 13903
1 5369
7 203
1 558
3 3
10 352
1 1768
1 2945
1 2048
4 17
1 7729
5 30
3 3
5 5
1 287
