3 128
3 6
35 117
2 1770
1 10
1 13
6 24
12 72
3 24
11 22
2 4
1 2
12 840
1 3
5 10
50 672
1 1996
2 250
1 28
19 18518
2 2
5 115
5 25
1 10
8 16
1 5
21 21
6 9245
12 120
18 50
1 12
5 5
1 2
14 98
6 138
6 6
1 2
7 20
1 408
63 153
1 5
5 10
12 108
16 48
3 3
3 9
48 6095
1 944
1 141
1 5
7 161
3 3
1 896
11 276
5 10
2 2
1 5
13 19918
1 459
7 686
2 536
7 56
4 496
23 215
1 2046
2 8
1 618
1 13
1 508
1 6718
1 1011
1 4
1 11234
7 42
1 582
12 768
1 10
7 406
2 2
1 3
9 9
1 1528
1 13
3 15
2 2
1 286
1 10
1 4
2 10
1 584
4 4
1 947
2 558
1 749
9 252
1 10
1 76
17 143709
1 252
6 18
3 36
1 599
20 3327
1 296
9 2655
5 5
2 2
1 2570
5 60
1 2
2 2
2 22
3 3
12 1408
1 14
1 366
1 5934
3 27
1 37
12 108
3 6
1 2
1 487
12 12
1 3
2 2
8 2296
1 10
21 615
7 35
3 6
1 4
1 4
1 6
1 2008
1 942
1 10
1 2
6 10
4 5
5 5
1 45
2 2
1 87
5 5
14 280
12 72
6 30
18 52
2 2
2 2
1 65
19 72
6 18
3 15
1 297
2 42
12 12
22 46
1 2
3 12
2 38
1 2
2 2
1 2558
2 2
1 116
6 18
1 33
1 6
5 10
1 349
2 2
14 15
20 352
16 35
2 2
1 581
1 1758
1 2
5 5
5 20
1 551523
19 527
1 3
10 50
1 8
2 2
1 7
2 2
3 21
5 35
13 13
13 13
20 36502
2 32
1 18
1 115
9 27
1 7
5 5
1 19
5 10
7 14
1 11
1 93
7 28
5 10
1 2
2 6
2 2
1 42
1 907
37 125
2 2
50 4207
7 10
5 5
40 1711
6 18
14 14
7 7
1 64
2 1210
3 6
2 2
41 8253
6 6
1 5437
79 446
12 125
1 56
7 7
6 6
25 30
11 22615
3 3
2 136
1 5375
12 636
1 5
21 17886
1 3
10 311
12 216
3 3
2 6
1 16
1 5
5 25
7 7
1 8181
2 4
17 3817
8 16
1 292
9 576
5 5
9 18
2 4
12 768
1 47
1 289
1 19
7 7
4 4
6 5022
1 277
5 20
1 12
15 15
7 27
1 8
1 16
5 5
2 6
3 6
7 14
1 19
3 18
6 6
2 698
1 17
7 189
1 64
1 822
20 20
40 2050
9 252
5 1755
13 34
1 2
12 636
7 105
12 60
2 2
5 10
1 42
18 70
24 6506
29 113
2 2
14 14
1 3
1 2
5 30
2 2
1 2
2 4
7 2492
2 4
1 888
2 4452
9 187
5 10
14 31
5 5
1 553
3 9
1 305
1 27
6 14
5 1770
14 14
25 109
7 7
9 5040
16 119
3 874
5 8765
10 2175
15 75
2 2
2 2
5 130
5 80
1 7851
1 14
2 2
1 4
3 6
17 10180
1 7851
2 2
1 8
2 4
2 8
19 3474
3 12
1 1377
13 143
10 56
1 4158
2 2
1 188
7 35
5 5
17 383
1 1292
5 70
12 432
44 7285
1 323
13 1924
15 542
8 2116
1 4
11 5526
8 77
6 120
6 6
1 5
17 17
3 3
1 2
1 29
1 6
3 6
5 5
10 10
10 308
1 2
5 15
18 845
13 560
1 16
2 6
5 25
2 1112
2 22
4 100
4 4
1 1503
2 60
2 2
15 774
1 3
1 86
1 2
1 57
5 15
1 4
30 1076
7 105
7 7
7 49
13 43
5 1280
1 58
7 2856
6 18
1 6
7 4682
1 327
1 492
14 504
5 45
2 8
7 42
5 285
1 14
1 3
1 4
7 210
5 5
6 3528
3 3
12 3861
1 946
1 4
1 70
16 32
3 6
18 21075
15 1390
5 10
12 12
1 1768
2 2
6 7
10 2690
5 5
26 403138
9 4879
7 9
1 1166
2 6
1 103
3 9
7 14
1 31
1 587
2 2
1 64
3 7607
1 3
3 3
1 2
15 435
26 1431
5 8
11 3201
2 26
5 5
7 63
11 11
8 8
2 4
1 1999
4 4
2 4
1 882
3 15
7 360
4 24
1 291
1 22
7 7
19 83
1 2
1 97
1 15
1 5
7 811251
1 5
6 12
6 3570
1 8
2 4
2 4
5 85
3 6
2 2
9 70
3 3
1 139
1 335
4 4
1 96
2 22
1 2
35 39
1 2
7 77
42 1335
24 168
26 1538
1 716
1 4
15 25320
7 1617
1 1767
1 3
1 2
1 3859
7 28
10 57195
1 2
28 31
8 21
4 36
1 584
5 5
2 22
18 9026
5 10
23 92
5 5
1 2
2 4
2 4004
1 4074
1 1995
3 5295
1 579
1 389
1 11
2 8
4 48
1 3
1 8
1 11
3 3
10 10
2 2
2 30
1 4
1 65
1 35
1 588
2 6
13 312
18 36
42 3912
5 5
2 6
1 117493
1 12
19 325
1 293
17 338
14 14
6 1475
5 35
6 1711
1 11
3 3
1 4
2 2
9 27
3 6
1 16
1 12
5 1505
1 32
6 24
1 1467
1 36
1 15
1 23
3 12
1 6
11 22
2 18
1 5
1 10
24 1529
1 23
3 3
10 62
2 84
1 18
1 885
2 144
11 155
5 192
1 2
5 5
7 7
13 86
6 11
3 3
2 72
37 10482
1 3
9 9
12 36
1 1162
1 33
2 1120
2 16
1 10
60 1874
1 14
2 12
2 12
2 2
2 4
1 16
31 52099
2 2
1 19
16 569
9 9
10 36
5 5
1 3890
1 15
4 56
1 270
11 11
5 780
1 882
2 2
49 78
1 764
17 3817
12 636
12 12
6 2403
19 167
1 5
1 140
3 3
1 587
1 14
7 35
2 42
11 26923
1 16
19 4320
15 225
1 59
9 29
3 9
36 846
20 108
12 12
1 2481
36 36
7 7
5 66155
8 1568
8 8
19 9383
5 5
7 16
12 96
5 10900
2 2
3 3
1 63
22 48
5 60
13 39
1 3
15 3460
1 2
1 2
7 14
1 7
2 6
4 8
27 359
3 1255
12 5232
15 4454
1 395
1 4
5 15
14 14
3 3
2 2
3 6
6 20340
2 2
6 12
11 1879
1 3
1 4
2 46
4 1460
1 67
7 128
1 14
4 43
8 344
9 9
1 22
10 4846
1 3
14 28
13 13
8 609
7 14
13 16
1 5
1 8
7 28
20 92
2 2
6 138
6 11
4 109
17 17
1 3
6 6
17 17
4 20
1 4
8 8
1 2
1 334
1 20
1 58
1 351
5 5
19 349
14 1640
2 12
2 56
13 12337
1 3903
1 24
2 2
5 295
1 1236
1 3
9 27
18 10075
13 13
1 4
5 2960
1 87
18 1152
5 5
5 30
14 266
20 317
10 68
18 422
2 2
18 593520
1 71
1 18
2 20
1 71
12 96
23 27390
5 35
2 2
2 2
9 27
9 39
1 5
3 3
6 6
13 78
1 8
8 77554
1 280
5 2980
4 17840
5 65
2 2
1 60
1 24
12 348
2 14
1 254
4 12
4 17
6 42
14 674
1 27
7 154
1 304
1 616
2 8
11 18
9 845
5 15
1 1162
1 13
5 2385
2 2
28 28
1 134
1 14
10 144
3 18
1 19
3 393
1 36
5 1815
17 25
3 7
7 35
2 44
1 5
2 4
1 29
8 5033
2 2
1 5374
2 2
2 146
6 6
12 12
5 5
1 11
2 2
1 981
1 6
1 6
1 2
5 20
2 14
1 3
12 276
7 16390
2 4
1 2
3 3
18 18
1 88
12 12
2 6
7 28
1 6
1 3
1 31
1 2227
2 10
14 236
11 81
3 6
3 1224
35 1138
6 12
2 10
5 281
1 2
7 13
8 558
1 4
6 1854
5 50
1 940
1 25
3 3
1 11
12 156
2 304
1 14
1 543
13 312
1 10900
3 3
10 944
1 2064
10 146
5 1430
20 60
5 80
6 6
12 12
18 166
2 2
5 25
15 181
1 2
2 2
12 96
16 3528
15 42
2 8
2 7
4 4
16 18
8 903
2 1880
11 1893
5 10
1 2
35 1991
5 267
1 9
5 11125
9 4812
6 40
1 16
12 39
12 12
52 1295
4 7
7 70
27 411
2 2
1 12
1 5
11 22
35 106
9 50364
6 264
1 3795
7 28
1 7
1 1852
1 78
9 18
101 497
2 12
7 7
6 549
2 68
20 334
5 615
5 275
3 2875
9 259
1 9
1 1362
12 840
5 5
42 579797
28 5182
1 37
3 3
5 25
3 3
7 112
1 44
1 2
1 2
2 566
3 45
1 2
34 2054
2 4
7 140
2 10
3 18
2 6
17 45
7 14
7 7
1 35
1 3
1 2
1 580
20 3586
1 5
1 335
7 9
1 3
2 6
1 1602
7 441
3 6
36 172
5 5
7 37
25 83456
4 4
1 2
1 58
9 77
1 6
2 10
2 3840
1 289
4 5172
1 1995
3 3
10 240
7 7
21 15362
1 23
2 2
6 72
2 462
6 6
7 14
2 44
1 1999
1 16
1 2
1 741
5 40
20 40
18 1465
1 2
3 6645
1 294
8 3542
1 818
17 4879
4 4
1 8
3 6
5 2558
16 8624
5 25
3 69
1 6
6 12
18 180
7 574
10 76
7 1051
1 62
2 8
3 3
2 138
9 9
30 7868
5 170
3 201
5 11205
1 5
6 48
6 1486
5 1485
2 2504
3 3
3 3
1 9777
3 3
1 440
1 3
1 3
5 7445
1 13
4 4
19 2225
9 9
3 3
5 5
1 31
6 6
2 8
1 895
2 16
1 2481
7 35
2 2
1 22
2 16
2 2
7 7
19 155
10 475
1 23
1 46
3 3
1 4
2 6
5 5
7 28322
13 13
9 44
8 70
1 50
2 6
10 10
1 1039
11 1747
46 1332
28 16847
29 17310
5 10040
14 14
1 324
10 54
1 82
1 7
7 9
15 15
1 283
4 527
2 2
2 26
12 14115
2 38
1 37
1 267
1 115896
7 269322
3 3
18 707
1 4
1 2
7 56889
1 731
3 24
5 1275
5 5
3 3720
3 6
1 302
2 2
15 314
3 3
1 286
1 2
4 104
5 50
2 26
29 208
2 9312
1 2
2 10
2 2
3 3
1 491
1 2477
1 2
19 127
1 2
20 172
6 6
2 3446
5 10
1 2
5 5
1 34
1 33
3 3
2 4
13 13
2 2
1 173
5 5
2 2
3 3
1 485
12 12
3 12
1 9961
5 5
2 22
1 11
1 4
31 27953
1 10
1 5
1 2
1 10
1 2
1 908
1 7
1 1329
1 7
21 298124
1 2
2 26
14 1057
1 583
12 2010
11 12375
13 9503
1 97
5 4535
2 2
1 3387
1 2
7 7
17 58
2 2
1 286
3 9
1 2
9 18
2 4
36 602
19 155
1 219
1 3
2 578
2 4
2 2
1 5
2 4
1 68
3 3
1 885
4 1040
1 1950
26 25331
1 13
1 2
2 196
15 16
1 3
6 90
39 3411
5 2895
5 5
25 273
29 7315
2 2004
1 24
1 33
2 6
2 2
1 499
3 3
2 20
1 2
3 30
13 53
7 203
5 1515
6 6
6 18
1 6
12 228
14 372
1 575
1 240
4 24
3 3
2 1656
2 2
2 4
24 3690
1 11
12 120
2 12
5 5
1 588
1 2
52 448
1 498
1 2
25 593
10 2496
6 1806
12 156
1 3
1 4
2 2
9 9
3 3
3 42
9 225
5 10
15 15
3 3
1 9632
7 7
1 17
10 264
1 172
1 6
1 2671
6 6
8 16
1 6
5 6645
1 1599
6 25
7 42
2 2
24 21365
13 377
9 9
7 14
1 580
1 4
4 4
3 74
6 1475
2 2
3 1072
1 10
19 786
1 2
1 5
1 15
5 1560
1 4
1 2
5 6
1 29
1 356
12 24
6 1430
2 24
8 29
14 14
1 9
1 11
7 7
8 2408
2 2
1 2
7 5187
1 344
1 4
1 8
5 7320
7 40
2 2
1 2
1 67
8 72
5 5
3 6
1 391
9 36
1 5
5 480
3 6
2 2
21 233
11 90
1 287
2 1158
2 2
5 5
22 110
7 448
1 16
1 201
2 128
19 8541
2 88
1 4
1 2275
5 1440
2 2
3 3
23 23
1 5
6 42
7 7
28 42419
1 133
8 2296
6 426
2 596
2 8
40 590
59 162
8 35
2 116
5 5
1 4375
14 1949
6 30
21 21
7 7
1 2
2 4
11 18
11 13890
9 11
40 226
1 3
6 20
12 768
2 2
6 378
2 2
15 45
1 67
1 2074
1 26
5 29670
7 267
12 24
10 10
1 40
1 10
9 106551
7 7
3 3
12 708
8 63
12 96
2 2
6 18
1 3
39 240
7 7
2 1218
5 5
1 2
4 4
2 2
3 6039
1 2
1 6
1 11
1 3
1 16
3 3
1 3
1 16
2 86
2 2
1 3
5 4211
2 2
1 2
5 295
2 4
18 5292
8 19816
5 1280
1 4523
1 574
16 39
7 7
20 40
1 1303
1 15
7 6174
2 126
5 175
1 301
10 10
1 2
1 2
7 7
9 3773
1 3
5 5
1 81
11 11
3 6
1 3
1 2040
5 36
3 6
1 22
6 6
2 6
1 5
2 4
12 12
6 12
2 22
1 3
5 715
2 10
5 5
1 4
16 199
1 2
7 4101
1 2
7 7
1 13
1 398
19 19
36 16164
11 1551
2 2
1 36
3 18
16 25
20 28781
19 13109
1 2
26 3430
5 5
1 289
1 2
1 8
1 25
1 5
2 6
1 307
9 19
1 1600
6 6
1 2
1 103
2 2
7 7
5 15
2 8
2 2
41 2334
6 157
9 39
12 1164
1 7
2 10
5 10
7 7
13 65
1 45
2 2
3 336
1 6
1 23
10 10
5 150
6 7951
2 64
16 352
2 6
1 301
19 1178
1 19
3 9
2 2
1 45
2 10
1 4
2 38
1 6
6 6
1 10
5 165
1 6
59 97
18 640
2 2
4 23544
6 6
12 45
1 11
5 285
2 240
18 32997
2 6802
13 4238
4 40
1 15
1 2
7 7
12 876
3 3
3 3
6 18
12 96
2 4
1 1480
1 2
5 20
29 42
2 2
30 239
2 2
1 3
7 1841
6 138
18 54
2 2
7 14
12 12
27 4800
1 95
2 32
1 326
1 2
37 664
3 3
1 4
12 24
2 2
1 3
1 2
1 335
3 5301
2 50
3 15
1 10
10 20
1 3
9 9
1 387
5 1440
7 245
7 7
1 17
15 15
1 1020
7 21
4 60
2 2
7 14
1 18
6 20
1 170
1 308
12 192
1 1769
1 5
10 80
4 256
18 76
16 3645
3 3
2 14
5 340
12 348
2 38
1 2
13 42
1 2
1 49
7 42
5 65
1 36
1 253
1 6
2 24
1 2
1 288
1 7
1 18
2 2
1 2
1 2
1 302
1 159
24 147
1 148
6 30
6 6960
5 5
5 30
8 232
15 1860
12 168
5 30
1 253
7 7
1 5
1 32
1 2
4 8
1 105
1 11
1 6
3 3
2 17
1 33
3 12
5 25
5 1455
24 20940
1 2180
14 14
3 3
2 10
1 877
5 5
1 264
2 4
1 587
10 10
14 14
1 10
2 1424
16 41
3 12
6 21
2 4
7 133
5 450
2 602
8 24
30 30
7 35
6 1776
1 2
5 20
1 591
24 58
2 24
2 1082
1 2
4 16
2 16
31 8364
3 9
23 147
6 6
5 60
7 259
1 39
14 816
7 77
17 11449
4 4
5 250
1 287
1 2
18 5575
5 10
6 27
6 410
9 9
1 2
1 3
2 1776
2 2
7 49
2 4
6 6
1 4
30 30
1 4
5 805
15 1050
9 5949
7 1967
2 2
5 15
5 10
2 2
4 4
1 4
4 24
5 5
7 63
2 124
1 132
10 108
1 2
1 3
12 12
20 155
12 24
18 152
2 32
1 828
3 3
5 5
5 5
1 12
2 38
2 3006
9 18576
1 4
3 3
5 30
1 287
15 23109
1 1124
5 55
12 629
2 2
9 145
1 22
1 6
7 7
6 18
1 296
6 5304
3 3
1 3
2 12
14 42
14 1943
1 2
5 5
2 4
5 5
6 25
1 401
1 3
5 5
1 297
2 16
1 2
12 84
4 92
1 587
5 5
2 32
2 2
34 8133
1 15
2 2
9 9
1 5
1 7
11 767
11 2889
2 10
3 8
8 16
21 34439
17 425
1 2
15 258
8 16
9 9
1 4027
2 4
1 19
2 67
10 1330
9 11
15 60
12 672
6 1722
3 3
23 23
2 26
20 40
3 15
15 525
12 72
1 7
1 2
4 10
5 135
2 2
7 840
1 937
5 65
6 3528
11 22
2 2
20 344
1 7
1 261
1 3
2 2
7 1199
5 5730
1 2
1 5
2 6
1 4
1 58
2 116
5 621
18 3718
2 2
1 34
12 2184
1 8
1 114
2 2
10 10
6 37
1 591
12 156
103 11180
18 226
3 3
1 4163
12 276
8 3664
6 12
2 2
15 63
1 6
1 2
7 21
21 21
7 98
2 102
9 9
7 7728
2 64
10 12
2 16
1 3
1 2
1 2
10 35684
5 6240
4 56
1 62
3 3
31 8751
1 45
2 1238
3 3
15 960
2 2
7 133
1 287
3 9
14 14
2 2
1 49
6 36
7 7
1 867
1 3
1 70
2 2
11 262
1 1091
5 50
1 34
1 6
1 427
1 654
15 20533
1 451
17 161764
2 2
9 9
17 25902
1 289
4 12
8 54
1 6004
16 64
8 8
1 2
5 5
1 24
1 1976
1 42
21 128145
1 3
1 6
2 2
11 32
2 2
1 349
1 2
3 12
1 4
3 3
1 72
6 8802
9 18
11 11
1 545
3 3
10 11696
1 3
1 457
3 3
5 80
8 112
1 10
3 3
1 22
3 9
1 62
1 151
1 6
1 25
7 63
1 5
5 10
15 9082
4 4
5 25
1 2
14 48746
5 3325
11 4887
5 30
11 11
12 384
5 50
1 89
7 448
12 84
9 90
8 2205
1 4
31 39
1 587
1 16
17 349
1 1595
2 30
1 10
1 64
3 9
3 459
1 4
5 100
18 189
8 2280
3 3
3 3
21 49098
11 246
12 36
6 114
7 4025
5 10
1 2
4 4
2 100
12 37
3 4
5 5
6 7054
6 62064
4 76
4 44
5 465
3 13110
5 75
1 3
33 52626
1 31
2 59
5 100
1 10
5 1755
12 2016
1 36
3 66
1 6
6 54
5 2935
3 9
12 12
3 1047
7 7
2 3664
4 8
2 6
4 36
4 256
2 2
14 14
2 12
7 7
3 10
2 36
3 9
1 2
8 248
3 3
1 19
19 1537
2 2
1 3
6 6
12 12
3 3
1 90
1 96
17 84
24 5572
5 32
1 6
4 92
4 12
1 10
7 7
16 19
1 5
7 161
1 2
1 10
2 10
6 1320
1 150
2 2
32 3167
1 2296
1 4
5 700
1 3
8 808
3 3
12 2064
64 480
5 5
15 26612
10 290
15 15
2 10
1 2
4 160
3 3
12 48
3 30
5 105
2 80
3 6
3 177
13 39
1 5
6 4614
9 9342
2 4
1 20
21 57
2 10
1 304
34 31023
2 4446
2 2
37 87
6 1581
8 217
1 2
1 884
5 6
14 56
26 26
11 650
28 43
2 4
2 6
1 15
1 2
9 9
11 11
32 109
2 4
3 9
7 203
1 1995
1 17
2 2
2 2
2 54
1 36
12 48
44 1040
3 1764
1 16
7 14
1 80
7 448
1 26
1 13
2 2
1 57
2 86
1 152
11 990
20 60
5 10
5 20
3 18
2 14
2 2
1 592
1 10
2 2
1 44
5 5
9 9
1 7
1 3
4 528
1 2
1 57
1 4
1 1533
1 8
1 34
20 20
10 6860
1 4
2 136
1 1039
1 124
15 90
2 4
1 2
10 106
1 2
2 2
12 840
5 85650
20 416
1 2
1 1604
2 2
17 394
2 8
40 372
18 2189
2 2
13 39
2 4
2 610
5 35
1 2
1 1973
2 4
2 4
2 4
9 9
23 27
1 33
16 7027
18 145
1 4
5 1755
5 70
1 588
2 2
41 22993
7 348
1 5
5 15
2 2
10 58
15 60
6 68
5 50
32 26686
2 54
1 6
47 614
12 132
7 35
15 311
1 6525
1 2229
8 8
1 5
5 5
45 3355
2 2
2 2
6 24
1 41
7 7
1 1383
2 130
2 430
5 5
2 6
1 5
1 2
1 312
6 12
7 147
3 9
1 20
23 5049
1 28
36 163487
7 1988
2 2
5 1015
7 7
1 35
3 18
2 128
2 199
2 16
8 72
14 14
1 32
1 552
11 1025
3 3
1 94
6 201
3 10
5 5
6 257
13 23
7 14
12 892
2 14
2 102
5 10
1 7
1 23
24 10106
7 28
6 90
1 3
29 107
2 6
1 1496
7 35
1 4
12 276
6 48
1 3865
7 14
1 26
5 2930
5 20225
6 84
9 24
1 944
16 158
35 1219
5 570
7 7
1 1503
4 4
2 22
2 2
6 6
1 575
1 8
19 3166
4 2292
1 2
1 803
1 289
43 2521
1 1275
1 4
6 24
5 880
6 6
1 63
5 75
1 466
1 5
1 25
1 9
1 10
1 12
2 12
2 150
12 10915
2 10
7 7
1 286
1 4
2 2
1 39
7 3409
2 1884
1 3
4 4
1 3
2 1146
1 153
7 7
1 11
6 120
29 11415
6 12
2 60
1 1176
1 274
2 2
12 24
2 6
1 301
18 798
13 48685
2 52
1 2
1 13
12 59
7 7
1 33
4 20
2 22
33 2180
2 6
2 64
1 2
5 5
1 267
2 2
1 4
5 10
2 2
5 115
5 155
1 3
2 32
9 2421
2 4
6 25994
17 28
1 2
12 84
6 1716
1 9
1 2
2 74
10 10
2 2
5 5
1 15
2 2
1 3
1 15
19 5986
9 9
1 4
5 47
3 7761
10 20928
1 9
9 12
1 13
23 111
20 60
5 200
1 11
4 6012
1 11
1 35
21 1448
5 5
1 294
1 3
16 80
5 21525
5 5
4 114
6 340
7 56
5 25
6 30
16 19842
7 6594
10 19
12 72
1 57
5 10
7 717
3 6
1 219
10 1506
15 59
15 60
1 2008
2 6
1 2
2 10
1 588
8 1346
21 27
22 1528
1 2
7 49
2 4
12 2988
33 166
13 13
1 5
4 8
2 38
1 26
2 2
1 2
2 4
6 46
20 64391
5 2935
4 218
1 553
1 4
7 413
1 4
1 11
1 5
25 91
1 49
5 5
6 12
5 5
1 5
2 4
3 3
5 60
3 3
12 12
1 2
2 2
11 29
5 5
1 2
1 2
1 1011
1 4
5 325
2 2
1 355
2 6
1 11
2 2
3 16
6 6
1 269
4 32
6 342
1 2
13 26
12 12
1 15
6 6
2 2
5 5
1 15
1 14
2 508
2 366
3 64498
7 7
1 2
1 7
7 70
5 10
1 426
15 63
1 20
7 8495
4 4
5 5
25 11484
12 276
1 1341
8 8
4 4
1 296
1 640
3 5997
1 14
10 84
1 4
1 12
1 656
19 310
1 6
10 380
1 64
1 3
1 2
4 16
7 3864
14 33
3 36
2 128
9 54
4 4
1 390
2 943
1 1804
19 7393
1 19
1 8
13 2821
1 10
1 2
1 584
7 756
2 16
13 156
1 289
2 38
6 6
3 6
1 7
17 544
1 2
12 12
1 2
2 4
17 6781
2 32
5 5
1 5
20 4300
22 337
7 98
5 15
1 3
1 5
2 2
1 3
5 5
3 3
1 35
2 64
5 70
5 5
1 64
3 6
1 12
21 4068
6 3510
1 12
1 697
1 20
1 5
2 6
13 7696
12 60
1 7
3 3
1 41
26 255511
2 4148
3 878
3 1635
7 7
1 26
1 154
2 2
2 2
7 49
6 12
12 2670
28 196
1 292
1 44
12 868
2 106
1 3
2 4
20 103768
8 8
3 12
2 12
1 10
2 2
3 1359
1 301
1 2
6 7722
2 2
1 2
7 7
18 2109
3 3
3 32
1 1524
2 12
2 8
1 553
2 4
14 5028
7 7
9 9
9 520
1 1999
7 7
1 6
1 2
2 2
2 12
13 13
2 2
3 3
6 8
5 105
1 4
1 573
2 2
1 23
7 23
2 38
1 2
1 489
2 548
15 68310
1 391
10 30
3 1674
1 6
5 25
44 939
15 6589
2 588
1 4
7 2002
7 42
7 7
5 20
1 286
2 98
1 3
1 3
1 26
16 390
2 4
2 1492
7 2737
1 93
17 15310
6 6
1 3
1 582
8 2108
2 570
2 2
1 2637
13 78
11 410
4 4
1 14
1 7
2 584
2 183
2 4
4 980
1 591
13 13
2 2
1 8
1 2
2 6
1 42
5 15
1 4045
3 12
33 48
2 26
1 2
7 451
5 5
19 38
1 7
10 108
1 592
4 12
7 7
4 12
3 3
1 7
47 719
27 20572
1 8
12 2201
1 31
3 3
5 74
3 3
4 4
5 1380
32 406
16 31
10 22
5 14
5 20
11 17
1 6
6 9461
12 84
2 6
22 52
1 6
1 597
14 28
3 6
11 55
20 211
1 6
1 6
2 6
5 15
2 4
3 9
5 10
2 2
6 12
3 3
24 19547
1 6
1 474
1 80
11 100
1 3
10 10
1 50
6 29
3 6
2 2
8 2456
11 17
1 8
7 7
7 196
3 888
1 2
5 21090
9 943
9 9
10 20
7 21
2 4080
3 888
7 112
2 9312
7 21
1 3272
1 287
23 12882
1 4
2 2
1 36
2 1144
11 11
2 2
5 40
1 3
6 6
7 14
1 2
3 3
1 2012
5 5
1 3
5 40
1 61
1 5
6 162
21 46027
7 1047
1 13
1 5
2 1164
17 1493
10 8374
3 15
1 22
10 14670
1 5
12 876
1 2
1 22
13 182
1 290
8 8
30 25650
4 20
8 76
1 25
1 3
2 12
7 42
13 247
2 38
5 10
19 786
1 2074
7 28
1 64
21 63
2 32
8 990
5 20
13 30596
2 18210
3 3
5 39255
2 2
1 25
1 5
1 7
13 7410
1 327
1 492
7 21
2 2
3 13
14 14
1 2
1 7
2 2
16 24
1 13
7 7
8 40
1 98
2 18
3 14
1 2
1 28
1 36
2 6
1 33
4 12
1 65
12 60
7 168
1 15
12 15201
5 465
12 348
1 542
1 3
3 9
5 105
1 4
1 2
1 2
7 49
23 2041
5 15
1 7
2 2
2 6
1 6
3 26
3 3
12 84
6 12
12 12
3 3
1 162
21 61
1 2
1 58
5 10
12 468
8 66
1 8
20 22760
21 2085
1 5
5 5
7 56
2 4
1 292
18 7123
5 15
1 10
6 36
7 175
2 6
3 3
12 60
1 116
7 245
30 1307
1 2300
1 287
7 49
2 14
2 2
5 42
26 67
2 90
1 74
7 10920
1 6
1 44
30 63
10 130
5 10040
7 822451
1 29
1 74
1 2
13 13
1 22
13 260
2 218
17 8835
10 477
2 2
1 3
5 5
7 21
7 28175
5 5
10 20
11 66
1 2
39 76
1 269
19 38
1 2
1 14
2 36
20 831
7 33
1 2
1 741
1 3
1 3
5 12505
2 10
11 473
5 5
1 64
13 39
2 17
1 2
5 5505
7 381
2 3056
2 88
5 15
38 73
8 28
1 93
5 65
2 415
1 295
1 58
1 7
5 135
17 4862
1 9
1 77
1 64
1 301
3 6
1 37
9 1169
2 2
5 325
12 60
7 140
1 301
3 3
6 11
1 15
12 168
13 1016
1 10
15 495
1 264
2 10
17 347
2 12
1 2
1 4469
2 6
7 11816
1 32
1 3
29 66895
31 197
7 7
32 31146
7 7
15 36
3 201
6 12
1 288
2 2
7 170
6 48
18 141
5 1440
13 312
2 2
1 10
5 5
1 1604
2 8
1 9
1 128
10 90
1 535
28 1634
6 54
2 230
1 144
12 852
3 9
16 16
2 2
12 60
3 62
19 633
2 1280
10 30
1 3
7 35
13 13
7 7
1 3
2 8
18 106
10 45
2 2
5 5
3 3
12 180
1 5
6 66
4 10008
5 12
5 20
1 30
12 120
12 168
1 2
5 15
2 2
2 10
19 155
1 2001
2 2
7 539
1 8
4 36420
1 3
1 407
7 7
1 26
2 2
12 216
1 55
14 6964
3 3
16 4608
4 20
12 12
1 2
1 441
13 13
3 3
1 1996
6 6
1 5
1 86
1 29
5 5
15 416
12 84
12 36
5 5
5 5
5 30
2 4
2 4417
5 5
2 73
17 34
1 9
65 132
1 16
1 3
6 7
5 25
1 3
6 36
3 39
2 2634
2 8326
15 217
8 8
1 289
2 210
6 12
2 4
3 3
4 4
1 145
1 16
7 10290
5 5
3 3
24 9248
1 13
5 95
23 370446
12 192
1 2
2 6
1 2
9 5751
14 14
7 7
4 4
3 9
7 580
1 9
1 22
1 18
1 5
2 6
17 155
8 4198
5 10
52 83241
4 73
2 77
1 18
10 540
1 297
5 5
5 70
3 168
1 2
1 4
2 2
1 2
4 4
1 2
66 124
1 3
3 3
1 86
2 1980
1 17130
1 6
3 6
1 1528
1 14
19 1020
7 145
1 7
3 4
7 70
4 5
6 35
8 150
1 949
17 17
15 7956
14 14
9 320
4 4
5 5
2 26
1 9
1 144
2 46
11 11
6 30
22 301561
7 7
14 2614
2 2
1 20
3 3
1 2
16 686
1 3
1 2
5 3460
23 22473
1 7
10 12
15 54
14 4018
18 2430
1 23
6 36
1 8
2 4
1 1525
2 6
12 84
13 233
2 2
12 12
2 40
4 9800
5 10
10 15
1 21
1 4
11 820
2 2
2 2
3 3
1 307
30 30
1 2
5 10
2 2
12 12
12 864
2 2
2 2
24 8056
26 1257
9 16
1 5
2 2
26 2504
4 66
2 8
26 168
15 15
1 2
8 56738
2 4
7 28
1 2
12 1164
2 10
1 94
13 13
9 18123
4 24
2 2
1 16
6 12
1 3
2 58
1 5
2 104
2 2
5 25
1 12
16 19592
1 6
1 275
2 77
2 2
2 8
2 8383
1 19
2 2
14 14
3 39
1 2
17 51
1 5
2 8
9 19935
1 259
3 1788
19 43
2 270
5 45
1 5
2 12
1 2
2 2
5 5
4 1776
1 8
1 2
12 1332
2 2
39 1312
5 130
16 22875
6 8
13 13
2 180
1 19
5 5
1 1054
1 117493
8 562
1 2
1 60
2 2
14 816
20 20
1 4
1 3
12 216
37 125
2 8
5 35
9 27
18 469
5 40
59 890
2 2
12 324
1 582
2 2
1 1292
2 2
1 2
3 9
7 7
5 320
2 4
3 3
7 392
32 10166
1 582
5 5
6 18
6 36
1 14
2 2
2 1816
23 1236
1 64
1 107
3 186
3 123
7 14
2 4
1 11
2 10
1 19
29 73845
15 5481
5 4630
7 750
1 327
1 1399
7 7
5 5
5 10
5 50
30 30
1 20
2 12
7 1756
1 62
4 76
2 6
12 36
12 60
12 3564
8 512
16 69
6 551
2 776
2 4
12 12
1 3
2 85
1 121
7 41
20 118
7 6622
13 39
1 1256
3 3
12 1332
5 89
15 15785
21 474
4 43
1 2
7 7
2 8
25 69
2 10
1 55
2 2
2 2
6 12
1 19
1 5
1 307
11 132
2 78
2 2
5 25
1 2
6 6
5 510
1 286
3 66
1 90
1 40
7 441
6 35
1 7
6 6054
9 4824
6 60
2 2
5 10
2 2
7 4095
2 158
8 9459
20 1908
6 6
1 2
2 8
1 2
11 11
2 2
6 6
1 294
1 10
7 35
1 34
1 8
11 45483
9 144
13 288
1 5
3 3
5 5
1 20
1 15
1 2
31 58937
5 1885
5 10
10 281
11 16531
1 37
1 4
2 34
1 857
2 232
1 6
1 23
12 13008
1 524
7 13986
1 2
1 62
6 1602
1 16
1 16
8 8
2 2
4 4
6 6
1 64
15 34
9 153
18 18
1 8
2 12
6 6
1 361
2 30
7 15260
2 4
7 12144
1 19
3 3
6 6
1 942
1 3
2 4
2 8
1 27
14 14
12 216
4 1019
2 4
14 206
2 8
2 2
1 30
20 1526
15 40
2 2
2 2
1 2
3 168
5 30
1 102
1 4
22 66
2 82
2 2
1 23
5 1510
6 6
5 10
1 2
35 38832
1 2
17 170
1 351
9 117
2 594
1 37
6 9606
4 4
1 5
5 70
3 6
5 145
3 9
6 6
3 6
1 376
1 3
6 12
2 2
2 4
14 3129
2 18
12 48
12 36
10 18
3 30
1 2670
5 315
3 1380
1 43
1 1602
1 12
2 4
39 76
14 43
3 15
11 1169
12 24
2 42
12 24
7 7
7 243
3 15
17 24340
7 7
42 701
1 7
12 588
5 281
1 2
10 946
1 14
5 5
2 4
6 18
1 2
4 109
7 21
4 4
20 60
1 19
1 2
3 3
42 7632
7 2079
14 43
5 80
8 441
5 165
3 4
1 2
5 25
5 5
1 340
10 66858
1 3
2 2
2 3992
6 24
13 25
1 2
2 2
2 2
2 2
5 6065
7 35
1 4
6 108
7 21
1 3
1 2
26 18948
5 45
3 9
1 7
18 72
1 46
1 37
3 15
7 133
3 9
1 11
3 174
9 11
40 243
1 34
1 592
6 12
1 53
5 20830
1 3
5 5
10 176
2 2
8 90
1 27
1 30
3 30
1 289
2 2
2 3544
24 4573
7 63
5 5
3 3
15 272
2 2
1 5
2 6
5 100
3 3
5 30
7 112
2 2
1 6
1 14
9 135
10 142
1 9
5 5
7 21
1 143
18 18
3 3
1 268
15 7110
6 328
1 288
6 6
10 30
7 119
1 26
23 13432
1 2
1 289
1 5
1 114
11 25
2 2
2 12
2 46
1 579
1 1296
20 2308
1 6719
41 39396
2 8
8 120
1 3
1 786
3 3
4 4
1 10
12 276
26 229
16 16
1 159
1 2614
9 17694
24 7569
1 45
2 4
2 2
1 7
6 204
1 2180
1 906
1 3
5 1315
1 31
1 82
2 8
9 72
10 270
5 70
15 684
1 79
21 1486
18 610
1 3
2 2
3 9
1 2
4 4
5 48160
8 8
6 5670
3 34
9 210
10 10
12 828
1 205
2 6
1 8282
20 23
5 6460
1 19
12 36
2 2
1 16
2 7
1 4163
5 5
14 18
8 6559
23 90
1 2
14 18
5 22140
23 29
1 3
3 3
1 222
18 610
10 31
29 95
1 7
1 9632
6 44
5 20
1 4
1 33
5 110
10 54
12 120
1 1772
9 30
4 4455
3 6
15 148
5 8680
1 9
1 277
1 6
10 12
3 558
4 52
5 5
29 23377
24 71
2 2
8 168
7 21
6 56
7 617
1 4
1 1751
5 20
2 12
1 585
10 1132
2 2
4 4
8 1258
1 16
6 6
1 80
7 7
7 21
1 4375
2 6
10 1610
1 652
1 17
1 20
7 231
1 1292
1 5
16 19
1 29
1 4
7 6984
3 3
12 24
1 8
1 97
5 60
1 17
5 8
1 4
1 28
8 112
2 690
3 3
5 5
8 16
1 2
7 14
3 3
6 2910
7 525
38 5582
1 4
2 588
1 64
1 237
12 6996
13 13
16 21040
1 64
5 15
1 967
1 290
1 12
1 91
2 2
2 2
1 17
2 2
5 340
2 162
1 183
5 1480
1 293
1 3
5 24370
37 11673
1 3
2 12
6 1801
2 54
5 30
1 2
5 7360
34 294
1 58
20 20
1 27
1 287
14 19
1 2
13 130
2 26
9 17694
5 5
13 208
1 13
3 3
25 32
3 3
2 32
7 98
5 5
7 21
15 30342
1 2
2 54
9 10
3 3
1 3
2 6
7 2009
6 12
8 3479
75 78782
9 198
9 9
1 75
2 6056
1 7
1 2
1 2524
12 48
9 18
12 276
2 2
1 6
1 940
15 33
1 1196
7 21
1 50
12 60
5 5
1 269
3 3
9 2968
1 67
5 116
2 2
18 18
12 55
1 547
2 2
1 5
1 3
83 11201
14 1148
2 122
1 44
2 2
2 2
2 210
7 14
44 1388
1 1950
7 7
1 12
1 64
26 84
3 864
5 5
1 3
2 38
1 137
1 4
2 46
28 258
7 7
7 42
3 3
1 25
3 3
3 3
12 876
7 7
2 28
2 2
11 141
5 5
16 159
4 4
1 4
25 25
1 217
20 220
2 2
5 10
4 16
1 2
2 6
6 72
7 245
29 29
7 14
1 597
12 276
3 21
6 86
1 2
10 874
2 8
17 5015
4 124
7 9044
1 3859
5 30
1 4
3 48
2 4020
1 29
1 2
7 63
1 27
1 4
1 2
2 8
3 36
5 5
6 47
7 548
29 2065
6 3438
18 195
1 5
1 2
3 3
5 95
7 14
7 18123
1 4
1 5
7 14
1 3
5 25
32 1911
20 34921
5 20780
7 217
1 4
3 58
5 5
5 895
1 15
12 456
1 53
16 48
7 7
1 89
9 10
12 24
5 175
1 8
2 10
1 2
9 189
2 2
5 115
2 266
4 108
3 183
1 15
15 126
2 2
5 135
1 104
1 32
7 4067
18 1045
3 24
35 1211
2 6
1 398
20 1077
1 4
1 4
5 10
6 8
2 2
2 8
1 588
9 18
1 2
11 41
7 42
1 296
2 28
12 261
5 5
1 14
1 27
5 290
2 2
8 1184
8 49
1 21728
2 126
11 11
10 71
16 48
2 2
15 15
2 18
13 3731
2 18
1 15
9 1838
5 5
6 9969
1 2762
12 512
2 2
10 218
1 2
5 290
19 9273
1 1292
21 21
1 11
6 6
2 76
1 303
1 3
4 4
9 266
16 3444
1 2
3 15
6 750
1 6
13 13
2 60
1 2
1 14
36 955
16 32
1 867
10 46
5 1460
5 290
9 288
55 143
6 5304
1 3
6 13
2 257
1 288
1 4
3 15
1 4
11 628
1 1020
5 6280
12 2316
12 96
1 6
1 14
4 148
18 7592
3 60
5 485
2 2
2 62
21 24461
18 165
2 6
14 1273
34 75
7 21
1 28
1 5
3 5988
1 6
11 88
3 3
13 3497
16 81
6 6
1 11
1 4
1 5
12 12
9 182
1 4
1 877
5 30020
3 2631
5 10
6 12
2 6
1 18
1 3
2 666
8 40
1 5
16 48
5 10
1 27
1 5
6 27
1 408
1 3
2 4
1 303
42 99
7 7
9 99
1 12
2 2
1 4
1 19
2 10
1 4
2 104
1 297
9 3794
14 3990
7 2604
11 146
3 855
9 126
6 84
1 2088
3 39
2 2
19 10734
1 14
14 14
4 12
2 26
17 373
3 5985
2 2
1 105
1 6
1 4046
4 4
22 44
7 21
6 75096
10 11696
4 8
22 2523
2 4
1 8
1 49
7 2331
19 19
3 3
1 1082
3 138
1 6
1 1578
7 7
1 2
8 868
7 15743
5 2920
13 208
5 70
39 304
1 5
7 14
12 1080
1 18
1 3
16 4316
1 2
1 587
1 2
6 9600
2 10
12 39
34 1670
8 8
2 6
1 11
4 8860
1 6
5 5
2 2
22 22
12 1164
1 2226
24 1680
1 177
5 5
1 55
2 2
9 39058
9 5404
1 5
1 326
1 2
2 2
2 6
1 5888
1 106
1 3
6 384
42 554
7 7
5 655
5 170
1 6
1 6
1 3
2 24
1 45
4 248
1 2
2 2
2 574
2 10
2 652
1 739
1 2
1 21
1 33
2 2
13 104
16 80
3 3
1 42
2 20
7 98
12 1217
2 5274
6 6
1 2088
4 4
17 309
3 9
1 53
14 15
6 12
20 24
7 16
3 3
10 99
1 2
1 9
12 156
17 3699
2 8
1 73
1 300
1 14
9 279
9 153
3 3
1 2
1 285
5 15
1 34
1 286
1 5
3 18
93 122
5 1485
1 12
6 4914
1 6
2 14
15 15
6 192
16 703
1 289
1 87
7 14
1 302
2 2
7 14
1 11
6 3528
1 297
4 4
13 9800
6 42
7 7
3 6
9 1176
7 5743
1 22
12 432
2 2
7 7
1 304
1 3
19 44
17 569311
6 54
1 574
2 2
4 1498
20 32
1 2
1 2
1 42
7 2247
1 34
6 6
2 3534
1 1562
1 908
6 21
2 12
12 72
2 8
1 30
37 1192
2 8
1 9
7 92
7 140
14 12348
1 2
1 5
2 128
1 296
2 4
3 3
12 468
5 5
2 1182
12 48
1 4977
1 371
31 31
1 29
1 6
14 36
1 2
4 13560
1 4162
1 3
1 5
5 60
6 12
9 135
1 4
3 864
2 1640
1 312
8 2808
10 7014
10 45600
5 530
5 10
1 3
3 3
1 15
26 26
1 3
1 3
1 3
10 2408
1 3
17 258
17 7090
2 18
1 2
5 20
3 6
7 224
5 1435
1 43
6 12
1 363
1 5
7 7
5 5710
11 11
2 2
5 670
1 2
8 8
8 40
1 7
4 1866
1 248
17 17
24 1121
5 30
13 78
2 2
39 20769
1 8
9 17
7 35
6 30
1 7
7 7
4 424
3 12
1 588
1 882
12 120
12 12
1 7
1 883
2 12
3 8
96 217
1 22
5 10
2 4
10 35
1 354
1 14
8 8
1 40
2 130
4 2872
2 2
2 26
1 296
12 12
28 35
1 7
1 291
5 35
1 35
2 2
2 8
1 3
1 24
1 1997
1 3
7 14
1 26
1 14
12 24
1 1822
4 112
1 3
5 5
2 14
1 11
1 2
2 4
1 264
5 10
15 631
5 5
26 26
19 19
5 690
3 9
24 2049
1 14
5 5
1 11
6 6
8 90
23 46
2 68
3 3
1 9
1 12
12 96
4 4
7 588
4 12
3 3
2 62
17 41
16 57
5 7360
1 11
2 592
1 278
1 2
13 3718
1 3
2 1452
1 8
1 12
1 6
1 22
6 24
3 6
7 763
6 3528
12 12
13 39
1 28
13 13
1 4
1 31
1 5
12 8000
12 72
1 25
2 2
5 5855
1 2
10 8836
7 14
1 838
15 803
1 5
7 7
25 207
1 276
14 28
1 4
6 16
16 16
1 2
12 84
11 3998
4 4
1 588
2 4
2 2
1 585
1 25
7 8517
8 26
16 4617
1 35
7 7
1 19
2 4
1 115
7 9639
2 8
1 9
8 88
2 2
1 7
6 7
1 7
1 2
20 20
1 967
1 5
4 192
1 2
1 13
1 181
2 2
2 2
1 10
34 1765
1 2
31 72
2 4
1 44
14 28
1 6
2 12
5 20
2 6
6 6
1 4
1 62
12 237
34 12038
4 26
1 64
7 1274
1 5
3 3
2 48
12 12
1 9
16 1138
1 4
5 15
1 8
1 1350
6 1475
6 3726
17 17
8 5720
1 2
1 6
18 6825
1 3
1 8322
13 13
12 840
2 59
7 7
6 1132
1 126
1 2
1 64
2 2
1 2
1 44
1 16
1 10
1 885
2 2
3 3
2 30
5 55
1 290
2 8
2 250
1 43
1 4
10 15
6 10
2 6
42 387
2 30
26 212
9 9
4 4
9 182
2 2
7 125
1 42
1 4
2 14
1 2
3 3
10 20
5 5
2 2
1 496
6 30
1 3
5 25
5 5
1 6
1 4
4 3672
1 288
2 2
1 65
15 15
30 674
3 12
1 7
7 7
1 25
7 7
2 2
14 108
2 14
1 4162
5 15
2 2
3 1788
42 1247
5 2640
1 14
9 504
12 48
1 11
5 320
11 44
5 19810
2 2
9 9
5 55
4 127
1 4
2 4
8 28
1 71
1 5467
15 164
1 52
1 6
6 17
1 52
12 96
1 3
1 8
7 240
2 8
8 87998
15 52
9 9
83 51629
2 2
1 286
7 175
1 2
7 105
8 588
1 134
1 281
1 7
1 62
1 5
31 14412
1 1350
2 26
18 2277
13 3562
1 2
7 119
15 2764
1 2
1 288
1 286
1 6718
5 15
26 212
1 332
2 32
3 3
12 108
12 24
1 3
1 12
4 2512
9 1935
5 15
1 2
2 4
1 44
1 6
17 73
1 18
5 27140
2 2
1 2
3 18
2 2
3 9
2 2
5 15
1 22
5 15
12 24
2 550
1 7
5 1665
45 82
1 8
2 2
1 289
1 2
8 410
12 214
3 3
7 71
9 9268
7 133
2 10
3 60
6 384
2 10
5 5
13 13
1 2484
1 14
7 1008
1 596
2 26
24 13670
8 88
1 2479
5 2675
1 33
1 3
5 70
1 14
3 24
23 23
1 297
7 35
1 3
2 48
12 2325
6 24
1 3
8 48
18 12981
1 2074
26 442
2 2
4 4
1 1999
1 2
2 156
14 14
1 3
2 6
7 42
38 37002
7 20
3 3
6 186
1 6765
7 7
1 12
5 1770
2 2
1 89
2 4
2 46
1 2
3 3
1 2013
1 11
1 1725
15 1250
6 6
2 12
12 372
11 2430
2 2
7 98
3 15
12 72
3 3
2 64
21 181
2 6
10 366
8 2970
7 5388
12 48
2 36
1 2502
1 587
1 944
1 2
2 3538
1 2
1 16
19 31942
2 21
20 372
1 9767
1 7
9 53
10 5700
3 42
1 693
1 1723
1 4
3 3
33 8596
1 8
5 5
5 25
2 18
10 15
7 1281
2 2
2 32
8 1194
12 55
1 5
1 939
10 30
4 2708
5 5
25 40
1 12
6 6
1 302
1 29
9 27663
4 3824
1 7
7 28
21 185
7 128
10 1032
1 20
1 3
1 926
5 15
1 4
4 218
10 10
2 2584
1 1723
18 3449
7 105
11 81
11 33
1 44
14 23
7 14
11 33
2 8
1 3
35 276
8 152
5 5
6 6
2 4036
9 235
1 15
14 1770
2 10
3 1046
9 45
7 3925901
2 384
1 13
5 24080
1 161
1 1603
1 9
2 2108
14 14
12 12
2 50
9 9
7 4319
1 947
3 6
10 204
1 8
1 2
7 448
40 21421
2 7
7 14
1 2469
2 36
14 122
1 288
6 6
24 464
4 4
2 2
19 1241
4 20
1 3
2 8
4 28
1 72
2 144
13 14
1 4
2 34
1 3
1 3
7 14
1 16
1 10
5 785
3 12
1 588
1 3
6 6
3 3
1 10
2 2
1 570
1 2082
1 107
16 594
5 30
31 42916
1 692
1 13
19 34
6 6
1 941
1 81
8 3685
1 19
7 28
1 552
2 8
1 3
6 6
5 515
12 147
2 40
1 5
6 96
2 1766
1 7
1 1116
11 1215
5 250
1 15
1 1973
5 30
2 4
2 722
3 7
6 18
12 408
11 28754
2 10
1 4
5 450
1 1254
1 618
3 4083
1 16
35 12481
1 9
1 5
8 529
6 12
7 84
40 1280
7 6580
1 3
5 15
3 12
2 12
2 102
7 7
1 1523
5 4805
1 296
1 3
12 12
6 300
21 273
1 6
7 308
1 57
17 349
1 739
1 2
8 28
5 5
1 4
1 2
1 697
4 20
49 1217
32 1821
27 103
2 6
1 24
7 8
12 108
2 10
1 2
19 19
10 6499
16 215
1 78
20 110
1 5
3 3
17 1666
1 3
2 4
4 448
63 63
6 24930
1 15
2 576
7 7
5 675
5 115
2 94
1 6
6 1475
5 10
5 5
1 6
3 3
1 588
1 22
2 2
12 60
1 18
12 3060
1 18
5 5
3 3
2 6
7 35
14 14
2 42
5 5
18 18
14 14
7 14
1 701
1 3
10 26
2 2
9 36
1 74
2 2
1 287
5 10
1 8
1 4156
6 18
1 290
1 577
1 3
10 552
1 2
8 8
1 14
4 6179
1 15
3 63
11 239
1 13
1 8
1 34
2 80
2 72
1 8181
2 2796
2 4
5 10
6 1086
7 240
7 154
2 2
8 2304
2 2
4 24
2 2
12 72
10 67
1 6
2 60
1 351
1 1999
1 5
10 165
12 324
2 10
3 3
12 24
24 8266
1 171
1 8
1 990
18 1441
14 4643
3 3
5 10
17 82
13 39
1 2
6 18
3 6
8 420
7 3906
5 2870
1 156
7 140
1 62
1 22
1 3
12 226
1 40
4 4
6 6
5 7515
16 169
1 93
3 3
3 3
1 3
2 2
12 72
1 2
1 25
5 30
3 12
4 4
5 20
20 99230
1 6532
1 2
5 340
9 27
2 2
2 22
2 524
12 84
1 377
1 2010
6 3166
7 284
11 41688
3 69
1 4
1 295
2 2
3 3
1 291
5 2870
1 5
14 140
5 1755
11 22
19 1174
1 3
13 39
16 17174
1 392
1 6
11 858
2 12
40 2413
10 10
1 4
2 2
2 18
11 12983
3 26
1 2
1 2004
2 10
2 6
8 21
1 5
12 7428
1 72
1 2
7 643
1 16
4 12
7 28
1 7851
1 585
6 6
1 5
1 291
15 2580
1 2
1 7
12 12
1 284
1 5
2 8
2 2
3 3
8 29
1 4045
2 14
3 9
54 1752
5 5
14 41
1 3
14 43
1 15
7 903
1 2
16 48
19 351
5 1855
2 4
4 140
3 3
3 39
1 6
5 5
1 6
4 6
16 157056
2 2
2 2
13 13
5 5
1 4
3 132
2 32
1 5
12 12
16 19497
67 1075
4 1968
1 36
12 504
1 437
1 33
9 1015
2 2
1 6
2 56
1 20
7 4073
2 4
2 2
17 17
1 69
31 57
1 15
1 10
3 3
1 6
1 9
66 1452
10 260
5 25
19 149
1 2
1 13
1 5
4 2376
1 900
1 23
13 149
7 125
14 23
2 12
3 3
4 3064
3 3208
1 7
1 1484
2 124
12 12
2 2
1 29
2 4
32 912
39 1944
1 2
3 9
13 26
10 84
1 882
33 911
1 14
13 310
1 3
5 15
2 10
5 9815
2 4
1 29
10 66
1 1688
1 4
7 266
1 3
1 5
5 3655
1 11
30 1089
19 19607
1 3
3 3
2 4
2 6
1 45
7 14
4 2190
5 5
7 21
1 573
1 15
1 1963
2 2
1 32
1 36
2 4
24 9042
1 2
5 5
3 3
13 17082
2 2
1 3
3 6
5 10
40 2492
1 29
9 9
10 9490
9 19935
1 7
1 2
9 266
1 2
2 114
12 72
1 301
6 36
7 29946
26 52
3 3
7 7
2 2
7 28
26 26
1 2
1 4
16 16
8 72
1 9617
1 11
7 105
1 25
1 140
2 2
1 90
14 14
5 180
2 2
2 10
5 5
6 43
10 24
2 2
6 22
1 6
12 48
2 28
13 1949
9 189
12 84
376 1715
1 128
7 7
5 65
2 2
1 14
5 12345
1 48
1 4521
3 5
20 571
1 20
2 18
1 14
2 2
5 65
4 4
1 312
3 18
1 4112
3 4
17 464
1 65
6 5286
1 4
1 9645
3 1494
2 4
23 115
3 21
1 29
7 9072
7 448
1 3
11 3784
1 16
1 2
12 156
2 16
1 17
5 10
6 6
2 574
1 5
2 2
1 14
2 8
1 4778
5 55
3 12
8 12024
2 12
1 9
12 14
5 45
1 105
2 83
1 323
13 13
1 2
6 8820
1 4156
1 62
2 2
1 3
1 4469
3 12
2 56
1 1767
3 3
17 139009
5 37
1 574
2 84
24 28520
1 288
5 30
1 232
7 7
7 7
1 21
1 344
1 6
12 96
1 8
15 8054
18 234
14 14
1 3
5 541
12 26772
21 109325
1 301
20 15986
2 6
4 8
5 53
2 2
2 10
20 20
5 200
5 75
1 2
12 120
7 490
1 961
1 4
2 2
17 4896
8 8
2 3058
7 28
20 24008
10 7868
2 4
7 7
1 4
1 2
5 6245
2 10
6 49872
16 64
9 14
1 1531
15 2816
1 143
2 76
5 50
2 16
7 7
2 2
5 45
15 30
1 927
1 222
4 1584
18 18
15 15
19 474
1 3
3 15
7 7
12 36
3 11536
1 7
5 5
31 10520
1 124
6 62
12 216
27 294
7 14
2 2
22 22
1 2
2 26
2 1792
5 15
2 1176
10 2486
5 5
5 85
2 10
9 9
3 192
13 65
14 28
1 2
1 289
1 947
8 28
1 4
24 24
2 6
10 20
5 10
1 2
8 91
2 85
5 165
24 9945
12 864
20 53
1 3401
16 82809
21 17886
1 28
2 2
9 117
7 30590
1 2
10 180
1 14
17 64
9 81
18 174
2 6
2 28
1 2
1 10
1 28
11 2055
7 56
2 12
2 584
1 3
5 85
5 8010
1 10
6 16
2 2
9 3930
1 3
6 614
2 4
6 150
1 1999
12 12
3 3
2 124
2 10
1 4601
8 24
21 21
123 8526416
2 444
5 12615
1 64
19 4712
1 14
1 1018
1 64
1 845
1 14
1 1707
1 2
5 10
1 552
19 377
2 2
2 2
2 2
1 35
33 2407
41 43877
7 7
29 115
3 6
1 16
2 6
11 220
6 30
1 3
1 68
6 24
1 28
7 7
5 5
2 2772
13 39
12 48
3 63
38 1523
7 4060
14 14
1 5
4 64
3 27
3 3
16 16
12 24
2 2
5 5
7 350
1 1187
2 30
2 8
1 7
1 3
2 74
7 7
1 45
3 3
5 30
2 2
2 1898
18 1432
47 1626
1 16
2 2
6 49086
1 7
2 96
8 16
6 17
5 26800
1 10054
18 971
3 3
1 3
1 276
2 10
3 3
3 102
8 60
1 141
2 578
2 6
2 6
1 25
6 2448
3 3
12 12
12 36
8 3734
1 289
6 48
18 20743
6 36
4 4
14 17
19 2970
4 16
14 769
18 18
1 561
1 32
12 468
1 2
2 48
5 130
6 6
5 185
1 7
12 852
2 2
1 140
1 3
2 2
15 208
1 2
1 21
2 16
1 5
5 938
1 11
35 106
5 29440
3 3
6 1086
10 13728
1 588
1 116
1 4
2 2
7 63
9 31
11 33
7 28
7 2254
1 30
14 14
8 40
16 1701
1 3
18 18
3 3
1 289
5 5
1 5
3 6
12 168
5 2885
5 10
5 20
6 44
1 2
30 132
11 19
7 448
5 5
16 2516
22 78
6 6
2 2
2 2
2 2
4 8
6 12
32 353
40 1924
2 6
1 295
5 135
1 354
9 9
2 570
2 2
9 72
1 541
6 13215
1 299
1 1399
15 15
2 2
2 2
35 351
2 28
6 6
2 4
1 351
6 6
1 1723
1 31
1 305
1 64
1 5
2 2
10 60
6 22
1 2
1 4267
1 35
2 8
7 35
7 7
17 27268
2 2
4 12
15 1395
7 14
2 2
2 134
1 41
11 6804
4 12
9 261
1 895
7 35
19 1178
1 24
7 7
3 861
1 3
1 6
1 2
2 2
12 252
2 2
5 27185
5 9810
1 16
11 15
2 32
2 32
1 9
1 17
1 280
10 180
1 5
6 7
3 6
7 28
1 2
1 2
5 35
1 46
1 327
3 102
14 28
3 3
1 2088
2 42
1 6
6 3695
3 3
6 342
14 266
13 13
7 6132
1 6
2 8
15 15
28 203
14 109
1 3
9 390
2 2
1 344
7 14
1 6
2 18
1 10
2 2
13 275
1 877
7 4109
3 3
1 9
2 3998
1 2
3 6
9 9
7 29229
1 14
2 8
7 11228
5 5
1 49
1 13
1 2
1 16
20 20
1 1995
1 10
1 78
10 194
4 4
4 201
5 30
24 13156
1 377
5 1885
4 4
1 2587
5 1795
1 115893
5 5
7 60
1 8
1 687
3 3
12 36
5 200
8 512
7 91
22 275
1 288
2 2
1 34
5 180
5 5
9 9
16 63
2 8
1 1480
12 5232
1 2
1 1524
1 2
1 6
1 14
1 19
1 11
1 5
1 2
2 178
9 9
19 6804
6 18
4 4
24 27710
8 186
1 71
1 10
1 2
20 28
10 19
2 1636
1 287
37 46
10 10
2 10
2 4
12 168
5 10
10 30
12 12
10 100
5 25
7 14
15 60
1 6
12 72
7 148
7 14
4 16
2 22
5 4695
1 3
6 6
1 17
3 27
1 3
1 318
23 69
3 828
6 156
7 910
15 481
1 7
2 2
9 9
13 26
3 3
2 2
5 2910
1 3
26 33
2 2
42 19909
1 263
1 27
1 13
1 5
1 20
26 174523
1 3
2 572
13 39
3 18
7 7
5 4335
2 2
44 2171
1 64
5 25
2 34
1 5
2 2
20 7175
1 19
1 2
15 9942
2 59
3 1524
7 21
5 2455
1 2
5 1734
7 15
1 2
3 9
1 5
3 9
1 5
15 65
1 65
1 5
34 103
5 40
2 2
1 5
15 525
21 42
10 165
1 1382
51 352
1 288
7 651
7 4116
2 4
2 22
15 27
2 1552
5 5
1 32
13 143
2 610
12 24
10 369
3 2709
3 3
2 2
1 45
1 4
5 800
12 36
7 442
6 36
17 65
1 5
1 654
1 14
1 5
18 18439
6 36
1 54
3 4509
7 7
2 2
1 354
2 6
5 5
19 25924
1 1612
1 327
2 2
27 1050
1 23
2 4
1 1768
8 8
10 58
1 11
4 4
1 1266
1 11
2 38
1 6
1 3
1 3
14 25
1 2
10 1676
17 272
1 7
1 311
1 3
1 5
8 8
1 506
2 2
2 4
2 2
1 327
5 10
10 80
7 7
1 14
1 2
5 3590
3 906
2 3
1 41
2 18
2 2
19 6980
17 3904
14 294
11 3168
2 2
3 1752
1 2
7 12754
6 6
13 78
5 420
16 4592
5 700
1 13
7 49
13 13
1 22
7 1778
1 10
1 15
5 35
4 1104
1 15
15 28
5 5
6 9600
3 3
6 24
9 55
1 8
7 56
12 348
2 30
12 180
4 8546
1 281
12 3000
1 6
13 42
21 21
2 20
2 28
1 2
5 9995
2 128
1 849
7 28
12 576
12 108
2 2
3 3
1 64
1 24
1 940
2 2
1 10
1 67
2 2
10 10
74 134680
2 4
1 757
1 56
12 3612
9 53
2 2
6 6
7 7
12 84
7 21
2 16
19 18530
1 404
1 32
2 4
3 6
2 2
6 30
6 6
5 1655
1 222
7 25
1 17
19 855
1 558
5 5
2 2
1 25
1 939
2 30
5 10
4 4
9 7693
2 54
7 1995
10 1250
12 84
28 172
1 8529
1 284
1 72
10 13042
4 72
3 3
1 176
1 13
42 859
1 51
1 4
1 21
30 30
5 5
13 442
16 23
1 312
15 225
21 63
5 10
5 29
3 3
3 9
2 2
1 5
1 7
8 11086
3 3
1 47
1 17
5 30
3 3
1 3
3 33
2 30
1 3
5 30
7 84
2 60
3 51
2 82
15 2336
2 1770
15 209
7 115
12 12
2 1322
2 2
29 153
16 28
1 2
3 3
19 11662
14 6552
26 26
15 7502
3 189
2 10
8 14
9 20
2 1833
2 14
1 332
1 32
1 312
1 3
5 15
12 60
3 15
9 6948
3 3
16 80
6 253
1 2589
2 106
1 2587
1 2
6 24
6 6
1 6
7 42
6 54
1 10873
12 3157
1 276
1 15
2 2
5 30
2 4
2 2
6 6
1 289
12 12
21 112
5 110
1 56
1 37
1 2082
1 62
2 2
11 13
1 8
2 18
12 108
33 30869
1 202
1 70
1 2
2 2
2 22
2 588
9 38
1 13
7 406
1 2
1 35
1 9
26 1656
1 297
8 34
1 2
3 9
7 8811
2 2
10 49312
1 17
1 104
11 2800
5 51
3 54
7 21
1 2
2 38
5 5
32 689
1 556
8 16
12 3252
21 226
1 15
1 287
35 158091
1 76
12 156
5 5
5 21025
11 32
1 6
7 7
4 4
1 64
2 16
1 2
1 3
2 2
64 120
1 286
3 192
3 6
5 5
27 54
5 10
1 2180
1 67
19 143
15 95
2 3998
5 285
12 12
12 12
43 748
1 64
5 285
3 27
4 4
6 6
5 725
1 23
1 288
1 2
1 20
1 10906
2 34
1 2
38 1102
5 75
4 44
2 28
11 58
1 10
2 110
1 3
1 292
2 13530
1 4
28 84
2 2
12 928
19 95
1 14
29 981
10 20
1 4073
1 2
1 2
1 296
11 55
2 4
1 94
1 335
2 48
1 3
1 7
17 131
1 1002
4 4
1 11
2 8
1 32
5 21850
4 680
7 231
5 4590
12 12
14 14
5 5
1 43
18 10566
27 127
1 868
1 287
1 130
2 2
5 5
8 56
19 1329
1 5
13 13
1 5
2 4
3 69
1 2088
7 7
12 1026
2 78
1 158
7 42
2 2
1 6
1 3
1 2
1 64
7 1841
2 4
1 39
3 3
6 6
2 32
1 5
12 2988
1 144
1 104
11 2349
1 15
1 2
5 190
2 26
3 12
10 10
3 36
1 17
1 2
12 1080
3 999
8 875
1 45
12 1164
8 8
3 1764
2 2
1 881
26 35
1 4469
6 7
1 1293
1 1996
1 10
1 3
1 64
1 6
7 14
1 5
3 128
1 11
2 2
1 6
10 38
1 4740
1 64
1 8
1 16
8 32
3 6
5 17939
1 39
9 77
8 36
6 6
2 34
1 15
1 59
1 5
1 1947
22 22
67 8764
1 1787
1 19
1 926
3 669
2 12
5 700
2 574
2 58
7 3508
1 2
2 2
2 2
14 572
5 15
1 3
5 155
5 17764
1 224
1 29
1 596
2 18
4 20
14 14
2 2
1 2
3 126
2 2
1 7
1 80
5 5
7 49
2 8
1 3
1 585
1 135
1 5
1 64
2 8
1 2
12 24
4 939944
1 6
1 371
20 5824
1 5
1 2
29 29
1 12
6 9
2 2
1 147
8 8
2 2
3 3
1 2
2 2
8 11
4 52924
1 5
3 2115
12 1332
1 3
7 15589
11 66
2 4
13 158
1 98
1 15
3 18
29 1980
3 7506
3 3
1 176
2 2
1 32
1 14
7 112
1 10
2 2
3 3
3 3
1 6
28 256
12 96
5 290
1 296
7 7
1 246
12 468
6 46
5 10
1 285
19 1344
10 1560
3 9
5 2120
1 75
2 104
1 5
1 304
1 2
3 6
12 1932
7 7
7 1242
5 11075
1 10
12 768
21 294
5 220
3 18
1 35
20 5166
12 12
40 1982
1 3
2 2
1 366
7 7
4 1489
2 9480
1 185
9 11
7 10731
12 12
2 2
1 5
1 58
6 156
2 4
1 11
7 49
1 2
3 6
1 7
4 2352
12 12
1 31
3 15
9 61
1 23
7 13965
6 2454
1 21
2 4
32 1189
6 11847
1 6
2 14
4 1148
9 216
1 287
1 2
1 7
5 25
1 36
1 588
3 18
5 10
5 20
1 3
1 15
2 128
1 3
3 1721
3 6
7 2009
7 189
1 22
9 4824
1 2589
12 36
7 7
1 10
2 4
6 54
1 2
5 1755
2 4
1 21
15 1470
7 6160
5 5
5 2725
1 2
18 18
17 525
5 5
6 6
5 20
3 3
2 2
2 2
3 3
26 1272
1 19
4 73
12 12
1 2
10 10
1 783
1 123
9 36
13 286
6 78
2 1174
2 4
23 328
6 6
1 13
1 8
4 78
25 38
1 4
10 15
2 48
12 216
9 7515
10 40
1 140
13 1339
1 1443
12 11016
36 1040
12 324
1 2
2 4
10 30
5 1435
1 35
1 4
1 5
10 100
1 1688
10 30
2 54
3 3
7 21
1 5
7 637
5 1275
3 4410
1 15
1 286
2 2
5 5
1 2
4 24
29 29
7 7
10 644
10 14
15 974
1 269
7 14
1 2
1 7
5 5
3 45
5 170
1 3
1 28
3 870
7 4025
1 51
3 3
9 27
1 3
3 4509
1 2
7 7
7 8484
5 4380
1 297
1 5
4 4
1 2
3 30
4 7028
2 180
1 3
17 4981
1 2
1 6
5 5
1 21
2 2
1 14
7 7
1 64
2 2
4 7996
8 16
1 76
3 15
1 58
15 206
2 4
1 16
1 27
2 2
1 6
1 11
1 4
5 30
12 216
11 36
7 21
12 1332
6 1475
5 10
32 576
7 6727
13 8971
1 36
9 161
1 2
12 12
2 10
1 1601
15 38835
4 548
1 3
2 2
1 3
2 4
69 525411
4 4
5 55
1 2
13 73
5 7320
1 6719
1 884
1 1767
3 3
5 5
6 6
5 5
5 3730
1 301
3 6039
10 10
13 33
3 54
5 25
6 123
1 1996
1 2
1 5
2 2
5 5
14 14
2 2
1 2226
2 310
1 3
5 10
7 14
1 64
14 37008
1 3
3 9
31 5134
2 10
15 26
16 21
1 15
3 9
2 118
13 975
1 19
14 70
1 3
5 579480
2 78
1 9
1 91
1 947
2 66
34 1432
11 501
1 4
24 940
1 354
17 48158
1 23
1 3
13 1230
7 546
1 1600
2 6
20 553
8 8
1 3
1 3
2 36
5 10
5 430
1 331
11 11
2 2
33 459
10 50
2 2
10 2834
1 734
2 26
5 6985
32 760
12 36
12 12
2 22
1 4305
2 32
5 5
7 14
1 2
7 7
15 15
2 32
1 4
45 242
7 7
1 7
1 17
2 6
4 4
17 349
2 2
2 2
1 22
21 6006
12 84
29 88
1 1920
1 2
5 185
12 440
5 4835
1 2
1 867
1 2
2 2
3 9
1 5
17 3604
18 270
11 11
18 21258
2 2
10 18
1 4
1 52
1 4
12 72
1 5
3 3
1 6
20 6012
4 4
1 884
1 16
2 2
1 5
1 592
12 168
1 16
1 294
5 60
12 3216
22 46501
7 7
7 91
2 10
3 8327
1 6
12 12
1 221
33 111354
8 8
1 3
20 44
6 28
8 510
13 13
1 1587
26 1359
6 56
9 10911
1 2
2 4446
2 1176
2 6
7 14
5 10
1 6
21 21
1 64
3 6
1 2
1 1998
29 16356
7 105
1 79
1 94
4 4
11 243
17 8364
16 216
5 15
1 52
5 10
2 4
1 5
4 4
2 10
1 2
2 116
16 79
1 76
3 42
2 4
5 5
1 4
5 2865
9 2673
2 2
3 6
26 8432
1 292
7 28
7 26
10 60
1 1213
12 934
3 3
5 50
7 7
12 4032
1 334
5 885
2 4
9 477
18 50
1 127
3 39
6 18
1 294
11 975
2 12
1 18
9 12
9 37
20 20
1 137
6 295
10 868
5 5
5 20510
2 44
9 10
1 3
5 20
15 17
2 86
20 20
5 20
5 25
9 21
1 3
6 6
7 7
5 5
7 7
1 127
1 3
1 6
2 2
1 5
1 68
2 702
2 2
7 714
11 20
17 68
7 14
1 5
1 4819
2 2
1 3
1 25
1 2
15 2270
2 228
19 627
25 36
6 9
1 263
1 1723
1 6
7 217
1 2
6 78
2 46
3 3
1 10
12 192
2 4
10 66
6 6
12 12
7 28
6 12
1 301
1 366
1 16
1 15
3 21
1 11
5 389
1 654
1 12965
5 15
2 2
12 12
2 1308
3 3
5 5
2 2
1 10
2 8
2 2
5 5
41 130124
1 12
5 5
1 13
8 16
1 2
7 14
2 2
18 645
15 32348
7 35
5 3231
13 13
1 7
1 3
1 19
1 1522
2 42
2 546
2 2
1 2
2 2
1 8
1 31
1 1286
2 34
1 119
2 282
2 22
3 1502
1 24
2 600
15 465
12 288
1 19
2 2
10 240
1 14
1 35
1 5928
1 1245
5 45
6 384
9 81
1 4
9 55
7 112
1 19
1 64
5 10410
7 4144
1 4740
2 44
1 23
9 5880
5 5
1 615
7 35
2 602
5 25
1 867
6 74
7 49
1 1250
1 7
1 88
14 72
2 2
13 34
1 354
1 8
1 4816
15 60
2 18
1 5
3 6192
2 4
2 2
37 8611
5 4475
3 5109
1 3
4 36
2 4
2 2
7 7
2 130
7 35
1 20
1 109
10 81810
1 9
1 1973
2 6872
7 115
10 392
11 70
7 24703
14 28
2 2
1 3
5 110
7 7
5 1460
2 4
1 10
7 7
3 168
2 4
29 80
5 14731
1 125
12 240
3 78
6 12
1 28
2 12
14 20
7 945
1 2
2 4
15 925
2 2
7 616
2 2
1 14
5 2015
12 14
1 23
1 5
1 13
1 4
6 48
3 84
1 637
1 267
8 40
11 297
7 56
2 6
1 3
16 32
1 1562
1 4163
2 8
5 5
2 28
1 441
6 30
5 95
14 394
6 41
3 3
7 1183
9 16
1 2
1 765
13 39
1 69
16 76
3 3
3 3
2 596
2 42
16 16
9 337
26 26
9 9
2 2
3 12
1 11
10 630
2 6
6 351
24 120
2 612
1 125
1 2
2 12
1 3
1 286
1 16
5 3695
1 33
9 47
1 4
2 14
1 2
6 6
14 5553
2 4
5 760
12 108
4 1239
10 60
3 45
12 300
7 42
12 1205
10 20
1 4
1 57
7 6076
1 289
7 161
2 140
5 15
1 1525
5 1510
15 15
1 50
9 121
1 2
1 466
2 6
2 2
1 5
7 413
12 900
4 1755
1 11
3 38
1 1489
1 13
1 15
5 34
5 320
1 4
14 1307
8 2980
1 2
1 296
1 286
5 675
1 5
15 99
3 6678
2 4
1 286
1 2
1 3
34 413510
2 94
2 2
13 13
1 15
12 228
2 2
5 5
12 24
16 32
1 88
9 1640
1 5
5 110
3 6
10 10150
3 3
3 3
12 24
5 45
17 3490
14 56
2 34
10 2850
1 333
6 340
13 1926
1 17
1 6
1 289
2 5894
1 2
3 3
4 4
1 1963
1 291
12 12
2 114
32 1227
12 286
2 64
7 21
3 867
1 13
21 5520
32 1337
6 49
12 576
21 420
2 584
6 6
16 16
1 6
2 16
1 288
1 9
12 672
1 9
2 66
1 11
3 3
43 8397
3 27
12 48
1 377
5 321
5 2370
2 2
2 2
1 535
10 42
5 45
2 216
3 6
7 35
15 51555
2 2
16 16
2 2
9 77
5 4425
1 4317
1 59
1 7
1 14
1 2
5 2460
17 1735
5 220
5 80
4 84
2 6
1 2
1 132
1 351
1 13
6 89
1 2
2 2
1 6
8 41038
7 84
18 2246
1 9
1 312
5 30
5 830
1 570
10 216
5 40905
2 2
20 60
10 74
1 4
2 12
6 63222
4 3932
10 2687
10 135
9 2142
12 24
13 3685
12 96
11 15
13 13
10 184
1 50
28 31
10 243
2 574
1 2539
11 11
26 1413
1 19
1 3
8 120
2 232
1 3
2 2
4 68
7 7
6 6960
2 60
2 2
1 2
35 2702
1 36
4 4
10 3608
14 14
10 24
1 6
4 8256
10 976
1 9
15 1491
1 2
2 2
2 2
5 1056
2 30
10 10
13 3572
1 535
12 321
2 4
9 192
1 9961
1 3529
3 3
1 44
7 14
1 2
11 10315
1 5
3 9
15 34
2 2
11 22
12 12
2 3838
3 6
1 11
2 12
5 20
1 103
2 2
22 51
2 2
2 696
1 4
6 2934
5 12185
1 21
20 2269
1 4
2 4
16 195
1 12
5 5
7 76111
2 2
1 2
3 45
1 2
2 36
16 615
3 6
1 12
1 17
1 3
12 12
1 3
5 10
4 4
2 4
3 3
1 21
3 867
1 2
1 25
11 114815
7 14
1 2
1 4
5 10
1 2558
11 891
1 286
25 29
6 26766
1 421
1 1912
1 2
1 312
1 925
5 5
1 24
1 88
4 4
1 2
7 112
2 2
1 1091
1 3
1 14
6 2832
5 10
9 18
1 3
8 48
19 9518
1 877
6 5682
1 7
19 24041
2 8
1 297
5 443
5 5
5 655
10 50
4 52
7 7
1 5
1 1999
1 3
1 3
1 4778
1 131
2 104
7 2002
2 32
1 63
6 12
35 44
7 10668
4 100
1 20
2 2
2 6
2 2
1 2
1 2
19 57
12 12
2 1274
3 3
6 6
5 22
4 137
14 14
1 1252
2 4
13 15106
19 799
1 13
5 25
12 12
1 573
1 4
1 125
1 5
1 1725
24 2996
1 41
10 237
20 250
1 2
1 36
3 9
1 21
8 8
1 8
12 1332
2 2
1 2
25 1432
1 2
8 8
28 98
5 1200
1 268
13 260
1 20
2 16
7 49
2 2
12 324
23 27
2 126
11 2560
1 1142
21 475
1 3
1 291
16 54
31 39
13 543
1 322
1 287
1 133
2 4
7 7
10 19
1 56
5 310
4 5
5 5
2 2
29 44
5 890
2 6
5 33855
1 3
1 19
2 2
1 14
16 135
1 15
2 70
2 8
5 5
7 14
1 101
1 592
2 984
2 2
18 143
12 4452
1 261
2 26
1 158
35 626
1 2
30 12523
4 12
2 124
1 9
15 77
2 86
20 60
1 9
19 4305
3 4584
1 22
2 716
1 3
3 3
2 66
9 16
1 75
21 12639
1 7
5 48236
7 28
2 28
5 5
2 4
6 84
1 3
32 20649
1 595
2 4
26 1655
24 60313
7 343
3 3
1 2
1 11
7 5859
16 3604
6 7
1 5
10 448
2 140
1 64
1 59
7 17
2 2
18 18
9 9
2 18
5 55
20 12394
8 12200
74 89312
1 2
6 12
1 2215
1 1197
5 20510
5 20805
2 4
2 4
6 6
1 20
2 2
1 22
5 1750
2 2
31 444
13 130
10 303
1 18
4 654
8 324
1 301
1 1503
2 6
1 22
5 5
1 31
5 5
2 2
5 70
5 5
6 132
1 2
6 54
1 11
5 48155
8 16
9 78408
22 120
6 6
3 20157
2 138
1 9
1 1751
6 30
15 375
1 13
2 62
8 70
24 2509
11 9647
1 344
2 2
2 2
1 6
2 10
1 6
5 5
1 3
7 70
1 2
3 3
7 1036
3 3
4 4
1 3
2 4
5 205
21 6916
5 4375
1 248
7 42
7 245
7 1869
4 4
5 30
2 2
1 12
12 12
10 28
12 600
5 310
2 4
5 3745
2 2
1 290
1 3
1 23
1 2
2 4
66 7416
27 3631
2 4
26 686
1 1601
7 7
8 16
7 7
1 3
10 86
1 4
1 28
1 1995
2 2
5 570
7 14
7 6601
10 8820
7 14
2 2
3 3
1 10
22 88
1 1160
12 108
1 877
1 3
1 2
4 4
10 1469
32 3851
7 105
12 72
19 12448
1 2
1 10036
5 25
5 5
31 24801
2 18
9 252
1 3
1 76
1 3
2 2
1 55
9 15327
8 4631
2 144
2 50
1 6
1 365
6 12
1 15
1 119
7 84
1 57
19 38
14 56
5 40
14 14
11 7993
21 9460
5 12610
27 25056
8 16
3 6
1 2
8 32
7 7
3 39
3 3
4 32
12 156
24 6972
5 60
7 49
3 6
13 37180
1 44
18 35366
2 2
13 3990
10 2876
1 10
14 28
2 2
2 2
5 13
6 6
3 58
3 19
2 2
1 10
2 160
6 12
6 608
1 3
67 1943
2 2
1 302
1 12
1 170
4 4
1 323
13 65
1 287
2 6
1 3
16 9200
5 10
2 4
2 2
1 304
15 351
1 7
16 22529
1 2
1 535
1 2
3 6
2 10
2 24
1 294
1 287
1 5
2 2
9 207
14 18
2 2
3 36
2 2
14 14
1 4
14 28
18 35866
35 4200
1 40
7 14
2 548
1 168
2 801
2 1106
7 7
3 6
1 9
12 72
2 144
5 12793
2 2
2 4
3 10
3 997
5 5
2 2
3 9
43 526
22 12848
1 2
20 48
1 867
2 2
12 576
5 60
7 7
12 12
1 10
1 2
1 287
35 39
37 220
1 2
2 2
1 42
1 3
6 12
1 6
1 2
1 7
10 20
1 5
5 5
7 7
5 80
6 12
1 4
9 162
2 2
2 2
52 136
5 9975
1 64
19 41383
15 20655
1 5
4 56
21 35
1 15
1 5
1 64
1 4
12 12
11 21989
15 30
21 315
1 156
35 21429
13 34
1 62
2 574
45 22331
7 350
1 3
1 1757
2 14
2 124
17 21964
1 885
5 4335
1 51
7 31
1 16
2 7508
2 4
13 56
1 2
25 36
3 51
2 2
5 2995
1 288
1 581
1 17
9 18
26 38
2 2
5 160
11 6737
3 18
2 2
1 422
5 5
1 6
7 14
1 6
2 2
3 3
2 2
1 1382
17 34
1 573
1 9
1 3
27 42
7 7
5 450
7 21
2 8
10 146
1 1768
11 6083
6 384
5 15
6 38
1 882
20 951
15 31
1 248
2 2
1 15
1 9
7 7
38 381
12 168
2 700
2 6
10 104
1 53
20 799
2 2
25 51600
2 4
5 50
1 597
2 4
2 2
1 3
6 3510
16 271
21 1347
26 257
5 205
5 10
2 2
1 3
3 3
10 246
8 8
7 7
7 4123
14 8022
28 38
1 32
1 58
1 1757
3 9
5 20
1 8
1 2
1 4
2 14
1 270
11 81
3 9
1 40
2 40
3 3
2 446
5 5
1 2
8 8
28 22795
2 2
3 1854
3 18
12 60
2 8922
3 3
4 24
5 20
2 2
5 5
1 2
2 28
12 12
1 4
11 576
3 92
2 8
1 42
2 3446
2 2
1 8
2 2
1 9
2 2
2 6
1 22
1 348
1 6
1 1767
16 1551
1 12
1 15
11 6798
1 1525
12 48
1 115893
24 539191
1 8
17 1159
7 1869
6 6
10 60
18 36
2 6
1 34
2 6
1 9
40 493
3 1764
1 269
6 6
1 1101
2 5640
1 281
1 16
1 867
4 46
12 1980
4 4
12 24
1 45
38 74
8 4704
11 39379
1 791
7 7
1 267
12 348
1 4
12 1368
33 229
12 24
1 326
5 52
1 297
2 774
7 7
1 19
2 4
5 35
5 5
5 5
1 7
20 555
1 4
1 34
5 15
4 12
1 20
2 6
12 60
15 3433
1 28
42 364
6 126
7 14
2 4
12 1164
9 147
5 10
2 2
2 12
1 299
3 33
7 30975
2 2
1 25
1 8
1 3
13 182
2 2
5 15
1 2
1 9
2 2
1 24
38 3294
1 58
25 25
5 5
12 12
4 7012
6 12
6 6
1 14
5 805
12 12
5 5
2 2
5 112
1 7
14 308
1 40
19 12915
2 56
1 2
7 9541
1 2295
1 18
2 4
7 7
12 24
4 572
6 36
1 23
1 354
5 23725
1 134
6 8032
1 611
19 7092
12 72
7 25868
2 2
1 3
2 12
8 448
10 4920
11 11
12 36
1 87
5 1550
1 2
2 2
17 1970181
10 10
19 1987
1 327
3 7443
1 72
3 3
1 11
9 121
8 8
4 13823
2 4
4 7996
7 7
1 1350
3 3
3 6
1 3
7 7
7 21
2 14
12 804
1 573
11 1016
14 14
6 7
4 6250
3 6
2 2
12 96
3 5928
4 1755
11 44
6 6
1 310
1 5
20 72
2 2
11 402
9 9
19 4788
2 2
12 12
1 11
5 26990
3 183
13 3952
2 135
13 13
4 1816
2 18
5 60
5 5
23 69
1 286
6 6
2 2
2 2
1 5
7 7
1 848
1 3
4 8
2 2
1 2
7 620
5 5
6 6
12 252
1 5
12 12
10 90
1 4
1 1095
2 1276
5 30
7 7
7 126
1 5
2 2
1 58
4 3596
2 2
5 65
2 10
17 3839
13 32526
2 6719
16 153
1 2
26 647
12 48
16 23
2 6
1 908
19 1351
1 64
26 9798
9 18
1 6525
3 147
2 680
1 350
2 2
12 2004
18 1824
2 12
12 2184
7 7
7 84
14 14
1 31
2 88
1 2
1 2
5 11
1 4
15 1940
5 10
3 3
6 6
1 4703
18 36
12 12
3 21
67 1658
1 2
5 30
8 11
7 469
6 6
7 7
14 18
10 1130
12 120
1 43
1 4642
1 4
1 3
3 6
1 6
4 24
1 471
5 5
2 2
6 2897
4 8
1 2
1 43
5 5
8 40
5 5
1 14
1 76
1 1995
3 15
1 11
6 12
1 4
7 35
1 2
7 35
12 10058
2 1686
2 10
15 3588
5 1515
8 440
1 18
2 10
1 939
7 21
1 13
7 14
1 4
11 1834
3 3
2 2
1 15
6 1475
18 25
15 15
1 22
2 4
9 9
3 6
2 2
1 10
9 9
1 2
1 303
13 14
13 3848
1 6
1 2
3 3
1 588
1 161
12 71
6 6
2 2
5 5
1 2
10 266
7 14
11 457
7 372
1 3
1 5
1 6
2 2
3 54
10 100
1 169
1 2
12 276
1 5
1 6
2 68
10 45
2 2
1 535
7 2030
13 34
4 16102
2 10
4 132
13 13
1 340
1 296
10 20
2 8
1 15
1 8
18 6500
1 9670
1 3
1 17
1 3
5 10
8 8
1 286
2 114
15 12569
1 161
16 116
1 13
2 1754
5 5
1 3
1 1290
3 33
1 64
1 3
1 10
5 5
13 14378
15 50
9 20
7 35
1 2053
15 12301
2 6
5 5
5 25
2 20
2 4176
10 328
4 5261
1 2
12 12
2 2
24 24249
2 2
3 6
5 42
2 2
5 15
1 1117
1 5
5 1405
1 2
95 2100
1 574
1 20
2 2
5 6260
26 39
9 12
6 6
8 971
13 13
1 5
6 282
3 10
17 1950
4 844
6 6
7 7
1 268
1 289
15 2112
1 1707
12 1679
10 124
1 35
4 20
1 11
1 2
15 60690
9 27830
7 14
2 18
1 4
3 3
2 14
20 14914
2 14
1 7
14 58
1 149
1 21
2 82
4 4
4 44
15 22
12 1932
5 40
1 32
2 128
6 108
1 13
5 395
6 24
2 4
17 17
3 9
31 40
6 1475
1 5
10 84528
1 2
7 434
10 5478
5 1755
19 1745
1 4876
8 32
1 287
19 8484
2 12
1 689
1 13
7 28
6 45
1 3
5 5
1 23
15 103
2 8
1 15
1 13
7 119
2 36
3 3
12 156
7 2023
2 19
1 9473
3 6
12 168
2 32
1 4
1 15
1 66
5 55
2 1184
1 11
8 8
1 1723
5 60
1 63
1 2
5 15
1 1533
29 35
10 17670
23 211
1 574
5 35
5 1430
7 281
5 1505
1 20
3 6
5 10
1 5
21 11580
3 3
1 50
1 419
1 2
7 4116
9 9
11 27
2 4
2 8
9 9
1 297
3 27
3 15
8 8
1 3
9 9
1 1148
6 13338
6 1475
3 20
2 120
1 9
1 288
7 4021
2 4
2 22
5 5
7 7
8 96
3 9
1 120
1 3
6 6
2 8
3 6
2 496
6 18
1 2
1 4164
3 15
7 7
13 13
5 400
3 9
1 44
5 290
1 15
7 7
5 7
10 10
1 62
9 80
3 33
1 714
1 10
1 3
9 31
2 20
1 10
6 17
10 10
20 20
2 10
1 11
5 10
2 2
5 1485
5 5
2 2
12 348
5 15
1 3
10 68
2 6
18 1386
24 8604
20 115
1 3
16 32
2 6780
35 718
2 109
1 3
2 130
2 14
1 70
5 40
17 1799
1 177
24 91875
2 124
2 2
1 5
10 32
20 153
2 6
9 7119
1 2
22 19549
1 4
1 881
1 2
1 32
2 2
1 1375
22 2598442
26 52
7 91
5 5
1 8
1 4
12 24
2 2
5 280
1 3
1 2
2 50
11 176
5 2460
7 42
7 7
13 1144
2 2
12 264
1 1995
6 11
1 196
7 1883
7 340
12 12
5 5885
1 4
1 1470
1 947
4 1100
3 3
1 2
16 51
22 2420
7 119
18 73
7 41
1 16
1 3
4 4
7 7
1 1999
9 19
30 200
6 18
15 900
28 37
5 10
1 333
1 21
8 4095
4 8
1 33
2 4
4 28
6 24
19 37698
7 112
1 592
1 13
1 2
9 27
1 14
2 2232
5 660
21 1420
1 301
2 10
2 2
1 11
1 2
7 7
2 48
5 10
22 88
3 3
9 27
5 225
2 4
1 150
12 96
2 586
1 2
12 384
5 5
2 2
5 5
2 2
51 14399
4 4
5 10
2 2
9 77
10 261
1 11
11 421
7 2597
7 7
23 37
9 9
4 22
9 56
1 251
7 7
1 301
9 18733
6 30
13 13
19 290
3 888
3 6
7 1795
3 3
1 80
5 215
16 2585
1 40
1 12
3 3
1 287
27 27
40 180
1 44
11 220
5 5
5 10
5 320
1 4
5 125
1 2
3 15
1 5
1 64
7 28
1 14
7 14
1 67
2 2
5 5
10 100
14 28
7 2478
2 8
13 3705
12 636
28 86
1 15
1 4
12 36
2 4
5 30
2 2
24 6642
1 183
12 516
72 90
3 336
1 3
1 53
1 6
1 2
19 23038
1 42
2 2
2 1012
2 2
1 12
3 15
8 16
7 7
16 16
1 543
1 3
18 42
1 15
1 61
18 484
5 15
1 4
4 1476
1 9
1 3
1 3
1 260
1 26
1 7
2 26
1 3
37 3231
1 332
12 36
2 2
5 7335
6 6
1 5
1 592
1 11
3 3
9 281
3 3
2 186
1 6
1 231
5 5
37 330
8 3516
13 28
1 70
5 60
1 29
5 15
1 1265
2 2
1 4
1 2
8 168
12 48
2 4
2 2
65 13903
3 3
1 558
10 352
7 10297
3 3
15 4350
1 2946
1 2052
6 24
4 17
8 26
1 7728
5 30
1 287
