4 289
6 22
1 76
3 14
4 24
145 3451
3 304
16 82
13 309
4 2065
5 10
12 32
2 61
19 91
3 3
5 8
14 321
28 3075
351 3675
27 10897
2 3
4 4
3 3
8 8
18 2526
13 588
1 48
11 20
2 64
184 5298
8 297
4 6
13 28
1 2
3 3
64 2251
1 5
66 6795
6 22
2 3
30 1360
91 12937
6 14
9 2074
15 3442
24 33311
109 14802
2 2
4 36
5 10
16 29
11 835
2 2
5 10
1 3
41 9797
4 4
326 3529
5 304
10 300
3 12
5 12
2 2
28 249
3 6
66 6795
4 89
3 3
3732 106476
2 6
3 3
6 588
27 13295
4 52
49 398
12 31
4 7
8 360
10 31
55 4962
16 82
51 3488
140 1567
5 12
3 3
2 2
16 23
4 52
4 52
3 5
3 18
17 1449
8 10
25 941
24 4708
8 11
3 3
11 12
5 5
2 4
3 3
3 18
6 13
3 3
2 2
300 2819
3 3
4 55
3 3
1 76
22 93
649 4711
494 5155
4 588
2 2
3 18
1 15
2 2
2 2
33 35
12 31
1 269
4 11
4 877
8 13
3 3
17 1449
8 15
16 29
1059 11062
3 3
3 304
10 588
37 9789
4 297
2 9
301 9905
8 12
9 2078
521 25703
19 39
22 1172
14 36
5 8
85 3452
30 2878
15 95
5 12
1 2
3 18
2 2
7 10
27 493
3 89
3 3
3 3
4 6
64 2251
8 312
10 588
4 12
1 12
938 11913
2 4
7 8
28 1839
7 11
10 31
4 588
602 162150
11 329
12 32
4 11
6 41
198 14424
5 2077
3 5
53 8727
2 2
3 3
3 3
2 9
581 146373
4 4
86 3220
4 26
85 3452
5 1742
6 2074
6 20
27 493
1 7
141 14425
74 3414
152 378
89 6770
16 1857
17 26
8 15
2 2
1 6
6 596
7 105
4 7
31 6143
28 1558
297 1029
4 289
3 18
1 3
3 3
11 12
84 8861
11 885
6 304
9 12
27 10873
3 3
152 378
40 134008
24 478
5 12
20 334
64 2829
5 10
1 5
3 12
7 597
9 31
6 28
17 82
3 5
4 297
3 3
3 3
3 35
66 205707
6 24
6 6
699 39050
6 21
6 14
66 6795
6 22
1 6
303 2819
219 18422
2 588
3 3
11 885
6 6
78 8873
214 56859
1 949
196 17112
6 596
502 36841
22 93
6 161
3 3
27 13321
83 12569
3 3
26 5168
299 2819
3 3
11 31
3 288
3 3
12 31
2 7
988 8430
5 300
2 2
48 718
198 12665
14 321
17 59
12 56
6 941
3 3
5 10
56 3087
4 89
12 309
19 4304
12 2584
3 3
10 277
27 13309
8 54
1 286
1 3
40 183
2 3
13 28
2 2
85 3452
8 581
22 144
10 300
2 2
6 1768
1262 80922
3 3
1 5
2 8
15 314
3 8
3 3
2 2
231 6029
19 35
3 8
2 3
27 10873
2 10
3 8
48 6835
21 9789
13 34
26 1293
3 7
303 29603
13 34
35 95
198 14424
2 2
6 588
3 27
15 95
1 2
3 3
8 8
11 329
6 2000
1 287
30 2243
3 3
2 2
6 596
2 2
30 2243
1773 836111
4 304
2 9
3 3
1545 42975
2 2
9 309
699 39050
300 2819
2 2
43 162
27 10897
163 691
74 7461
3 9
15 29
690 3529
15 321
16 29
12 290
2 2
17 3056
100 6795
3 12
67 2254
1 588
11 32
64 167
5 300
3 8
3 3
3 3
11 32
11 13
398 4528
2 2
4 8
9 8179
1 6
31 2878
3 288
35 228
1 2
25 2764
6 58
6 40
208 19393
3 1999
3 3
3 3
1 5
198 14424
6 588
1 855
4 12
10 10
324 1760
168 3179
5 11
2849 62964
120 3533
3 3
4 22
2 3
2 1996
130 10993
3 6
11 12
16 1857
48 82
6 588
3 12
4 52
62 1547
3 3
3 33
3 3
2 588
1723 65613
5 12
13 10380
1 5
4 7
163 691
5 8
3 5
152 378
16 1857
3 3
1 24
11 31
5 5
4 304
1 8
24 1769
97 4507
16 1537
3 3
30 694
8 2074
11 31
2 2
142 12569
3 11
17 1449
31 5613
8 14
5 6
8 13
1070 6134
3 3
3 3
2 2
3 178
6 68
4 12
3 5
3 3
49 4672
11 12
64 2251
808 54341
84 8861
4 221
2 2
5 12
28 1839
166 6029
390 28784
4 6
4 6
22 2552
4 89
2 5
6 41
3 290
28 3074
2 275
118 12666
6 58
9 10
6 3994
10825 334017
3 3
6 7
32 97
151 259
160 261
3 3
5 10
1 303
3 3
13 1769
39 3414
15 941
3 6
183 122758
7 7
2 859
301 9905
6 29
2 5
2 2
2006 76785
66 205707
2 5
3 15
2 2
9 31
3 3
3 9
4 588
6 7
7 301
33 923
2 2
3 6
33 6433
9 309
347 19956
4 289
44 6770
2 20
4 588
196 17112
11 329
1 288
6 6
434 1853
4 72
3 18
6 17
3 3
272 1282
1 6
2 6
5 1999
18 18
2 2
2 2
2 2
5460 58680
10 82
22 4672
44 2878
16 29
82 6320
2 2
8 581
15 89
5 10
2 2
5 39
219 20563
124 3452
6 35
27 10873
3 3
44 3669
6 588
8 581
3 3
5 6
4 1999
27 493
2 588
2 2
3 3
12 32
3 3
15 134
8 8
7 91
1903 834373
5 8
11 31
173 17654
6 68
1773 836111
126 6770
16 29
3 3
9 12
11 32
28 1839
118 12666
5456 58670
30 6143
48 82
7 35
8 581
16 51
21 4651
8 14
3 3
53 2237
9 29
4 289
17 39
11 885
9 31
67 1278
208 15468
4 4
3 18
5 12
8 8
5 6
1 883
1 5
2 52
2 3
3 5
5 5
3 8
2 303
3 6
142 12569
4 12
4 6
22 1769
1 6
6 11
211 19393
7 11
4 2065
9 868
2 2
29 1360
6 588
602 162150
9 868
19 91
6 34
521 146373
16 51
5 12
4 4
11 300
56 4692
12 32
16 29
6 304
84 7461
13 13
13 588
4 11
1 5
3 18
86 3220
64 2829
326 3529
64 2251
137 627
43 162
1 5
22 144
5 5
200 17840
2 2
231 6029
1 2
2 5
21 4708
1 12
2 2
97 4507
40 134008
17 3056
11 588
85 3198
9 2074
1 949
7 11
664 24303
5 5
4 89
7 12
98 12937
303 2819
14 321
5 12
17 1537
2 26
1 2
14 321
4 6
3 54
4 6
6 12
14 327
14 321
5 304
11 1703
12 32
28 493
1 6
2 5
1 58
1752 834373
1720 32586
8 2074
675 24319
17 95
2 2
29 1610
125 2552
16 1857
6 14
17 95
11 2074
168 3179
6 29
4 72
11 31
31 1360
27 10897
1 3
6 304
4 12
1 74
3 3
1 855
2 3
14 36
488 4711
1752 834373
35 150
15 321
3 13
15 36
1 6
7 595
22 4672
17 1449
74 7461
44 2878
694 11913
85 3452
1 58
9 10
1 3
3 4
728 36897
69 9688
7 25
18 58
125 2552
2 2
27 13309
62 4781
4 297
548 9876
9 31
4 5
291 2819
662 17878
231 6029
14 321
16 29
3 6
3 3
3 3
3 3
163 691
108 202355
14 588
3 297
324 1760
2 3
5 304
15 321
4 12
64 2829
11 82
3 6
6 11
3 6
2 5
3 3
2 2
3 6
8 581
6 7
1 25
2 6
9 868
7 24
61 167
9 31
149 20727
32 2246
2 2
3 3
2 2
17 1769
3 304
4 588
4 6
5456 58670
11 2074
3 288
1 4
3 12
11 31
3 5
6 588
4 5
1 34
15 885
4 288
3 3
12 309
1 3
29 34
10 588
9 12
15 321
6 24
3 17
2 5
10 31
398 4528
16 156
3 3
4 4
1 5
5 12
3 891
118 12666
2 150
27 10897
6 21
10 118
53 8727
1 2
2 2
1 59
3 24
4 14
5 5
5 17
12 56
672 80582
7 12
238 82929
6 949
22 93
2 2
3 3
2 2
1 68
5 7
1903 834373
3 1999
3 3
5 8
27 13295
61 3719
5 5
27 13297
2 2
664 24303
125 2552
2 288
3 3
2 2
5 10
64 167
91 12937
2 2
2 2
14 96
4 1999
2 3
3 6
3 3
2 2
11 31
3 3
75 1769
3 4
4 12
13 588
15 321
33 642
5 11924
44 2878
3 3
198 14424
1132 48222
41 9797
3 5
1 5
57 1894
3 3
3 3
5 5
3 3
64 2829
187 13388
66 2552
2 2
5 304
2 11
5 941
3 3
3 3
6 588
3 18
3 8
6 22
3 3
261 16385
11 885
1 5
1 588
3 12
3 3
9 2074
4 297
15 95
291 2819
3 3
17 3056
53 2237
118 12666
6 58
1 2
5 67
1 3
135 12667
13 34
33 35
288 9599
5 304
6 304
5 9
1 286
3 288
15 321
44 6770
8 581
14 603
69 9688
16 321
12 56
6 22
77 5092
16 1857
2 2
3 3
2 5
1 64
3 3
2 2
3846 102046
27 13319
5 1999
48 6835
6 304
51 3488
1059 11062
11 321
301 9905
3 17
61 167
18 144
45 1039
12 290
46 1306
11 32
1 2
4 304
13 2686
7 301
19 2829
18 1768
1 5
4 297
35 95
22 1172
3 3
135 12666
11 588
182 6201
22 93
24 2080
5 12
808 54341
317 19398
5 7
2 2
6 7
1757 20874
2006 76785
173 17654
6 68
41 9797
2 8
8 580
521 11181
57 126988
29 1360
39 3414
1 6
29 73
27 10897
61 8870
3 288
1 6
141 12667
2 2
5 9
12 31
2 2
5 58
2 11
27 13321
82 55413
100 6795
1 588
11 588
3 3
6 24
6 596
4 24
2 2
2 5
4 354
2 288
699 39050
3 3
1 91
6 304
29 1360
198 12665
289 9905
2 2
2 2
22 144
8 13
3 12
3 3
64 2251
2 21
2 3
2 2
269 9599
2 588
1 2
6 17
1 855
53 8727
4 4
3 12
9 31
17 1449
2 9
3 72
13 588
5 5
1 5
300 2819
108 217152
100 6795
3 24
56 7461
8 64
5456 58670
57 1894
1 64
1552 20704
27 13307
9 2257
5 10
11 598
27 493
6 10
19 19
3 5
19 608
12 208
2 2
219 18422
3 89
64 2251
4 11
5 11
27 13297
12 1180
4 297
171 20727
4 4
6 15
3 3
458 2930
16 1769
27 13295
10 2662
4 304
5 5
33 1610
9 12
3 3
2 2
4 89
2 5
3 3
1 12
22 144
15 36
17 26
3 12
6 7
53 3488
1 2
1 3
62 1547
1 9
4 297
89 6770
5 10
5 7
2 2
5 8
3 288
44 2878
58 2244
92 2849
289 9905
3 304
272 1282
1 76
34 9789
3 3
2 5
2 20
4 296
2 3
3 3
4 4
152 260
4 289
22 93
2 3
2 2
2 5
4 289
3 18
1903 834373
3 6
3 5
120 3533
3 885
2 2
13 321
3 24
16 29
3 3
1 9
2 2
43 162
3 3
5 12
4 304
127 323
3 301
3 3
2 2
1 2
3 5
3 3
45 1039
1 588
10 2662
2 2
9 2257
11 7952
3 3
118 5113
8 15
1574 241021
1720 32586
27 493
9 8179
69 9688
4 304
14 36
43 162
3 3
5 5
4 278
182 6201
574 4497
16 16
6 304
48 5904
3 290
3 3
246 17425
2 3
5 12
2 3
5 12
13 588
1138 10474
3 3
1 64
7 24
123 10994
9 387
3 3
690 3529
1 6
277 7896
16 1537
15 309
3 3
15 36
1 2
98 3220
5 60
2 2
48 5904
5 7
35 95
2 2
434 1853
15 321
15 36
64 2829
4 304
11 32
5 9
24 2764
2 5
27 13297
7 24
4 55
3 6
2 1709
5 7
5 304
2 2
5 67
8 7952
4 588
3 288
6 588
1 2
12 31
3 3
4 6
29 73
3 3
300 2819
1 3
3 3
85 3452
4 10
521 25703
4 33
3 3
4 8
521 146373
291 2819
2 14
12 2584
2 2
23 4708
8 360
6 14
30 9797
124 3452
11 321
7 595
2 288
15 95
3 3
24 31
2 2
10 22
17 59
5 5
5 8
120 3533
83 135561
16 1769
6 304
8 581
22 1172
83 135561
5 2074
17 95
3 3
24 4708
1107 37169
11 12
6 19
27 13283
1 3
7 7898
157 261
35 13701
2 2
35 95
79 79
84 8861
4 14
2 3
22 144
58 2244
3 4
4 12
23 174
1 2
6 6
6 596
1 6
3 3
2 2
11 32
4 588
9 29
168 3179
5 10
17 17
82 6752
4 72
35 150
6 14
3 3
9 1537
4 52
2 2
3 3
6 596
14 22
156 260
4 11
27 10873
16 156
3 4
28 1520
1 3
57 1894
6 6
6 588
11 1703
283 18501
66 1278
120 3533
3 7042
4 6
2 2
16 1857
6 13
91 12937
3 3
36 920
4 1999
12 32
15 36
3 288
8 24
6 304
12 309
150 4410
11 329
11 1537
9 383
4 89
3 3
22 1769
89 6770
4 1094
6 11
6 304
4 4
6 7
29 1610
6 588
7 12
6 596
2 2
9 9
9 309
3 3
7 10
22 93
16 29
29 923
1 11
4 588
24 2080
7 33
171 13610
15 95
15 314
15 321
61 8870
24 1766
8 581
13 34
9 10
358 35971
141 14425
16 1857
577 4497
4 304
3 304
1 2
3 54
1 269
85 3452
3 72
10 23
16 156
2 5
5 7
2 2
58 4781
602 162150
3 3
4 588
1 588
85 3452
4 2074
301 9905
13 588
8 8
13 309
1720 32586
1 64
1 6
5117 407556
27 517
6 71
11 12
9 8179
5 5
1 10
1 3
28 1520
3 72
49 4783
5 6
5460 58680
3 11
1 5
2 3
3 3
9 13
44 2878
3 3
32 97
1 855
6 597
3 1999
3 3
3 301
3 3
35 95
40 323
11 588
64 6752
17 26
649 156890
44 6770
27 493
85 3452
8 868
16 29
43 162
11 32
14 321
27 493
1 64
171 13610
566 5519
3 3
3 3
27 13297
16 1537
64 2251
4 55
3 6
33 71
7 33
11 309
4 52
6 596
4 24
4 6
27 339
38 1830
16 3730
97 4507
85 3198
2 2
691 3529
6 58
6 304
2 2
2 3
3 3
7 70
2 2
8 312
4 18
3 3
3 3
2 8
7 7898
2 67
53 7456
5 1999
91 10517
64 4782
15 95
4 354
152 378
343 3325
27 13319
3 3
189 13610
64 2829
84 7461
3 3
5460 58680
230 18088
32 1608
6 40
10 2662
44 2878
58 2244
16 73
2 588
16 23
35 150
3 9
7 2142
602 162150
3 18
2 288
53 7456
43 162
11 82
7 12
166 6029
2 3
22 334
4 326
5 297
17 1449
2 3
12 309
42 63
3 12
3 3
3 3
4 4
82 55413
5 297
9 31
2 2
2 2
25 5168
1 5
38 1293
5 13
1 2
9 868
450 12231
44 6770
1 5
3 3
16 2362
5 290
3 3
2 2
16 29
5 590
8 360
1 6
11 329
2 21
3 288
2 1709
33 1610
24 2764
1752 834373
22 4672
30 1610
11 1703
1 5
808 54341
3 290
3 6
15 154
16 51
12 309
3 3
10 32
1 39
16 16
120 3533
198 14424
69 13262
3 3
6 3994
9 31
3 3
2 9
1 855
297 1029
10 32
9 44
4 297
5 12
24 32978
5 9
4 354
10 13
44 6770
27 493
118 12666
3 304
5 6
15 941
3 12
173 17654
26 1293
4 289
5 11
1 9
509 9876
5 10
8 297
2 2
92 2849
5 24
5 8
3 6
9 55
6 6
82 6320
8 24
18 1293
6 13
3 3
4 297
1 9
3 3
1 71
7 301
15 95
20 145
3 1999
6 2029
2 588
3 3
6 24
10 89
2 2
4 2074
6 22
24 2764
17 179
34 34
21 71
9 55
4 297
2 4
2 7
3 3
8 13
5 7
3 6
6 10
11 32
97 4506
64 4782
2 2
558 629071
14 903
16 23
5 12
2 3
5 9
2 24
3 3
30 1360
4 11
9 12
1 6
1 76
17 1449
4 89
45 1039
8 581
9 360
3 3
1 12
7 33
3 8
3 6
28 923
26 2231
1 5
4 278
5 2074
61 3452
3 3
66 6795
4 52
3 3
3 288
488 4711
5 304
6 596
2 3
3 3
22 2552
6 304
4 4
3 3
6 14
3 3
1138 10474
3 3
7 295
2 3
5 114
1149 39833
4 7
439 1853
6 304
1 13
17 1449
2 5
16 156
10 23
9 31
690 3529
2 2
6 10
4 52
6 22
2 2
5 304
10 588
1 3
27 13297
67 323
5 10
3 3
2 3
7 301
18 144
524 33008
11 354
20 29
12 32
3 301
156 20727
3 3
6 1768
3 3
5 354
2 3
31 95
3 3
5 7
2 21
1 4
63 4781
21 134
3 4
14 22
2 2
312 1853
27 493
33 183
2 2
3 3
6 588
6 6
2 588
351 3675
6 22
3 3
2 3
1 855
43 162
4 6
1 269
5031 407307
2 2
12 32
27 66
3 18
1 588
1 855
5 7
9 15
8 297
64 167
4 89
2 2
64 2829
16 1857
46 8727
19 144
3 14
2 3
3 10
9 1528
22 1769
30 6143
1 5
768 54336
181 747
7 11
2 2
4 89
2 2
4 60548
3 3
198 12665
2 9
6 7
171 13610
64 2829
178 633
15 92
53 8727
6 20
3 3
41 9797
61 3719
30 2878
728 36897
206 12665
3 3
5460 58680
4 1999
28 3075
17 17
2 2
3 3
7 15
4 289
3 3
25 673
494 5155
2 5
3 6
6 6
288 9599
12 290
9 8179
3 9
19 28
29 1604
22 2552
1 2
1 27
3 12
5 15
49 398
10 588
16 35
3 3
16 29
5 10
277 7896
64 4782
2 3
1903 834373
3 4
35 95
86 249
2 288
5 304
11 329
28 1602
33 1610
66 4962
7 56
43 162
4 4
5 289
8 868
4 24
41 9797
8 297
15 89
5 10
3 3
17 1449
11 31
3 7
3 3
15 321
2 6
3 6
3 288
64 2251
3 297
12 32
4 288
16 90
5 11
150 378
8 8
10 89
2 2
45 3426
6 588
9 8179
8 44
1 949
3 5
53 3488
9 31
6 7
85 3198
2 588
15 89
2 3
4 12
193 574
1 4
117 3454
65 121979
5460 58680
14 327
2 2
18 1768
3 1999
214 56855
208 19393
3 3
82 6752
11 329
3 3
25 3500
5 8
156 20727
1138 10474
4 11
5 8
56 4692
20 31
2 2
3 3
4 89
1 64
15 309
6 29
14 22
6 9
5 5
5 941
4 4
17 1449
53 2237
6 304
66 6795
26 2764
13 34
4 304
46 8727
1 3
15 95
2 24
5 6
48 5904
8 8
5 5
200 17840
83 135561
11 588
3 288
3 9
4 22
5 6
4 296
23 1768
17 1769
4 27
15 603
16 51
152 378
6 588
53 2237
46 718
10 22
3 3
1 21
2 2
4 4
10 32
2 26
6 304
22 2552
3 3
1 287
5 11
9 22
91 12937
26 478
3 304
7 24
521 11181
27 493
27 517
3 3
3 5
2 588
4 297
10 14066
28 923
16 23
11 32
3 35
2 2
24 2080
808 54341
4 297
521 11181
300 2819
9 52
57 126988
3 6
57 1894
2 588
3 6
19 39
3 3
3 3
83 18320
12 32
6 295
4 6
326 3529
2 2
11 112
2 588
4 289
27 10873
3 3
288 1853
4 2065
3 3
5 10
2 2
3 1999
6 14
6 17
4 89
3 3
4 89
2 2
29 1610
1138 10474
2 2
6 588
2 2
3 3
2 5
19 39
277 15530
2 2
27 1610
3 3
36 195
30 2878
3 17
91 12937
3 5
2 4
3 3
48 6835
3 35
4 289
3 3
3 3
2 588
2 2
64 2251
4 12
5 7
71 6835
1070 6134
5 10
1 5
5 12
3 3
184 13380
19 638
2 64
5 8
9 10
151 259
12 12
82 6320
1 2
3 3
5456 58670
300 2819
15 36
91 12937
2 5
2 2
7 9
7 301
12 56
7 12
10 23
96 14218
5 10
11 32
23 4708
56 7461
5 10
2 5
2 2
3 290
4 14
4 326
1 287
11 32
3 3
691 3529
6 6
2 5
1 2
16 29
6 2030
2 2
1 64
6 10
3 3
5 9
24 1769
13 588
30 8634
1 12
6 941
3 3
2 2
4 89
4 4
9 31
1 5
12 290
45 1039
8 312
44 2878
1 588
16 23
4 14
2 2
7 7
301 9905
1 5
1 9
96 14218
15 309
3 9
4 7
11 31
1 3
6 71
4 6
32 34
4 7
4 296
13 588
3 3
51 3488
347 19956
11 309
6 7
6 14
3 12
6 588
6 35
5 67
207 13610
5 12
8 581
187 565
2 2
2 2
1705 20146
1 12
42 105
4 4
545 4546
16 90
16 1857
7 595
26 2764
1 2
6 588
7 12
1 588
7 8
58 2244
521 146373
4 7
2 2
27 13319
2 2
3 3
1 22
6 6
7 301
66 6795
4 11
41 9797
58 2244
5 354
2 301
12 290
326 2819
6 588
2 2
151 259
4 7
3 3
3 180
1 5
264 1760
5 15
5 8
1 2
2 2
118 12666
1 949
8 297
6 3994
22 144
3 3
19 608
690 3529
2 2
14 321
5 354
2 2
6 304
67 2254
2 275
3 3
9 31
35 95
2 2
16 29
2 2
3 3
9 33
8 1528
94 120451
53 2237
11 329
22 1176
2 2
4 278
2 2
6 6
2 588
208 19393
137 627
1 71
26 2764
7 54
7 581
4 12
5 1742
9 11
3 1999
5 2077
8 10
16 1857
1 949
6 588
3 19
9 29
15 36
23 93
235 4006
3 18
1903 834373
3 288
86 249
4 288
15 1172
6 588
8 10
6 21
3 326
15 95
11 12
64 2755
4 4
97 4507
230 18088
3 3
2 2
34 35
58 2244
521 25703
3 301
1 3
488 4711
17 1449
3 3
100 6795
17 1449
14 309
17 39
24 38
1 2
521 146373
574 4497
227 20563
3 4
27 493
21 4591
2 2
5 10
33 35
2 2
8 581
4 11
2 20
8 13
6 13
2 5
7 7
4 588
7 54
1319 51956
69 9688
6 22
6 588
343 3325
5 354
231 6029
4 7
43 162
6 21
9 8177
521 11181
3 9
4 12
21 71
12 12
1 64
2 2
9 31
10 277
1 9
9 31
7 33
6 596
6 22
3 288
4 4
1 855
4 22
135 12667
11 32
18 2526
1 3
2 2
13 34
11 1703
6 10
29 5456
288 9599
4 2065
6 21
208 19393
15 941
3 3
3 3
142 12569
3 3
1752 834373
25 673
3 288
1 1656
1 2
2 2
2 2
39 3414
9 31
28 1839
4 89
1 5
2 3
1903 834373
84 8861
29 1604
157 633
10 24
14 321
1 64
4 4
4 297
29 1604
15 1039
8 2074
6 588
2 9
22 144
150 378
3 6
16 29
3 17
9 8177
3 304
3 3
15 941
2 3
2 2
8 11
1 885
12 31
8 581
19 26
6 11
14 321
4 297
3 3
3 3
4 326
558 629071
1 64
10 28
4 7
15 95
30 630
9 29
2 885
5 8
4 89
12 44
11 1703
768 54336
16 82
31 5613
4 11
3 3
808 54341
8 33
219 18422
26 1769
2 588
27 493
2 5
22 93
4 304
2 2
8 581
6 6
3 24
15 92
2 3
85 3452
5 8
521 25703
9 52
27 10873
12 309
123 10994
195 1029
11 13
3 6
264 16393
4 588
27 13283
1 10
9 31
6 304
3 3
27 13295
3 12
12 33
197 122329
1 588
145 3451
13 588
44 2878
56 2720
2 2
7 11
11 22
3 7
2 2
577 4497
207 17112
6 6
8 581
15 321
3 3
4 52
6 41
4 949
28 3075
14 36
206 12665
4 297
6 304
480 51173
19 608
14 3147
5 354
1 2
4 949
9 13
9 29
1 15
108 217152
2 2
5 588
131 12666
1 9
237 16393
2 2
2 3
23 1768
1138 10474
11 20
1 588
152 378
97 4507
8 297
9 31
13 588
2 12
13 34
219 18422
3 3
53 8727
1 64
4 6
231 6029
2 588
6 304
4 24
18 144
3 288
11 354
2 5
3 65
2 588
11 32
6 58
2 9
10 588
2 2
1 5
653 47853
91 3533
6 14
96 14218
1752 834373
7 11
9 13
65 126988
2 2
67 2254
45 3426
3 3
11 2074
9 9
10 46
8 54
6 588
2 2
16 24
2 5
2 588
2 2
3 5
36 1839
288 9599
3 3
48 6835
18 144
3 3
5 304
6 588
4 12
2 2
6 14
277 7896
5 12
32 183
502 36841
24 4708
15 92
5 8
3 294
2 2
117 3452
5 290
9 2080
30 6143
56 2720
3 288
2 2
3 3
8 8
7 12
4 22
403 7185
17 1449
1 2
3 3
8 581
87 6862
2 34
2 3
3 3
1 5
4 11
28 923
2 3
6 8
11 883
2 9
3 3
1 3
24 1769
5 10
2 2
7 581
3 3
2 2
86 12937
152 378
2 4
1 22
14 91
5 12
28 493
1 269
8 2074
127 323
53 8727
7 301
3 3
53 8727
6 2074
12 31
1 287
5 10
3 3
3 3
77 13323
3 3
2 2
9 868
27 66
3 8
4 296
326 3529
5 12
3 5
10 29
2 2
5 5
3 4
12 2576
16 24
65 121979
3 3
4 6
4 6
2 2
8 15
2 588
11 835
2 3
91 12937
3 3
4 24
291 2819
1 2
428 29409
17 17
1 2
8 11
3 304
7 56
21 4708
82 6752
4 52
3 288
5 5
3 3
4 5
5456 58670
4 297
8 8
4 4
4237 21354
347 19956
3 3
4 4
5 8
3 3
509 9876
1 2
20 334
85 3452
125 2552
10 2662
65 4782
5 8
35 13730
24 2080
5 11
84 8861
10 300
3 3
45 1039
14 321
15 36
66 6795
2 588
3 3
1 588
3 288
3 288
10 588
5 10
15 1039
4 289
156 20727
5 8
21 4708
938 11913
13 1769
11 31
1773 836111
3 288
13 588
1 2
2 2
11365 334017
79 79
16 51
3 6
5460 58680
406 29409
2 588
3 3
3 3
772 54341
16 2362
2006 76785
60 4783
2 137
156 20727
4 304
8 297
3 5
4 12
9 31
4 6
1 5
3 12
16 23
12 941
17 26
4 297
2 213
2 21
7 17
4 289
2 3
4 55
3 7
5 10
96 14218
1 855
3 12
2 287
2 21
494 5155
3 3
3 3
8 8
17 1449
3 5
291 1106
8 581
3 3
3 4
9 31
1 6
207 13610
4 297
26 2764
2 2
3 3
3 3
4 7
5 10
64 2251
3 3
6 3994
1 5
22 93
502 36841
24 2080
2 2
5 297
2 2
2 588
6 9
3 18
4 14
44 6770
5 294
8 9
4 22
11365 334017
15 597
3 3
5 290
58 2244
1 74
3 12
1 588
3 3
2 34
8 10
1752 834373
12 31
85 3452
502 36841
303 2819
4 4
40 40
70 9688
301 9905
351 3675
9 8179
28 1839
3 304
4 5
8 112
4 14
6 29
5 6
198 14424
138 641
64 2251
2 3
3 3
1 2
5 10
33 1610
6 10
2 2
17 26
39 3414
3 66
145 3451
27 517
3 3
1 949
24 941
35 95
2 3
5 12
3 5
7 312
9 360
3 3
3 3
235 4006
11365 334017
34 413
488 4711
11 31
2 2
15 89
1 3
3 5
340 3054
27 13321
16 51
14 134
15 1172
4 6
29 1610
48 249
96 14218
28 1839
2 3
1415 20874
11 329
3 3
1 4
193 574
62 1547
3 3
1051 37169
4 1170
156 20727
2 2
17 95
10 1537
4 12
163 691
64 4782
2 2
182 6201
3 1999
4 12
166 6029
7 56
2 2
351 3675
1 5
3 12
18 18
166 9337
37 9789
9 3500
2 2
5 67
9 2257
2 2
2 287
9 588
44 3669
31 9797
2 2
1 5
18 1460
768 54336
2 286
16 23
29 1610
34 413
43 162
22 93
43 162
4 89
2 588
4 89
10 118
137 627
12 26
13 34
2 3
699 39050
38 3414
3 9
9 29
1119 11062
13 28
5 5
38 3414
8 112
29 1360
1 4
230 18088
3 3
4 10
125 2552
3 5
6 6
1 5
690 3529
4 289
35 95
6 28
29 1360
2 2
28 3074
12 309
16 29
29 1839
3 6
16 1537
5456 58670
2 2
1757 20874
4 72
6 24
3 3
1 6
5 65
1903 834373
29 73
6 35
1 13
41 9797
3 5
13 466
8 15
56 2720
23 4880
3 8
10 12
2 3
6 588
66 205707
27 13295
1 2
10 73
5 9
6 14
44 6770
8 868
6 14
3 8
87 6862
32 1610
16 1537
11 32
8 8
9 31
152 260
40 1975
29 1610
4 289
3 3
14 321
63 4781
8 15
2 2
219 18422
3 35
524 33008
6 3994
8 13
17 39
3 79
3 3
48 82
28 1839
1 5
2 5
229 82929
1752 834373
288 9599
10 32
4 18
3 3
602 162150
6 588
31 630
2 287
10 12
4 7
16 59
1 6
3 3
44 2878
208 19393
5 12
3 1999
261 16385
10 2662
17 59
2 5
11 588
67 2254
1 5
8 9
7 12
69 9688
131 1221
2 2
1 64
141 14425
4 289
3 3
10 45
135 12667
6 14
2 2
9 31
5 10
34 73
6 6
53 2237
4 304
17 39
97 4507
8 8
6 588
22 1769
5 17
27 493
1 286
1 9
3 33
1232 44569
15 36
46 4776
206 12665
2 2
2 5
6 6
4 297
358 35971
7 33
85 3198
29 1610
26 1293
3 12
16 1537
1752 834373
2 5
1758 29134
3 3
1 588
5 114
12 309
16 1857
2 2
4 2074
3 18
58 4781
2 5
5 7
38 3414
138 641
18 40
4237 21354
96 2849
1 5
44 6770
9 309
64 2251
141 12667
2 5
2 2
5 294
1102 39833
32 183
15 321
3 6
8 581
626 162150
6 301
1 5
1059 11062
42 105
8 312
3 3
3 3
3 3
4 297
14 321
4 6
15 321
15 89
3660 330522
27 517
29 1360
44 2878
2 885
135 12667
2 21
15 941
22 144
3 288
428 29409
3 5
6 588
3 3
13 34
16 1537
27 517
5 7
494 5155
1 3
5 10
66 6795
15 92
5 10
2 3
16 93533
7 595
4 7
2 288
7 12
5 10
33 1610
14 22
4 5
25 3500
3 174
23 1768
13 588
11 82
3 5
53 7456
5 290
4 12
35 95
3 3
51 3488
2 9
5 12
4 12
25 941
3 18
5 12
3 5
22 144
3 3
2 2
3 3
15 89
2 34
58 4781
64 2251
6 22
3 3
2 6
189 13610
326 3529
11 1703
6 297
301 9905
2 21
1 9
2 2
2 2
7 312
15 597
16 1537
38 3414
3 5
35 95
1 5
15 36
9 300
1 588
11 102
11 20
7 597
2 2
8 1528
5 6
3 3
4 52
2 11
58 2244
1 59
19 608
18 144
2 3
9 31
10 34
3 3
12 32
178 633
3 8
1 5
206 12665
3 3
3 3
1059 11062
4 36
3 18
3 288
3 297
291 2819
3 3
13 1769
4 14
5 5
139 10993
11 32
16 1857
4 12
692 17878
2 5
9 588
291 2819
10 23
2 286
7 8
3 12
15 321
8 56
15 95
30 1610
13 13
2 3
2 2
2 3
3 5
64 2251
4 12
3 6
3 3
2 2
10 588
26 2764
2 11
246 17425
125 2552
300 2819
13 588
125 2552
10 1805
15 885
3 288
1 12
5 303
16 2829
118 12666
45 4458
5 294
2 5
4 296
9 868
768 54336
6 304
1 6
27 10873
27 10873
171 13610
690 3529
4 12
38 3414
3 3
3 2872
58 4781
28 1839
4 938
3 288
6 304
2 2
645 4103
6 19
85 3198
1 588
3 3
1 288
690 3529
6 301
3 3
9 2074
318 2819
3 54
7 309
26 2764
1 6
12 27
2 2
9 9
5 12
6 304
2 588
4 289
17 4017
6 6
6 3994
15 1172
26 673
6 3994
324 1760
9 31
3 18
7 12
6 7
12 2081
1 12
91 10517
7 10
19 638
5 10
10 588
3 3
22 144
3 288
182 6201
2 5
28 3075
33 4830
45 3426
85 3452
4 289
2 2
7 301
2 2
3 3
4 89
3 17
3 6
3 3
4 72
3 3
11365 334017
219 18422
3 290
1 3
1 76
273 1282
3 6
5 303
3 36
2 2
3 3
61 3719
29 1360
5 9
2 288
29 14797
9 12
13 588
15 327
3 5
3 5
96 14218
3 12
17 1449
1 3
1 269
1051 37169
2 2
4 72
277 9857
27 10873
1983 707385
5 10
277 7896
5 11924
4 289
15 36
10 32
5 304
1 949
521 11181
27 517
3 12
82 6320
502 36841
6 14
1 2
12 31
2 301
3 15
12 2584
109 14802
28 923
10 300
28 1839
8 581
1 2
336 3000
5 10
6 304
4 7
30 6143
5 12
1 58
2 2
27 13307
34 73
13 588
7 12
8 581
5 67
5 7
16 1537
1 303
12 309
3 6
8 10
4 354
194 12665
3 35
3 5
9 309
27 493
4 2065
15 19
4 297
9 29
141 12667
648 4711
3 3
16 29
1070 6134
35 95
14 321
1720 32586
433 1515
29 1360
3 1999
5 885
53 7456
5 10
125 2552
4 297
1 949
11365 334017
662 17878
2 2
78 8873
6 28
2 2
8 595
2 2
2 2
137 627
1 3
82 6320
2 6
5 297
156 20727
3 18
145 3451
15 321
1 5
1 269
13 28
27 10873
5 8
3 288
32 3075
21 1764
65 121979
9 52
5 12
14 314
8 11
15 327
49 4672
11 321
1149 39833
7 11
326 3529
82 6320
8 1528
17 17
13 34
4 6
1 2
8 15
29 73
2 2
4 285
7 16
16 156
51 3488
30 6143
3 3
2 8
2 5
12 290
14 1039
41 9797
3 3
3 3
2 2
4 297
441 33890
45 1039
2 2
4 89
8 581
96 14218
145 3451
23 941
10 1805
8 581
6 22
3 15
2 303
4 4
46 1306
64 2251
3 3
1 5
29 1360
3 89
1 2
19 39
3 6
1 2
12 31
64 2251
11 588
219 20563
398 24927
11 1767
3 304
303 29603
4 4
29 1293
24 53
14 321
8 36
11 588
229 82929
521 146373
2 2
16 1537
1231 44569
1 64
24 1769
2 3
12 312
13 588
304 3325
3 297
2 287
58 2244
1 2
3 18
4 304
1 10
9 31
2 2
2 2
1 588
1 2
6 304
11 32
198 14424
4 1999
15 95
3 3
1 5
3 72
2 2
645 21721
1 5
16 23
30 6143
17 95
7 12
1 2
45 1039
10 46
3 3
25 2230
10 2662
2 5
3 288
2 2
3 3
2 12
183 5298
9 868
521 146373
91 12937
2 5
6 14
5 12
2 2
9 40
34 9789
4 24
8 580
184 14801
2 2
5 17
27 493
123 10994
2 2
1 6
29 34
56 2720
4 11
27 493
1 949
9 31
231 6029
6 301
1 286
16 1537
1102 39833
42 105
1 286
6 304
5 12
1 5
6 24
2 3
2 3
12 31
3 3
1 2
11 1537
64 2829
125 2552
173 17654
5 297
3 9
1119 11062
7 301
3 288
2 4
6 588
16 82
3 3
5 8
10 32
1 2
3 3
3 17
57 204
6 588
91 10517
3 3
4 7
57 204
66 205707
6 10
286 9896
8 10
235 4006
64 4782
27 13283
4 6
2 2
1 3
2 2
3 3
25 3565
5 10
17 26
67 2254
27 13297
6 9
58 2244
20 31
3 3
7 11
390 28784
45 1039
4 6
3 23
92 2849
16 82
3 6
16 23
198 14424
12 31
3 3
3 18
2 2
64 2251
4 297
5 2077
152 378
2 5
768 361975
84 3196
16 93533
5 12
3 3
5 12
1 59
2 2
3 5
10 82
91 10517
16 93533
29 1610
4 89
3 3
16 29
2 8
574 4497
53 2237
40 134008
2 2
31 493
8 12
135 12666
3 5
10 23
29 73
4 12
273 1282
43 162
4 40
5 7
5 15
99 14218
3 3
5 1999
1 588
2 5
15 95
37 9789
3 72
4 4
3 3
8 297
1 22
4 11
24 941
15 321
17 1449
7 588
2 2
808 54341
1752 834373
1 3
3 3
4 1006
16 1769
2 8
2 2
4 4
4 6
1 2
13 949
3 5
1 588
11 329
213 19393
125 2552
3 3
193 574
3 4
27 13309
66 4962
58 2244
5 8
16 1537
7 8
91 10517
2 2
1 296
15 95
11 32
3 12
3 3
5 6
13 56
6 22
1752 834373
128 323
2 3
28 923
157 261
235 4006
303 2819
300 2819
1231 44569
2 2
7 11
2 2
269 9599
2 588
5 7
7 597
6 304
2 2
58 2244
1 2
1 14
3 1999
2 2
11 2074
3 3
20 31
44 2878
9 22
9 33
1 59
1 15
15 327
5 161
1 5
2 2
4 6
2 2
156 20727
13 1293
12 44
14 321
1 9
12 290
84 21516
3 3
3 3
423 17233
6 949
22 1172
4 354
3 3
4 289
9 29
778 11913
1 5
6 7
29 73
3 3
238 82929
4 11
3 35
1 588
16 29
65 121979
156 20727
1752 834373
11 32
4 12
2 2
10 45
1 22
4 297
3 72
9 11
1720 32586
3 27
100 6795
5 8
2 275
35 95
62 1547
3 3
108 202355
14 314
53 8727
7 11
8 581
8 13
450 59181
574 4497
4 304
1 15
28 1839
42 2720
691 3529
1 6
12 290
3 3
4 6
3 288
3 288
9 52
5 6
16 29
3 3
8 581
5 10
13 13
27 493
2 2
653 47853
3 5
2 2
7 7
9 31
8 8
29 1610
1 949
22 1769
301 9905
8 322
189 13610
2 2
2 2
3 3
83 135561
2 2
2 24
118 12666
27 13307
3 288
1937 43060
4 304
1 5
400 5863
6 40
4 6
64 2251
27 13285
1 588
197 16326
4 4
3 3
19 608
3 3
27 493
1 269
26 1769
7 11
2 5
4 5
15 321
5 5
10 45
9 31
2 2
163 691
74 7461
3 18
15 1537
2 2
1051 37169
3 3
22 144
3 66
48 82
12 309
8 12
63 167
3 12
2 588
67 2254
3 3
3 3
15 79
4 289
29 1360
1 64
8 595
7 309
3 3
8 24
4 12
200 17840
28 3075
2 588
58 2244
10 32
6 14
200 17840
4 4
43 162
9 3500
5 11
15 321
1 15
8 24
4 4
1 288
5 10
6 22
8 11
31 6143
5 949
1 10
2 21
3 12
1 12
66 1278
55 2237
3 288
2 2
14 588
2 2
2 9
653 47853
44 6770
2 2
16 1537
24 2764
8 15
15 321
67 126988
3 288
12 31
10 28
8 8
2 11
5 6
1 6
2 24
2 2
2532 32103
3 4
1 4
12 31
2 287
6 71
4 89
662 17878
11 32
3 3
545 4546
1 949
2 3
96 14218
3 3
3 3
6 22
198 14424
5 7
9 2074
46 4776
11 321
288 9599
27 34
1 76
9 360
3 3
7 297
808 54341
124 3452
2 2
1 11
1752 834373
12 2584
3 3
3 3
4 289
151 259
231 6029
10 32
66 6795
3 288
6 22
3 12
7 54
5 67
5 12
13 588
8 15
3 3
4 24
6 6
2 2
273 1282
9 31
3 3
45 1039
58 3452
15 89
2 3
9 10
1 2
3 304
6 304
11 31
2 2
5 6
2 3
33 335
649 4711
3 3
3 9
96 14218
3 6
11 31
11 13
3 26
4 14
87 6862
1 5
2 2
193 574
1 39
45 1039
32 97
33 35
24 1769
4 289
16 82
2 34
65 4782
6 304
1 6
