110 259
2 3
1 5
3 22
2 14
6 13
4 6
2 2
41 2254
82 3451
3 304
5 10
2 2
6 82
9 311
2 3
4 2065
5 10
12 91
1 287
2 8
6 325
4 7
14 3075
77 3675
2 3
4 4
9 2526
7 588
1 48
9 22
2 3
1 64
10 95
112 5326
6 297
4 6
11 28
1 2
3 3
15 1449
1 5
2 12
3 24
42 6795
11 10897
3 22
1 3
16 1360
24 12937
3 14
2 3
5 2074
15 33311
35 14809
2 2
16 40
12 29
10 835
5 10
10 36
23 9797
107 3529
1 5
3 304
8 581
6 300
2 14
5 14
2 2
6 249
15 1449
1 6
42 6795
3 89
1249 106490
3 3
2 3
2 588
4 52
16 398
3 7
27 2244
6 360
13 4962
6 82
13 3488
51 1567
5 14
7 32
27 2244
8 23
4 52
4 52
6 10
8 941
15 4708
2 3
2 2
7 11
2 2
8 12
3 3
2 3
4 5
624 65618
2 4
4 17
5 71
1 5
93 2819
3 3
2 6
4 55
2 2
11 93
1 12
200 4711
178 5157
41 4507
3 588
2 2
4 295
1 15
39 1292
1 269
4 11
2 877
2 3
3 15
12 29
355 11062
2 3
2 3
3 304
11 493
10 3730
3 588
19 9789
2 297
2 9
87 9909
3 12
3 2078
2 24
5 24
33 3452
12 2878
5 14
1 2
5 10
2 3
3 89
2 6
4 314
3 588
264 11913
2 4
7 8
5 11
2 3
3 588
3 3
10 329
4 11
5 41
83 14430
5 2077
3 5
3 3
32 8727
8 581
2 9
198 146373
33 3220
237 162150
4 26
33 3452
5 1742
2 2074
4 20
7 31
1 7
2 2
47 14431
30 3415
20 378
2 2
21 6772
10 1857
2 3
9 325
14 26
1 5
3 15
1 2
4 289
1 6
3 289
3 596
7 105
41 2254
2 2
3 7
2 3
21 6143
7 1558
105 1029
1 3
9 12
59 8861
5 885
2 304
5 12
1 12
1 71
20 378
20 134008
11 478
5 14
20 334
33 2829
5 10
3 14
2 2
4 597
145 580
4 28
7 82
1 5
3 297
5 31
1 35
36 205707
6 6
296 39050
4 21
4 14
2 3
42 6795
2 22
73 2819
103 18426
18 126988
1 588
5 885
3 6
25 8877
96 56859
1 949
95 17117
3 596
149 36841
11 93
4 161
23 95
3 24
2 6
2 3
25 12576
74 2819
1 7
5 6
277 8430
5 300
6 31
2 2
28 726
91 12672
6 325
10 59
10 56
4 941
3 8
3 18
2 2
28 3087
3 89
7 311
11 13295
11 10873
6 2584
6 277
7 54
1 286
1 3
25 183
2 3
2 3
2 3
3 3
33 3452
15 39
5 581
15 144
6 300
1 2
3 1767
2 3
532 80935
3 3
4 7
2 8
9 318
2 8
2 2
104 6029
10 35
2 8
2 3
5 8
1 5
2 10
2 8
9 6839
10 9789
9 1293
3 7
109 29617
2 3
5 10
7 13
83 14430
2 2
4 588
2 27
3 3
16 16
10 329
6 2000
1 287
18 2243
3 596
18 2243
3 304
27 2244
1 9
317 42975
1 2
1 311
296 39050
75 2819
2 2
31 162
2 3
59 691
29 7461
2 3
13 29
208 3529
12 29
6 290
2 2
9 3056
40 6795
3 14
3 8
1 588
17 39
25 167
5 10
3 300
2 8
2 3
59 2855
5 13
159 4528
4 8
9 8179
1 6
12 2878
2 288
17 228
1 2
19 2764
2 58
2 40
82 19393
2 1999
2 3
83 14430
5 6
2 588
338 834373
11 517
5 5
1 855
61 1760
45 3179
6 29
4 11
4 10
1011 62964
9 32
91 3533
2 2
41 2254
145 580
3 22
1 3
1 1996
57 10996
1 6
9 12
10 1857
3 18
42 82
2 588
2 14
4 52
32 1547
3 3
3 33
8 34
2 588
5 12
1 5
2 7
59 691
3 8
2 5
11 13283
20 378
10 1857
23 95
3 3
4 5
4 304
1 8
6 1769
6 1537
6 31
2 12
3 3
8 2074
48 12576
3 18
1 13
8 5613
6 14
3 6
3 3
210 6134
2 3
2 2
5 68
3 5
17 35
11 4672
7 13
9 12
366 54357
7 31
59 8861
41 4507
2 2
2 2
2 3
2 14
17 1839
56 6029
138 28798
2 3
4 6
2 2
4 6
4 17
10 2552
3 89
288 834373
1 5
5 41
3 290
19 3074
2 275
29 12673
2 58
11 517
7 10
5 3994
3522 334065
6 7
16 97
9 95
2 3
5 21
288 834373
118 261
3 3
3 12
1 303
4 1769
11 3415
10 941
2 6
106 122758
2 859
2 3
87 9909
2 29
1 5
2 2
36 205707
2 5
2 2
7 31
3 3
2 2
3 588
5 7
6 301
5 31
15 39
17 39
6 29
19 927
3 9
11 493
5 10
2 6
23 6433
1 311
118 19963
4 289
6 6772
1 20
4 588
95 17117
10 329
1 288
6 6
10 95
154 1853
3 72
2 3
30 2237
4 17
1 3
95 1282
1 6
2 6
4 1999
2 3
18 18
2 2
44 2251
1 4
2 2
1300 58680
6 82
7 31
14 4672
21 2878
12 29
59 6320
2 3
14 89
5 10
2 2
5 39
113 20574
60 3452
3 35
3 3
11 3669
2 588
8 581
5 6
38 2251
3 1999
2 588
23 13730
2 3
1 2
1 5
1 3
8 134
4 4
3 91
72 17654
5 68
31 6772
12 29
4 12
5 7
1 6
11 13295
17 1839
29 12673
1297 58670
17 6143
42 82
6 32
3 35
9 51
6 4651
6 14
742 76790
8 581
2 3
3 4
6 32
20 1172
5 885
41 1292
98 15472
2 3
4 4
5 14
5 6
2 3
1 883
2 52
2 3
2 5
4 5
2 8
2 3
2 3
2 303
1 6
48 12576
3 6
19 1769
2 2
1 6
5 11
92 19393
3 11
9 31
4 2065
2 2
2 3
338 834373
16 1360
6 295
4 588
12 91
6 34
177 146373
9 51
5 14
7 300
24 4696
2 3
12 29
5 304
22 7461
9 13
7 588
1 24
4 11
2 3
1 5
33 3220
33 2829
107 3529
9 325
63 629
3 8
32 162
1 5
15 144
7 868
432 21721
4 5
3 3
1 2
104 6029
1 2
2 3
2 5
6 4708
3 9
2 2
20 134008
9 3056
5 588
32 3198
3 12
5 2074
1 949
5 11
7 32
275 24303
5 5
3 89
2 2
7 12
28 12937
73 2819
6 325
5 14
8 1537
1 26
11 517
1 2
2 3
7 325
3 54
6 32
4 6
3 12
6 32
10 327
6 325
3 304
6 1703
1 6
2 5
1 58
481 32586
8 34
8 2074
283 24319
10 95
22 1610
67 2552
10 1857
4 14
10 95
5 2074
4 4
45 3179
2 29
3 72
14 1360
38 2251
30 2237
1 3
2 3
2 304
3 14
2 2
1 74
2 3
1 855
2 3
138 4711
25 150
1 15
5 595
14 4672
206 17878
15 5456
29 7461
3 18
21 2878
119 11913
33 3452
1 58
7 10
1 3
2 4
331 36897
22 9689
8 34
4 4
7 25
67 2552
22 4785
2 297
159 9876
17 35
4 5
63 2819
1 11
21 673
22 34
104 6029
6 325
12 29
5 6
2 3
5 10
59 691
41 202355
6 868
6 588
1 297
61 1760
2 3
3 304
2 3
9 325
6 29
18 126988
33 2829
6 82
1 4
5 11
2 6
3 36
1 5
1 76
1 6
5 581
5 7
11 13319
288 834373
2 6
15 1449
2 2
6 868
2 3
6 6
3 28
21 167
44 20727
19 2246
2 2
16 1769
3 304
2 3
3 588
3 288
3 6
1297 58670
3 2074
2 288
2 14
3 24
1 5
2 588
41 4507
4 5
1 34
8 885
2 24
4 288
2 3
7 311
1 3
17 34
3 588
2 12
3 5
6 24
159 4528
6 156
2 2
2 14
1 891
29 12673
10 118
32 8727
1 2
2 2
41 4507
1 59
2 14
4 5
10 56
295 80618
7 12
6 24
88 82929
4 949
2 3
3 178
11 93
2 2
2 2
3 7
2 1999
5 8
46 3719
4 5
2 2
275 24303
67 2552
1 288
5 31
25 167
24 12937
2 2
2 2
8 96
3 18
288 834373
8 8
4 278
2 3
3 1999
6 29
2 3
3 3
10 36
27 1769
2 4
7 588
4 11924
21 2878
83 14430
1 3
23 9797
3 5
1 5
11 13297
2 3
26 1894
4 4
3 3
1 2
2 3
33 2829
2 2
110 13392
35 2552
2 304
1 13
4 289
1 9
4 941
1 76
3 3
2 588
2 2
2 8
3 22
9 311
8 34
1 10
122 16389
5 885
6 29
3 18
1 588
5 2074
2 297
8 8
63 2819
3 3
9 3056
3 4
1 5
29 12673
3 58
1 2
4 67
3 288
4 7
1 3
38 12674
124 9603
3 304
5 304
4 9
1 286
2 288
6 6772
5 581
9 603
2 3
22 9689
11 325
10 56
2 22
32 5092
10 1857
30 2237
8 581
5 10
2 2
3 3
2 5
1 64
44 2251
2 3
1790 102057
2 3
4 1999
9 6839
2 304
13 3488
111 260
122 17840
355 11062
4 325
87 9909
10 36
9 95
3 17
21 167
9 144
21 1039
6 290
22 1306
1 2
2 2
3 304
6 301
288 834373
10 2829
3 1768
1 5
2 297
3 3
38 12673
5 6
5 588
11 517
69 6201
2 3
11 93
8 2080
5 12
11 13283
366 54357
122 19409
11 13309
3 7
2 2
5 10
10 36
5 7
500 20874
72 17654
5 68
23 9797
2 8
2 2
6 580
16 1360
11 3415
19 73
17 8874
2 288
1 6
1 5
47 12674
4 9
2 2
1 58
1 13
59 55413
40 6795
1 588
5 10
5 588
3 3
3 596
2 5
3 18
3 354
2 288
296 39050
3 3
1 6
5 304
2 6
5 71
16 1360
2 3
91 12672
3 12
2 3
71 9909
20 1172
3 9
2 2
2 2
15 144
2 3
3 14
2 21
2 3
3 12
1 2
107 9603
7 32
1 588
15 90
1 2
5 17
1 855
32 8727
4 4
2 14
7 31
9 325
2 9
1 4
2 72
9 588
5 5
1 5
75 2819
2 3
2 2
4 278
4 278
41 217152
11 493
113 260
2 2
40 6795
2 3
2 28
26 7461
7 64
1297 58670
26 1894
1 64
452 20704
9 2257
10 95
9 598
5 10
3 3
19 19
2 5
17 608
3 3
3 3
4 240
3 12
103 18426
3 89
3 3
4 11
4 11
5 10
44 2251
9 1180
2 297
4 17
50 20727
4 4
5 15
3 3
86 2930
16 1769
6 2662
4 304
5 5
12 1610
5 12
3 18
3 89
6 32
2 3
11 28
2 5
3 3
15 144
14 26
3 14
7 31
6 13
5 7
17 3488
3 3
32 1547
1 9
2 297
21 6772
3 7
3 8
2 288
21 2878
7 32
71 9909
3 304
4 7
95 1282
19 9789
3 3
2 5
3 12
2 3
1 20
3 296
2 3
44 2251
11 93
2 2
1 5
1 6
3 5
91 3533
3 885
4 325
2 28
2 3
12 29
3 3
1 9
32 162
3 12
3 304
59 323
1 301
1 2
3 3
21 1039
1 3
1 588
6 2662
15 1449
2 79
2 2
9 2257
11 7952
2 24
37 5113
1 17
2 3
644 241035
1 5
481 32586
27 2244
9 8179
2 3
22 9689
6 32
4 304
32 162
69 6201
118 4497
3 3
3 304
11 13295
25 5904
44 2251
8 581
3 290
79 17432
2 3
5 14
10 36
2 3
6 31
3 12
3 3
10 588
11 13297
1 6
372 10474
1 64
3 28
52 10997
9 387
208 3529
1 6
118 7900
6 1537
5 5
2 288
3 289
1 2
35 3220
9 28
5 60
2 2
2 3
25 5904
154 1853
33 2829
3 304
5 9
9 2764
1 5
3 29
4 55
1 6
2 1709
3 7
2 304
4 67
8 7952
3 588
2 288
2 588
1 2
4 6
6 31
19 73
75 2819
33 3452
4 12
7 31
2 3
4 33
2 3
4 8
177 146373
63 2819
2 14
6 2584
12 4708
6 360
3 14
18 9797
60 3452
4 325
5 595
2 2
2 2
145 580
6 22
13 59
5 5
3 8
1172 32111
91 3533
23 135561
3 3
16 1769
2 304
288 834373
23 135561
2 2074
10 95
3 3
4 10
15 4708
365 37169
7 10
6 12
3 3
8 466
7 7898
2 2
2 286
79 79
59 8861
2 14
2 3
15 144
3 4
5 21
12 174
3 1094
1 2
3 596
2 3
3 3
2 2
3 588
4 289
45 3179
17 17
15 6752
3 72
25 150
2 3
4 14
2 3
2 3
5 1537
11 13307
9 28
4 52
2 2
2 3
3 596
8 22
4 11
6 156
2 4
20 1520
1 3
2 2
6 32
26 1894
2 2
6 6
2 588
6 1703
135 18505
91 3533
1 5
3 7042
4 6
4 289
3 8
10 1857
11 13297
5 17
114 261
24 12937
2 1999
11 28
2 288
2 2
3 8
2 2
2 304
2 2
4 311
27 4410
10 329
6 1537
2 3
3 89
19 1769
21 6772
5 11
2 3
4 304
22 1610
1 3
4 588
4 12
3 596
1 2
9 9
1 311
3 3
2 2
742 76790
2 2
5 10
11 93
12 29
2 3
15 927
1 11
3 588
8 2080
3 12
1 2
4 33
50 13615
4 24
2 2
279 11181
9 318
3 89
2 2
206 17878
17 8874
18 1766
3 3
5 581
7 10
132 35971
47 14431
10 1857
104 4497
5 10
4 304
3 304
1 2
3 54
11 13319
1 269
33 3452
2 72
288 834373
10 95
8 23
2 2
6 156
2 5
2 3
22 4785
6 32
1 68
2 3
2 3
3 588
2 3
1 588
33 3452
1 5
1 2074
87 9909
7 588
11 13321
6 311
481 32586
1 64
1 6
1896 407594
6 31
9 12
9 8179
3 5
2 3
1 3
23 1520
1 2
2 72
11 493
11 4787
2 6
1300 58680
1 13
338 834373
7 31
1 10
2 3
5 10
7 13
21 2878
16 97
1 855
9 325
6 597
2 1999
3 3
1 301
2 3
3 3
3 8
17 323
5 588
5 24
2 2
15 6752
14 26
6 32
231 156890
6 6772
15 1449
33 3452
30 2237
8 868
12 29
32 162
5 10
6 325
10 36
44 2251
1 64
6 32
2 2
3 3
50 13615
7 32
167 5519
4 4
6 1537
1 2
4 55
3 6
18 71
4 33
3 289
5 311
4 52
3 596
3 6
17 339
17 1830
32 3198
1 2
10 95
210 3529
3 58
2 304
2 3
9 325
4 314
4 18
3 3
3 3
2 8
7 7898
2 67
25 7456
11 493
4 1999
45 10517
18 4786
2 2
3 354
20 378
3 12
122 3325
7 32
69 13615
33 2829
22 7461
6 32
1300 58680
120 18092
11 13283
2 2
12 1608
2 40
6 2662
21 2878
11 73
2 588
8 23
25 150
2 3
1 76
4 2142
1 288
11 13297
25 7456
31 162
6 82
4 12
2 3
56 6029
2 3
22 334
3 326
4 297
2 3
7 311
28 63
2 3
3 14
4 4
59 55413
4 297
2 2
2 2
12 5168
11 493
17 1293
3 13
279 11181
1 2
157 12233
2 3
6 6772
1 5
3 18
9 2362
11 10897
6 581
3 290
11 13295
237 162150
17 32
2 3
2 2
12 29
5 590
6 360
1 6
3 12
10 329
2 21
2 1709
3 9
12 1610
9 2764
14 4672
9 1610
6 1703
1 5
366 54357
3 290
9 13
6 154
9 51
3 12
7 311
2 6
1 39
91 3533
83 14430
3 8
20 13262
1 3
6 3994
3 3
11 10897
2 9
1 855
105 1029
3 44
2 3
4 19
2 297
2 14
15 32978
3 9
15 1449
3 354
4 13
6 6772
2 3
1 5
29 12673
4 6
3 4
3 304
3 6
10 941
3 8
72 17654
9 1293
4 11
1 5
1 9
2 2
122 9876
5 10
6 297
2 2
1 28
3 3
2 3
2 6
8 55
59 6320
1 1293
5 17
2 3
2 297
1 9
6 301
1 5
12 145
2 1999
7 32
5 2029
2 588
2 3
4 7
4 89
2 2
1 2074
3 22
9 2764
8 2686
17 179
15 71
8 55
2 297
2 4
1 7
2 2
4 24
3 7
1 6
5 10
4 7
41 4506
18 4786
11 493
19 698
183 629071
10 903
8 23
3 289
5 14
2 3
4 9
17 1360
4 11
7 31
3 12
3 89
1 10
21 1039
6 360
25 920
3 3
3 18
4 33
2 8
1 6
2 3
14 927
11 2231
1 5
11 13307
2 2074
20 3452
1 6
42 6795
4 52
3 3
2 288
1 3
138 4711
2 304
4 596
3 1006
12 2552
5 304
3 18
6 14
372 10474
1 3
5 114
454 39833
3 7
163 1853
5 304
1 13
6 156
8 23
208 3529
4 10
4 52
2 22
2 2
2 304
3 588
1 3
17 39
34 323
1 3
6 301
9 144
216 33024
4 354
3 3
1 301
58 20727
3 1767
3 3
3 354
2 3
1 3
338 834373
1 12
2 21
38 2251
25 4785
13 134
3 4
6 22
96 1853
15 183
2 3
2 588
6 6
2 588
77 3675
3 22
2 3
2 3
1 855
31 162
3 6
1 269
111 260
17 66
1 588
1 855
5 297
25 167
3 89
33 2829
10 1857
26 8727
3 3
5 10
15 1449
11 144
2 14
17 35
2 10
9 31
6 1528
19 1769
17 6143
1 5
2 2
319 54352
76 747
3 13
3 89
2 60548
279 11181
2 3
2 150
87 12672
3 3
2 9
5 7
50 13615
33 2829
73 633
2 2
11 13307
7 32
32 8727
4 20
23 9797
4 289
46 3719
12 2878
331 36897
92 12672
1300 58680
3 1999
14 3075
23 95
11 17
7 32
6 15
2 3
9 325
2 3
3 3
38 2251
1 12
1 2
21 673
178 5157
1 5
3 6
5 6
124 9603
11 10873
17 39
59 2855
6 290
9 8179
338 834373
14 28
8 1604
10 2552
1 2
1 27
3 14
2 3
5 15
16 398
3 588
8 35
3 3
12 29
118 7900
18 4786
2 3
15 1449
3 4
37 249
2 288
3 304
10 329
2 2
8 1602
12 1610
18 4962
5 56
31 162
44 2251
1 289
8 868
2 3
2 2
23 9797
6 31
2 2
3 5
6 297
14 89
1 7
3 3
2 6
2 288
1 12
2 2
1 297
4 288
15 90
4 11
27 378
4 89
2 2
15 3429
2 588
9 8179
6 31
2 44
1 949
1 71
3 5
2 3
2 2
2 2
17 3488
32 3198
2 588
14 89
2 3
2 2
29 121979
3 3
1300 58680
10 327
3 1768
1 1999
96 56855
2 3
2 2
44 2251
82 19393
15 6752
10 329
12 3500
58 20727
372 10474
4 11
4 8
24 4696
1 6
16 31
8 8
3 89
1 64
2 2
3 289
7 31
15 1449
11 4880
2 29
8 22
3 9
11 493
4 5
4 941
2 12
3 304
42 6795
11 2764
4 304
26 8727
1 3
3 6
25 5904
23 135561
5 588
3 22
5 6
2 2
3 296
1 4
8 8
5 1768
9 92
16 1769
4 27
12 603
1 6
9 51
3 18
20 378
2 588
6 22
2 3
1 21
2 2
1 26
11 517
3 304
12 2552
2 137
1 287
6 34
4 11
9 3147
5 8
1 5
5 22
24 12937
13 478
3 304
3 28
5 31
2 2
7 32
1 3
1 588
2 297
6 14066
2 2
14 927
8 23
1 35
2 2
8 2080
366 54357
2 297
3 18
4 7
75 2819
8 52
2 3
1 6
26 1894
2 588
1 91
27 2244
2 3
32 18320
4 6
107 3529
2 2
4 112
2 588
2 3
3 3
11 493
3 3
2 2
73 1853
4 2065
8 581
2 2
2 1999
3 14
5 17
3 89
3 3
2 3
3 89
11 13285
2 3
22 1610
8 34
372 10474
237 162150
2 2
2 588
2 2
1 2
2 2
1 5
2 2
306 836111
3 18
118 15538
2 3
2 3
19 1610
3 3
19 195
12 2878
24 12937
2 5
2 4
3 3
9 6839
1 35
2 2
1 588
3 7
26 6839
210 6134
5 12
109 13384
14 638
1 2
1 64
7 10
11 10873
8 12
59 6320
9 95
1 2
1297 58670
75 2819
24 12937
19 636
2 5
2 2
6 24
5 9
7 31
6 301
10 56
6 12
8 23
29 14218
5 10
12 4708
26 7461
2 5
3 290
1 14
1 25
3 326
4 4
2 2
2 3
114 261
3 3
210 3529
3 6
2 5
1 2
12 29
6 2030
2 2
1 64
4 10
16 16
3 9
6 1769
7 588
12 8634
7 31
4 941
1 3
9 95
1 2
3 89
3 4
6 290
2 3
21 1039
4 314
21 2878
9 325
1 588
8 23
2 14
3 7
6 868
3 9
87 9909
1 5
1 9
29 14218
1 7
3 289
1 3
4 6
3 7
3 296
11 10873
7 588
1 5
2 61
4 24
13 3488
9 92
118 19963
5 311
11 493
5 7
6 14
3 14
2 588
3 35
3 17
4 67
94 13615
1 14
2 2
468 20146
18 105
207 4546
10 1857
5 595
11 2764
3 3
2 588
4 12
1 588
4 8
2 3
177 146373
2 7
3 3
1444 330549
2 2
1 22
6 6
6 301
3 3
42 6795
4 11
23 9797
3 354
5 10
3 3
9 325
1 301
6 290
75 2819
2 588
3 7
2 3
49 1760
3 15
3 8
1 2
3 24
29 12673
1 4
1 949
5 297
6 3994
6 31
15 144
3 3
17 608
208 3529
11 10873
6 325
3 354
2 2
2 304
2 275
2 2
12 29
2 33
2 3
4 1528
41 120451
10 329
2 2
2 2
1 5
1 588
82 19393
4 4
63 629
11 2764
5 54
7 581
2 3
7 32
2 12
5 1742
4 11
2 1999
5 2077
6 10
10 1857
1 949
1 5
306 836111
2 588
7 868
3 19
2 2
7 32
7 31
11 93
742 76790
58 4006
37 249
3 288
15 1172
2 588
11 10897
6 10
4 21
3 326
6 12
25 2755
120 18092
27 2244
2 2
3 36
8 8
2 2
2 3
1 301
1 3
138 4711
600 48225
3 3
40 6795
9 311
16 38
1 2
177 146373
118 4497
2 288
3 3
120 20574
3 18
3 4
5 5
2 2
5 581
4 11
2 6
1 20
5 17
2 5
6 7
3 588
2 3
9 325
6 54
448 51956
22 9689
2 22
2 588
122 3325
4 354
104 6029
2 7
32 162
9 8177
11 10873
15 71
8 12
1 64
2 3
4 289
2 2
6 277
1 9
4 33
3 596
3 22
6 581
2 3
7 31
2 3
1 855
3 3
3 22
2 3
38 12674
9 2526
11 493
2 2
2 2
1 5
6 1703
4 10
124 9603
4 2065
4 21
82 19393
10 941
48 12576
3 3
2 288
1 1656
2 2
11 3415
3 17
17 1839
3 89
7 31
2 3
4 4
59 8861
2 3
8 1604
58 633
11 493
3 29
9 325
1 64
8 581
2 297
8 1604
8 1039
4 2074
2 588
1 12
1 9
12 144
27 378
1 6
3 12
2 3
12 29
23 95
9 8177
3 304
10 941
2 3
1 885
1 5
5 581
19 26
7 325
1 297
3 326
3 3
5 10
1 5
183 629071
1 64
6 28
5 31
2 2
2 7
2 885
4 8
3 89
279 11181
5 44
288 834373
6 1703
319 54352
6 82
8 5613
9 31
4 11
366 54357
1 33
3 9
103 18426
20 1769
1 588
9 31
1 5
11 93
4 304
7 32
5 581
6 6
2 28
9 92
2 3
33 3452
8 52
7 311
52 10997
47 1029
5 8
1 287
10 13
123 16397
4 588
110 259
15 1449
2 2
5 304
2 14
41 4507
279 25703
116 122329
1 588
82 3451
10 588
21 2878
22 2720
2 3
5 11
5 22
3 7
104 4497
93 17117
4 52
5 41
4 949
14 3075
92 12672
19 35
2 297
5 304
2 3
230 51201
17 608
5 10
3 354
4 949
11 28
1 15
2 3
41 217152
2 588
2 2
40 12673
1 9
119 16397
2 3
5 1768
372 10474
9 22
1 588
20 378
10 311
6 297
10 588
1 14
3 289
2 2
103 18426
32 8727
1 64
122 17840
38 2251
27 2244
28 726
3 6
104 6029
1 588
5 304
5 8
30 2237
9 144
8 34
4 354
1 5
3 65
1 588
2 58
2 9
3 588
2 2
297 47853
2 3
74 3533
6 14
29 14218
2 3
6 31
3 18
2 3
15 3429
3 3
3 2074
9 9
7 46
7 54
2 588
2 3
1 588
2 2
2 5
21 1839
124 9603
9 6839
2 6
9 144
3 304
2 588
3 12
2 2
4 14
118 7900
3 12
16 183
149 36841
15 4708
11 493
5 10
1 294
3 3
62 3472
2 2
3 290
2 2
2 2
15 39
7 31
5 2080
11 493
2 3
17 6143
22 2720
2 288
2 2
7 868
11 13297
7 12
3 22
97 7185
1 2
5 581
42 6866
2 34
2 3
5 10
4 11
14 927
6 13
3 8
5 883
2 9
12 58
11 13319
6 1769
5 10
2 2
7 581
2 2
7 31
23 12937
20 378
1 2
2 4
1 22
8 91
5 14
1 269
4 2074
59 323
32 8727
6 301
32 8727
4 2074
1 287
16 34
32 13323
2 2
17 66
4 4
4 4
2 8
2 296
107 3529
5 14
3 5
2 2
2 2
4 5
2 4
7 2576
29 121979
4 6
3 6
3 15
1 588
10 835
1 3
24 12937
5 5
63 2819
1 2
181 29417
5 6
10 36
12 17
1 2
7 11
3 304
5 56
6 4708
15 6752
4 52
11 493
15 1449
2 288
7 31
2 5
1297 58670
2 297
1666 21362
118 19963
10 311
2 6
4 4
122 9876
4 8
20 334
15 1449
33 3452
67 2552
6 2662
18 4786
17 95
3 180
8 2080
23 95
4 11
59 8861
4 289
3 5
6 300
3 3
21 1039
2 2
9 325
42 6795
1 588
3 3
1 588
27 2244
2 288
2 288
23 95
3 588
8 581
8 1039
58 20727
10 4017
6 4708
264 11913
3 8
4 1769
17 35
2 288
122 17840
7 588
2 3
1 2
3927 334065
79 79
9 51
1300 58680
171 29417
1 588
3 3
11 10897
3 3
61 3474
322 54357
9 2362
2 3
17 4787
58 20727
5 31
3 304
8 297
27 2244
4 6
1 5
3 14
6 7
29 335
8 23
44 2251
6 941
14 26
2 297
3 289
2 21
3 11
6 13
2 3
7 32
23 95
4 55
3 9
3 7
5 10
29 14218
1 855
2 14
2 287
2 21
178 5157
3 3
2 2
1 5
88 1106
3 3
2 4
1 6
2 2
4 4
94 13615
2 297
11 2764
2 3
1 7
6 3994
11 93
149 36841
3 8
8 2080
4 297
2 588
2 3
3 9
7 70
1 14
6 6772
5 294
2 9
3 22
3927 334065
7 597
2 2
15 1449
3 290
1 74
2 14
1 588
2 34
7 32
6 10
110 259
33 3452
149 36841
73 2819
33 40
20 9689
11 493
87 9909
77 3675
2 2
9 8179
1 6
17 1839
3 304
122 17840
4 5
2 112
2 14
2 29
4 6
2 3
83 14430
23 95
67 645
2 3
5 10
6 32
23 95
3 18
1 2
1 2
12 1610
2 3
4 10
2 2
14 26
9 95
11 3415
3 66
82 3451
338 834373
10 36
1 949
6 941
3 12
3 5
4 313
6 360
20 1172
58 4006
3927 334065
22 413
138 4711
9 95
206 17878
14 89
1 3
97 3054
2 3
9 51
7 33
9 134
11 13321
11 1172
4 6
22 1610
22 249
29 14218
17 1839
414 20874
10 329
3 3
32 1547
264 37169
58 20727
10 95
5 1537
59 691
18 4786
7 31
69 6201
1 1999
3 4
56 6029
5 56
1 2
77 3675
1 5
18 18
66 9341
19 9789
7 3500
2 2
4 67
9 2257
4 588
5 10
11 3669
18 9797
1 2
3 12
17 1460
319 54352
8 23
22 1610
22 413
31 162
11 93
31 162
3 89
2 588
3 89
10 118
63 629
4 30
2 3
296 39050
23 95
13 3415
335 11062
4 5
13 3415
2 112
16 1360
11 10873
120 18092
8 581
3 10
67 2552
11 13309
2 3
2 2
39 1292
2 5
10 4591
6 24
6 6
1 5
208 3529
4 4
6 13
4 28
4 4
16 1360
11 10873
2 2
19 3074
7 311
12 29
18 1839
3 6
8 1537
1297 58670
2 2
500 20874
3 72
3 3
4 65
19 73
3 35
1 13
23 9797
2 5
6 15
22 2720
279 11181
1 76
2 8
7 12
1 12
2 3
2 2
4 588
36 205707
3 12
2 2
2 3
1 2
2 2
8 73
15 39
1 287
5 9
4 14
6 6772
8 868
3 14
3 8
7 17
42 6866
10 1610
6 1537
21 1975
22 1610
6 325
25 4785
1 17
103 18426
1 35
216 33024
6 3994
2 3
11 517
42 82
1 5
17 1839
2 3
1 5
2 3
2 3
9 31
2 2
80 82929
124 9603
2 18
2 588
2 3
18 636
7 12
3 7
3 3
9 59
8 10380
21 2878
82 19393
5 12
2 1999
122 16389
6 2662
10 59
2 2
2 5
5 588
27 2244
2 9
306 836111
6 12
2 3
22 9689
17 1839
1 76
28 1221
10 95
1 64
47 14431
9 45
38 12674
4 14
19 73
2 3
30 2237
3 304
2 588
2 2
19 1769
1 286
1 9
3 33
463 44569
11 4780
92 12672
2 2
2 5
2 297
132 35971
59 2855
4 33
32 3198
22 1610
9 1293
2 14
8 1537
4 4
2 5
475 29134
1 588
5 114
7 311
10 1857
2 2
1 2074
22 4785
2 5
7 32
3 7
13 3415
67 645
1666 21362
60 2855
1 5
6 6772
6 31
1 311
47 12674
1 5
2 2
5 294
1803 407339
382 39833
16 183
2 6
258 162150
4 8
4 301
355 11062
18 105
4 314
2 3
2 2
2 297
8 8
7 325
4 6
2 288
11 325
14 89
6 32
16 1360
21 2878
2 885
38 12674
2 21
10 941
15 144
2 288
181 29417
1 5
3 3
4 588
6 1537
3 7
5 10
237 162150
178 5157
110 259
1 3
8 34
42 6795
1 3
9 93533
5 595
1 7
3 289
1 288
3 18
7 12
288 834373
12 1610
6 22
4 5
2 2
12 3500
41 4507
5 1768
3 8
7 588
6 82
1 5
25 7456
3 290
3 3
2 3
7 32
13 3488
2 9
5 14
8 941
3 12
2 5
15 144
3 3
3 3
3 3
14 89
2 34
22 4785
288 834373
3 22
1 3
2 6
2 2
69 13615
107 3529
6 1703
44 2251
6 297
87 9909
2 21
2 288
2 2
4 313
2 3
7 597
8 1537
13 3415
5 10
2 5
5 10
5 300
1 588
5 102
1 14
9 22
4 597
2 2
4 1528
5 6
3 3
4 52
1 13
1 59
17 608
9 144
9 31
2 3
2 3
73 633
3 8
1 5
8 8
11 13309
92 12672
355 11062
3 3
2 288
1 297
63 2819
3 3
2 2
7 32
4 1769
2 14
3 1170
5 5
65 10996
10 1857
232 17878
2 5
4 588
63 2819
8 23
2 286
3 14
9 325
6 56
9 1610
2 3
2 2
2 3
2 2
279 25703
2 5
5 28
3 5
2 12
1 6
3 588
11 2764
145 580
1 13
79 17432
67 2552
93 2819
7 588
67 2552
3 1805
8 885
2 288
4 303
1 12
9 2829
29 12673
18 4458
5 294
1 5
3 296
319 54352
3 3
2 304
1 6
7 32
50 13615
208 3529
13 3415
21 673
2 2872
4 17
11 493
22 4785
10 4304
2 288
2 304
20 1172
174 4103
32 3198
1 588
10 36
1 288
208 3529
4 301
5 2074
84 2819
3 54
6 309
11 2764
1 6
2 6
9 9
5 12
2 304
1 588
11 493
2 3
6 6
5 3994
3 24
11 1172
3 3
5 3994
61 1760
6 12
5 7
4 2081
5 8
45 10517
7 10
14 638
3 588
12 144
3 288
69 6201
1 5
1 12
14 3075
12 4830
15 3429
288 834373
3 289
7 32
33 3452
6 301
2 2
3 89
1 6
2 2
3 72
5 31
4 19
3 3
3927 334065
103 18426
22 642
3 290
1 3
99 1282
1 6
4 303
1 4
3 3
46 3719
16 1360
4 9
2 288
5 10
15 14797
5 12
7 588
12 327
2 5
3 5
29 14218
2 14
9 95
1 3
1 269
264 37169
2 2
2 2
3 72
124 9857
3 15
374 707385
118 7900
11 27
4 11924
3 304
1 949
3 14
59 6320
149 36841
4 14
1 2
3 17
1 301
6 2584
338 834373
35 14809
2 213
14 927
6 300
17 1839
5 581
1 2
4 4
100 3000
5 304
1 7
17 6143
3 938
2 3
3 12
1 58
19 73
10 588
3 14
3 67
8 1537
3 36
1 303
7 311
2 2
6 10
3 354
80 12672
2 3
1 35
3 5
8 34
1 311
4 2065
10 19
140 571
3 297
1 3
3 15
1 5
47 12674
199 4711
8 8
3 5
3 3
12 29
10 36
23 95
210 6134
6 325
481 32586
2 288
133 1515
16 1360
2 1999
3 885
25 7456
67 2552
2 297
1 949
3927 334065
5 10
25 8877
7 595
2 2
2 2
63 629
38 2251
1 3
59 6320
3 24
1 2
2 6
4 297
58 20727
7 31
2 3
82 3451
15 1449
6 11
3 3
1 5
1 269
2 3
9 325
2 288
13 3075
18 1764
29 121979
8 52
2 14
7 318
7 11
12 327
11 4672
4 325
454 39833
279 25703
6 11
107 3529
59 6320
4 1528
12 17
4 6
1 2
3 15
19 73
2 2
2 285
5 16
6 156
13 3488
2 2
17 6143
2 8
9 31
2 5
6 290
8 1039
23 9797
11 13297
1 2
2 297
191 33898
21 1039
2 2
7 31
3 89
2 3
2 3
3 24
5 581
29 14218
82 3451
7 941
3 1805
3 22
2 303
3 3
4 4
2 2
2 3
23 95
22 1306
2 17
16 1360
1 2
1 6
4 289
3 5
5 588
113 20574
192 24935
2 1767
3 304
109 29617
12 1293
10 53
9 325
6 325
1 38
5 588
80 82929
177 146373
8 1537
14 29
3 12
421 44569
1 64
2 2
6 1769
2 3
9 316
7 588
2 3
99 3325
1 297
2 287
1 2
3 304
1 10
2 2
1 2
2 2
2 3
2 2
1 588
1 2
5 304
2 3
279 25703
83 14430
2 1999
2 3
1 72
1 2
1 5
3 18
8 23
17 6143
41 2254
10 95
9 325
6 12
1 2
1 5
21 1039
7 868
2 3
9 46
3 3
11 2230
2 3
6 2662
2 3
1 5
2 288
2 2
1 14
2 2
177 146373
24 12937
2 5
3 14
5 14
6 32
4 40
19 9789
2 3
6 580
2 6
64 14808
3 9
237 162150
2 288
1 5
52 10997
2 2
1 6
17 34
22 2720
4 11
6 29
10 36
1 949
104 6029
6 301
1 286
8 1537
3 5
7 31
1 287
382 39833
18 105
2 2
1 286
5 304
5 14
1 5
5 383
2 3
2 3
2 3
1 2
7 31
11 10873
6 1537
2 3
33 2829
67 2552
72 17654
4 297
335 11062
6 301
2 288
2 3
2 4
4 588
6 82
3 3
1 2
3 3
2 3
30 204
2 588
20 1176
45 10517
3 3
2 7
30 204
36 205707
5 10
70 9900
6 10
58 4006
18 4786
2 6
4 6
2 2
2 3
1 3
7 31
5 3565
14 26
38 2251
6 7
10 36
3 9
16 31
3 3
5 11
138 28798
21 1039
3 3
4 6
3 23
6 31
2 3
6 82
8 23
83 14430
1 6
7 31
3 17
6 32
2 6
6 29
2 297
5 2077
20 378
2 5
9 325
7 31
1 3
319 362035
2 3
32 3196
9 93533
3 12
5 14
5 14
1 59
6 82
45 10517
2 3
9 93533
22 1610
3 89
12 29
2 8
118 4497
7 31
20 134008
2 2
288 834373
11 493
3 12
38 12673
3 5
8 23
19 73
3 12
99 1282
31 162
2 2
3 40
2 2
3 7
5 15
30 14218
4 1999
2 2
2 15
3 24
1 588
2 5
19 9789
1 72
2 2
5 297
1 22
4 11
6 941
9 325
15 1449
3 588
6 32
366 54357
1 3
16 1769
2 8
4 6
9 325
1 2
6 949
2 5
1 588
10 329
89 19393
3 12
67 2552
3 8
2 3
3 4
18 4962
4 4
6 31
6 1537
4 8
45 10517
2 296
10 95
3 14
1 6
6 56
2 3
11 13321
3 22
59 323
14 927
58 4006
73 2819
75 2819
2 2
421 44569
2 2
3 13
2 2
107 9603
1 588
8 8
4 597
5 304
1 2
1 2
2 1999
2 2
3 2074
3 3
16 31
21 2878
5 22
2 33
1 59
1 15
3 12
6 13
3 18
12 327
1 2
5 161
1 5
3 6
2 2
58 20727
9 1293
5 44
6 325
1 9
6 290
32 21516
3 3
163 17241
4 949
3 354
2 3
149 11913
1 5
19 73
11 10873
3 3
88 82929
4 11
1 35
1 588
2 3
2 24
12 29
5 31
29 121979
58 20727
1 14
9 45
1 22
2 297
2 72
4 11
481 32586
1 27
40 6795
3 3
2 275
32 1547
3 3
41 202355
2 2
9 92
7 318
32 8727
11 493
3 18
5 11
2 3
5 581
157 59185
118 4497
4 304
1 15
5 10
17 1839
11 2720
210 3529
2 2
1 6
6 290
3 288
2 288
3 9
8 52
6 11
4 6
3 221
12 29
9 13
10 36
2 2
297 47853
3 5
2 2
3 7
22 1610
1 949
1 6
19 1769
6 13
87 9909
5 323
69 13615
23 135561
17 1839
1 76
29 12673
2 3
2 288
538 43060
4 304
22 126988
135 5863
3 289
13 5168
2 40
4 6
48 2251
7 31
1 588
85 16330
41 2254
17 608
3 3
1 269
20 1769
10 36
2 5
2 5
4 5
7 45
59 691
29 7461
3 174
13 1537
2 2
264 37169
15 144
3 66
42 82
7 311
5 14
24 167
2 2
15 1449
2 3
3 14
2 588
2 3
9 79
16 1360
1 64
11 493
7 595
6 309
14 3075
1 588
9 3442
30 2244
6 31
6 15
4 14
5 7
4 4
31 162
7 3500
4 11
1 15
3 289
2 3
1 288
27 2244
5 10
2 22
21 6143
5 949
3 3
2 21
2 14
30 2237
3 288
2 2
6 588
23 13701
2 2
6 29
2 9
297 47853
23 95
6 6772
30 2237
6 1537
9 2764
5 15
28 126988
6 28
1 13
3 9
2 6
4 289
3 6
2 4
11 13295
5 71
3 89
2 3
106 5326
5 10
207 4546
1 949
29 14218
1 3
2 3
3 22
83 14430
41 2254
5 2074
11 4780
4 325
10 36
2 3
124 9603
16 34
8 34
6 360
6 297
366 54357
59 3452
5 10
2 2
6 2584
3 3
2 24
104 6029
6 29
42 6795
2 288
3 22
3 14
6 54
3 67
5 14
7 588
3 15
6 6
2 2
3 12
99 1282
21 1039
6 31
18 3452
14 89
7 10
3 304
4 304
2 2
2 6
2 3
200 4711
3 4
29 14218
7 32
10 13
2 26
1 14
42 6866
1 5
5 31
1 2
1 39
21 1039
16 97
6 1769
8 34
6 82
2 34
3 18
5 24
18 4786
2 304
8 8
27 2244
