3 22
2 12
2 14
1 3
17 95
43 3451
1 5
6 10873
3 304
3 8
4 82
6 311
1 6
46 261
2 2065
2 10
2 2
96 624
6 91
316 76790
1 8
5 325
5 24
8 3075
10 3675
2 3
3 4
5 2526
2 588
1 48
5 22
2 2
1 64
60 5326
4 297
3 6
11 28
1 2
3 3
1 5
20 6795
3 22
11 28
1 3
8 1360
12 12937
1 14
4 2074
4 33311
2 2
11 14809
2 2
2 24
1 29
7 835
2 10
2 3
8 9797
41 3529
1 10
2 304
1 10
3 300
2 14
2 14
2 2
4 249
1 3
1 6
20 6795
2 89
255 106490
1 3
1 588
3 52
10 1172
11 398
3 7
4 360
5 4962
4 82
4 3488
14 1567
2 14
2 12
3 23
3 52
2 289
3 52
6 13297
1 3
3 10
3 941
8 36
4 4708
6 95
4 11
2 24
6 12
2 5
1 3
2 4
8 1449
1 17
20 2819
3 3
3 55
6 93
2 15
55 4711
70 5157
8 1449
2 588
1 2
2 3
1 15
1 269
1 11
1 877
1 3
3 15
1 29
139 11062
1 3
46 261
3 304
2 588
13 9789
1 3
3 10
2 297
2 9
27 9909
2 12
6 10873
2 289
1 2078
5 31
19 3452
7 2878
2 14
1 2
10 1839
4 10
1 89
2 6
3 314
2 588
62 11913
2 4
7 8
3 11
2 588
71 17878
7 329
1 11
4 41
8 28
38 14430
3 2077
1 29
5 32
1 7
1 5
17 8727
2 3
2 9
77 146373
17 3220
4 26
19 3452
5 1742
2 2074
4 20
1 7
13 14431
13 3415
1 6
8 378
10 6772
8 1857
2 2
11 26
12 39
3 15
1 6
8 36
2 596
5 31
7 105
3 7
3 31
12 6143
3 1558
35 1029
1 3
6 12
1 6
29 8861
3 885
2 304
2 12
6 13309
3 21
1 71
8 378
10 134008
4 478
2 14
18 334
15 2829
2 10
1 14
2 597
7 34
2 28
4 82
1 5
1 297
2 2
1 35
18 205707
6 325
6 6
82 39050
2 21
4 14
20 6795
2 22
22 2819
57 18426
1 588
5 10380
3 885
2 6
12 8877
8 1449
28 56859
1 949
2 18
37 17117
2 596
30 36841
6 93
4 161
7 12576
23 2819
1 7
110 8430
3 300
2 2
3 5
2 2
24 726
2 3
45 12672
5 325
3 278
5 59
9 56
4 941
6 493
6 493
3 17
12 3087
2 89
3 311
3 2584
1 3
3 8
4 277
7 54
99 633
1 2
3 868
1 286
1 3
14 183
2 3
19 3452
3 581
10 144
26 2251
3 300
7 5168
1 2
2 1767
225 80935
2 3
2 289
2 8
5 318
1 8
630 407286
2 2
25 6029
5 35
1 8
2 3
2 2
2 10
1 8
4 6839
6 9789
4 1293
3 7
34 29617
3 5
45 834373
6 13309
38 14430
1 2
2 2
2 588
2 27
7 329
6 2000
13 40
1 287
6 2243
4 2244
4 6
1 3
2 3
2 596
6 2243
1 6
5 31
1 304
2 2
5 32
1 9
49 42975
1 2
1 311
82 39050
24 2819
1 2
11 162
22 691
11 7461
2 3
8 29
42 3529
2 2
6 493
1 3
1 29
3 290
2 2
4 3056
16 6795
2 14
1 588
7 167
2 300
1 8
1 3
3 13
65 4528
3 8
5 8179
1 6
11 2878
2 288
16 228
1 2
9 2764
2 58
1 40
24 19393
2 1999
38 14430
1 588
2 12
1 855
19 1760
16 3179
4 11
1 3
1 3
1 2
240 62964
56 3533
2 22
1 3
1 1996
2 3
28 10996
1 6
6 12
8 1857
31 82
1 588
2 14
3 52
3 10
10 1547
9 5456
2 3
2 3
3 33
1 3
1 2
1 3
1 588
3 12
8 1449
1 5
2 7
22 691
2 8
2 2
2 5
8 378
8 1857
2 3
4 5
4 304
1 8
2 1769
1 5
3 1537
4 2074
2 24
1 3
3 10
20 12576
1 13
3 5613
5 14
2 6
102 162150
45 6134
1 3
2 3
1 3
5 581
2 68
1 3
1 5
4 4672
6 12
2 24
199 54357
29 8861
2 2
2 3
2 14
10 1839
12 6029
56 28798
3 6
3 6
7 34
8 2552
3 31
2 89
57 834373
1 5
4 41
5 581
2 290
2 24
2 3
7 3074
2 275
9 12673
2 58
4 10
4 3994
1129 334065
5 7
9 97
5 31
2 3
63 261
3 3
2 2
1 303
3 1769
2 3415
5 941
2 6
55 122758
2 36
3 31
2 859
27 9909
1 29
1 5
2 2
18 205707
2 5
8 36
2 2
1 5
2 3
2 588
5 7
5 301
11 927
6 13283
2 2
2 6
13 6433
1 5
1 311
23 19963
149 25703
2 289
2 6772
1 20
2 588
37 17117
7 329
6 13295
1 288
6 6
28 1853
3 72
2 17
1 3
1 6
36 1282
1 6
1 6
4 1999
3 8
14 18
2 2
5 71
3 295
1 2
267 58680
1 82
7 4672
10 2878
1 29
33 6320
9 89
2 10
2 2
4 39
1 2
38 20574
27 3452
3 35
3 3
7 3669
1 588
5 581
5 6
3 1999
2 588
2 3
20 2251
1 2
7 34
1 3
1 3
2 134
3 91
5 31
24 17654
2 68
15 6772
1 29
2 12
1 3
1 6
10 1839
9 12673
267 58670
9 6143
31 82
2 3
2 35
4 51
3 4651
5 14
3 10
2 24
3 31
3 10
3 885
1 2
2 3
6 8
24 1292
60 15472
2 3
3 10
3 4
2 14
4 6
2 3
1 883
2 52
2 3
1 5
2 4
1 2
4 5
1 8
2 303
2 3
1 6
20 12576
2 9
2 6
9 1769
1 6
3 11
35 19393
3 11
2 2065
1 2
3 1360
5 581
2 588
2 11
6 91
6 311
5 34
3 6
53 146373
4 51
2 14
1 12
5 300
8 4696
2 3
2 2
1 29
4 304
12 7461
5 13
2 13
2 588
3 3
4 11
1 5
17 3220
15 2829
41 3529
33 629
13 162
1 5
10 144
2 5
1 2
25 6029
1 2
2 5
3 4708
1 2
2 2
2 3
10 134008
4 3056
5 588
1 29
16 3198
4 2074
1 949
3 11
73 24303
4 5
2 89
5 12
13 12937
8 36
22 2819
5 325
2 2
2 14
4 1537
1 26
1 2
3 325
2 54
2 2
2 6
2 12
5 31
1 3
7 327
6 8
5 325
2 304
149 11181
5 1703
1 6
2 5
1 58
156 32586
4 2074
80 24319
6 95
13 1610
32 2552
8 1857
4 14
8 36
6 95
2 2074
16 3179
1 29
3 72
5 1360
12 39
6 95
1 3
2 304
3 14
1 74
1 3
1 855
2 3
22 4711
11 150
1 15
2 595
7 4672
1 3
2 18
2 18
11 7461
10 2878
18 11913
19 3452
1 58
4 10
1 3
6 3442
2 4
80 36897
2 3
2 9689
3 25
5 71
32 2552
8 4785
1 297
2 3
46 9876
55 836111
4 5
9 2819
25 6029
5 325
8 1449
17 95
1 29
2 12
2 3
22 691
18 202355
2 588
1 297
19 1760
2 3
2 304
5 325
15 2829
2 82
5 11
2 6
1 5
6 325
71 17878
2 3
1 6
3 581
5 7
1 6
3 868
3 10
2 2
2 24
3 28
8 28
8 167
19 20727
2 12
6 2246
1 3
1 29
1 3
1 2
2 288
12 1769
3 304
2 3
2 588
2 2
4 8
2 6
267 58670
2 289
2 2074
2 288
2 14
1 5
1 588
4 5
1 3
1 34
5 885
6 13319
3 288
3 311
1 3
6 325
19 642
10 34
2 588
2 3
2 12
7 13
65 4528
5 156
2 14
1 891
9 12673
4 118
7 34
17 8727
1 2
3 3
1 59
2 14
4 5
9 56
163 80618
1 3
5 12
32 82929
3 31
2 949
2 2
1 5
5 31
6 93
1 2
2 2
26 2251
1 7
1 3
2 1999
4 8
16 3719
2 5
2 2
1 2
6 13321
73 24303
13 39
32 2552
1 288
7 167
12 12937
2 2
1 2
4 96
3 1999
1 5
2 3
2 2
5 31
2 3
13 1769
2 4
2 588
2 3
4 11924
10 2878
2 2
38 14430
2 3
8 9797
1 5
1 5
16 1894
3 3
3 10
15 2829
1 7
74 13392
13 90
6 517
19 2552
1 304
1 13
4 941
6 8
7 34
3 3
1 588
1 8
3 22
81 16389
3 885
1 3
1 588
5 31
1 3
4 2074
2 297
9 2819
3 3
4 3056
9 12673
45 834373
3 58
1 2
2 67
1 3
10 12674
60 9603
2 304
4 304
1 4
3 9
1 286
2 288
2 6772
3 581
3 603
1 3
2 9689
8 325
9 56
6 10873
2 22
3 174
12 5092
3 10
8 1857
2 24
2 2
3 3
2 5
1 64
5 31
1 3
623 102057
4 1999
4 6839
2 304
4 3488
4 5
4 4
139 11062
4 325
2 2
1 5
27 9909
26 4507
6 493
5 31
3 17
8 167
3 144
9 1039
3 290
1 3
12 1306
2 2
1 2
3 8
2 304
5 32
5 301
6 2829
2 1768
1 5
2 297
3 3
10 12673
5 588
8 2237
27 6201
6 93
5 2080
3 12
199 54357
24 19409
3 7
2 2
45 834373
5 7
158 20874
24 17654
2 68
8 9797
2 8
2 580
5 36
10 1360
2 3415
6 4591
9 73
6 32
10 35
11 8874
2 288
1 6
13 12674
3 9
2 2
2 289
1 58
3 10
1 13
1 3
33 55413
16 6795
1 588
1 76
5 588
2 2
2 596
2 5
2 354
2 288
102 162150
2 2
2 2
82 39050
2 288
3 3
4 304
4 31
3 11
1 3
14 16
10 1360
3 5
45 12672
39 259
34 9909
6 13321
2 2
3 10
1 2
10 144
1 14
2 2
1 21
2 3
1 2
47 9603
1 588
1 2
2 17
1 855
17 8727
5 581
3 4
2 14
5 31
4 4
2 9
4 32
1 72
3 588
4 5
1 5
24 2819
2 28
18 217152
16 6795
1 3
1 3
2 28
8 7461
2 36
5 64
267 58670
16 1894
1 64
153 20704
8 2257
9 598
4 10
15 19
2 5
10 608
4 240
23 2254
1 5
57 18426
17 95
3 3
2 89
1 11
4 11
5 1180
1 297
23 20727
1 4
5 15
8 36
3 3
20 2930
2 3
8 1769
6 2662
4 304
4 5
7 1610
2 12
2 89
2 5
2 18
4 2244
10 144
11 26
1 14
5 7
5 3488
10 1547
1 9
2 18
2 297
10 6772
1 7
3 7
2 8
1 288
10 2878
26 4507
5 31
34 9909
5 31
3 304
36 1282
11 9789
3 3
2 5
1 288
1 20
2 296
2 3
39 259
3 17
3 10
2 2
6 93
2 2
1 5
5 13
1 12
1 6
1 5
56 3533
3 885
1 325
2 28
2 18
1 29
3 3
2 24
1 9
13 162
2 12
1 3
1 304
19 323
1 301
2 3
1 2
2 289
3 3
9 1039
1 588
6 2662
2 4
2 9
1 71
8 2257
10 7952
23 5113
1 17
39 259
229 241035
156 32586
5 8179
2 9689
1 3
4 304
13 162
2 2
27 6201
26 4497
2 2
2 304
12 5904
2 290
17 17432
2 3
2 14
2 3
2 12
6 588
1 6
1 288
130 10474
1 64
3 28
19 10997
7 387
42 3529
1 6
55 7900
3 1537
6 13297
1 3
1 2
21 3220
2 60
2 2
12 5904
75 17840
3 10
28 1853
15 2829
2 304
5 9
1 2764
1 5
3 29
8 36
3 55
1 6
2 1709
3 7
1 304
2 67
8 7952
4 32
2 8
2 588
2 3
2 288
2 2
8 2237
1 588
1 2
2 289
3 6
9 73
24 2819
1 3
2 2
6 493
5 31
2 24
19 3452
4 12
4 33
1 3
1 8
53 146373
9 2819
6 13295
1 14
3 2584
3 4708
2 3
2 581
4 360
2 14
7 9797
27 3452
4 325
2 595
6 8
2 15
1 2
1 76
2 289
3 22
2 3
6 59
4 5
2 8
56 3533
11 135561
6 13295
12 1769
2 304
11 135561
2 3
1 2074
6 95
2 3
14 673
4 4708
99 37169
4 12
2 17
6 126988
7 7898
2 2
6 92
79 79
29 8861
2 14
2 3
2 2
10 144
3 4
1 2
4 174
1 2
2 596
2 2
8 1449
2 3
2 2
2 3
2 588
2 12
8 8
3 31
16 3179
13 17
5 6752
3 8
3 72
11 150
4 14
1 29
3 1537
6 95
2 2
3 52
2 2
1 3
2 596
5 22
1 11
5 156
2 4
12 1520
1 3
1 3
16 1894
3 7
6 6
1 588
5 1703
7 34
86 18505
56 3533
2 7042
3 6
8 1857
5 17
12 12937
2 1999
3 10
26 4507
2 288
2 304
1 311
8 4410
7 329
4 1537
7 95
2 89
7 35
2 2
4 2244
8 36
9 1769
2 3
10 6772
5 11
2 304
13 1610
2 588
2 12
2 596
2 137
1 2
7 9
1 311
2 3
2 286
4 10
6 93
1 29
5 31
8 927
2 24
1 11
2 588
5 2080
1 33
7 13615
4 5
6 10873
5 318
20 1292
11 8874
5 1766
3 581
4 10
29 35971
13 14431
8 1857
3 17
21 4497
4 32
4 304
3 304
1 2
2 2
2 3
2 54
1 269
19 3452
1 72
1 5
2 4
5 23
4 4
5 156
2 5
4 32
7 4785
2 2
1 3
2 588
1 588
19 3452
1 2074
6 13297
197 21721
1 3
27 9909
2 588
1 311
2 3
156 32586
1 64
2 2
1 6
699 407594
6 12
5 8179
1 5
1 3
13 1520
1 72
6 4787
1 6
267 58680
1 13
2 3
5 31
5 13
10 2878
9 97
1 855
1 3
8 325
3 31
4 6
1 3
3 597
2 1999
3 3
1 301
1 3
5 32
9 323
5 588
2 6752
11 26
93 156890
2 6772
6 92
1 3
2 3
6 493
19 3452
1 3
6 868
1 3
1 29
13 162
5 325
1 64
2 9
7 13615
44 5519
6 13307
2 3
1 5
3 1537
1 3
17 13730
3 55
2 2
3 6
15 71
1 33
2 311
3 52
2 596
6 95
17 95
99 633
1 6
10 339
7 1830
16 3198
1 2
44 3529
3 58
2 304
6 10897
2 3
3 314
3 18
3 3
2 3
2 8
7 7898
2 67
8 7456
4 1999
26 10517
6 4786
5 581
2 354
1 4
8 378
35 3325
17 13615
15 2829
12 7461
267 58680
2 17
73 18092
2 12
2 289
6 1608
1 40
6 2662
3 10
2 24
10 2878
3 73
2 3
2 588
3 23
1 3
11 150
4 2142
1 288
8 7456
11 162
2 82
2 12
12 6029
2 3
18 334
2 326
2 297
2 3
3 311
17 63
6 4304
1 14
1 4
33 55413
2 297
14 16
26 2251
2 2
2 2
6 5168
5 31
6 32
2 2
9 1293
2 13
1 2
66 12233
2 6772
1 5
6 325
8 2362
2 290
6 13295
1 2
1 29
4 590
4 360
1 6
1 3
7 329
1 21
2 1709
7 1610
1 2764
7 4672
3 1610
5 1703
1 5
199 54357
2 290
2 2
1 3
4 32
5 154
4 51
3 311
1 39
1 76
56 3533
38 14430
6 13262
2 2
1 3
2 4
4 3994
3 3
2 9
1 6
1 855
1 24
35 1029
1 44
2 2
2 297
2 14
4 32978
3 9
2 354
2 13
2 3
2 6772
9 12673
1 12
3 304
6 92
2 6
5 941
24 17654
4 1293
8 2237
4 11
2 12
1 9
29 9876
2 10
4 297
1 2
1 28
57 834373
2 6
8 55
33 6320
3 10
1 1293
3 17
6 325
4 31
2 297
1 9
5 301
1 2
8 126988
4 32
8 145
2 1999
6 32
5 2029
1 588
1 3
2 89
2 2
1 2074
3 22
1 6
1 2764
13 179
8 71
8 55
3 3
1 2
2 297
2 289
2 4
1 7
3 7
1 6
2 10
1 29
27 4506
6 4786
2 24
1 4
56 629071
7 903
5 31
3 23
2 14
2 3
1 9
1 2
7 1360
4 11
2 12
4 31
2 89
5 31
9 1039
5 360
71 17878
2 3
3 3
1 5
2 2
2 33
1 8
2 2
1 6
7 927
3 2231
1 5
26 4507
2 289
1 2074
10 3452
501 330496
20 6795
3 52
3 3
2 288
22 4711
1 304
3 596
2 2
5 2552
4 8
4 304
2 14
6 325
6 517
130 10474
1 3
5 114
149 39833
3 7
38 1853
4 304
1 13
5 156
5 23
42 3529
26 2251
6 32
23 2254
2 10
3 52
2 22
5 13
2 2
2 2
1 304
3 588
1 3
3 31
2 3
17 323
1 3
5 301
3 10
3 144
53 33024
3 354
1 301
22 20727
2 1767
3 3
3 354
2 3
2 289
1 21
8 4785
7 134
3 4
5 22
36 1853
5 183
1 3
1 588
6 6
1 588
10 3675
3 22
1 3
2 3
6 10873
2 12
1 855
11 162
2 6
1 269
1 3
1 6
8 66
1 588
1 855
5 297
2 3
7 167
1 29
2 89
15 2829
8 1857
3 5
3 31
17 8727
4 13
7 144
2 14
2 10
75 17840
2 1528
9 1769
9 6143
1 5
168 54352
2 2
36 747
3 13
1 6
2 89
2 60548
2 4
40 12672
2 9
5 7
7 13615
15 2829
35 633
6 493
6 29
17 8727
4 20
6 493
8 9797
16 3719
7 2878
4 383
80 36897
39 12672
267 58680
3 1999
8 3075
8 17
2 3
1 3
4 15
4 32
2 3
6 32
16 673
70 5157
1 5
3 289
2 6
4 2244
5 6
60 9603
17 95
7 95
2 17
3 290
5 8179
8 28
2 2
5 1604
8 2552
1 2
1 27
1 14
5 15
11 398
45 834373
3 3
2 588
5 35
1 3
1 29
55 7900
6 4786
1 3
6 13283
2 1094
3 4
15 249
1 288
2 304
7 329
4 1602
7 1610
7 4962
5 56
11 162
6 325
1 289
1 3
6 868
4 19
23 2254
8 9797
2 18
2 17
4 297
12 89
1 7
2 289
3 3
1 6
4 5
5 32
2 2
1 10
2 2
2 2
2 288
1 297
2 288
20 2251
5 581
1 3
14 90
4 11
1 3
8 378
2 89
2 2
8 3429
1 588
5 8179
2 44
1 949
4 6
3 8
3 5
5 3488
16 3198
1 588
9 89
2 3
9 121979
267 58680
7 327
2 1768
1 1999
28 56855
2 4
5 36
2 2
24 19393
5 6752
7 329
7 3500
6 126988
3 3
22 20727
130 10474
1 11
2 12
8 4696
1 14
8 31
2 89
1 64
1 29
4 19
5 22
4 32
2 9
2 5
4 941
3 8
2 304
20 6795
1 3
2 2764
2 304
6 493
17 8727
1 3
2 6
12 5904
11 135561
5 588
2 22
4 6
2 296
2 1768
12 1769
4 27
6 603
17 95
4 51
8 378
1 588
3 10
3 22
1 3
1 21
2 3
2 2
1 26
23 2254
2 304
5 2552
2 3
6 32
1 287
4 11
5 24
3 8
2 22
12 12937
6 478
3 288
3 304
3 28
2 3
2 18
7 34
2 18
1 3
1 588
2 297
6 14066
7 927
3 23
1 3
1 35
3 10
5 31
2 2
5 31
5 2080
2 3
199 54357
2 297
6 325
5 31
24 2819
7 52
1 6
16 1894
1 588
1 3
6 10897
16 18320
2 6
8 36
41 3529
3 112
1 588
2 2
2 3
26 1853
2 289
2 2065
6 34
1 2
1 1999
2 14
2 17
2 89
3 3
2 2
2 89
13 1610
130 10474
17 95
2 2
1 588
2 2
2 3
1 5
55 15538
26 4507
1 3
20 2251
11 1610
1 3
5 195
7 2878
12 12937
2 5
2 4
3 3
4 6839
1 35
26 4507
1 588
1 3
2 2
3 7
7 6839
45 6134
3 12
1 3
3 10
73 13384
9 638
1 3
1 64
4 10
1 5
1 12
1 11
6 8
33 6320
1 2
2 2
2 2
267 58670
24 2819
12 12937
2 5
2 2
3 9
5 301
9 56
2 2
6 12
5 23
13 14218
2 10
1 3
3 4708
8 7461
26 2251
2 5
2 290
1 14
3 868
2 326
11 34
2 2
3 3
149 11181
44 3529
1 6
5 31
1 5
1 2
1 29
6 2030
1 2
57 834373
1 64
4 10
3 9
3 8
2 1769
2 588
6 13285
7 8634
4 941
1 3
1 2
3 89
3 4
3 290
8 36
9 1039
3 314
10 2878
1 588
3 23
2 14
2 3
1 7
27 9909
1 5
1 9
13 14218
1 7
1 3
3 6
3 7
2 296
2 588
1 3
4 3488
2 3
23 19963
2 311
5 7
2 12
2 2
3 14
1 14
2 18
1 2
1 588
3 35
2 67
29 13615
1 14
3 5
2 2
7 34
152 20146
13 105
87 4546
8 1857
2 595
2 2764
1 588
2 12
2 3
1 588
3 8
53 146373
1 7
45 260
2 2
10 1172
1 22
6 6
5 301
1 6
20 6795
1 3
4 11
1 2
3 868
2 3
2 2
8 9797
3 354
1 301
3 290
14 2819
1 588
3 7
2 3
4 31
16 1760
6 95
3 15
2 8
40 260
1 2
9 12673
1 949
3 297
39 259
4 3994
2 12
10 144
2 3
6 493
10 608
42 3529
6 325
3 354
1 2
2 304
2 275
2 4
2 3
1 3
6 95
2 2
1 29
6 311
2 2
1 33
2 1528
1 5
8 120451
7 329
2 2
2 2
1 3
1 588
24 19393
33 629
2 2764
4 54
6 581
1 12
5 1742
2 11
2 3
2 1999
3 2077
3 10
3 8
8 1857
1 949
1 588
2 12
6 33
8 36
1 5
3 19
5 31
4 31
2 3
3 10
24 726
1 12
6 93
15 4006
8 1449
15 249
6 493
2 288
7 1172
1 588
3 10
4 21
1 326
4 12
4 31
7 2755
6 13297
4 2244
73 18092
33 2855
10 1449
2 2
1 301
1 3
55 5326
22 4711
3 8
3 3
16 6795
1 287
5 311
13 38
2 3
1 2
53 146373
26 4497
6 32
49 20574
3 4
6 10897
2 3
3 581
1 11
1 20
2 3
5 17
2 5
5 7
2 588
1 3
4 54
135 51956
2 9689
2 22
1 588
35 3325
4 354
25 6029
1 7
13 162
5 8177
8 71
11 28
1 12
1 64
5 31
4 277
1 9
1 33
2 596
3 22
1 855
2 22
10 12674
5 2526
2 2
3 17
2 7
5 1703
4 10
60 9603
2 2065
4 21
1 3
24 19393
5 941
20 12576
3 3
1 3
1 5
2 288
1 1656
1 2
2 3
2 3415
10 1839
2 178
2 89
3 10
2 3
29 8861
5 1604
22 633
3 29
6 325
1 64
149 11181
2 297
5 1604
4 2244
5 1039
3 2074
1 3
2 2
1 588
1 9
9 144
8 378
1 6
1 29
5 8177
3 304
5 941
2 3
1 885
3 31
2 4
3 581
2 2
1 29
16 26
3 325
1 297
2 326
56 629071
1 64
4 28
1 3
2 15
7 95
1 7
1 3
2 3
1 2
1 885
3 868
102 162150
4 8
2 89
1 3
3 31
2 44
5 1703
168 54352
4 82
3 5613
1 11
1 3
1 287
199 54357
1 33
57 18426
5 1769
1 588
1 5
6 93
4 304
3 581
6 6
2 28
11 28
4 10
6 92
1 3
1 5
19 3452
7 52
3 311
19 10997
8 1029
7 13
82 16397
2 588
2 2
4 304
1 3
4 32
2 14
3 10
61 122329
1 588
43 3451
6 588
4 32
10 2878
12 2720
3 11
2 22
2 7
13 32
2 4
21 4497
37 17117
1 3
3 52
4 41
4 949
8 3075
39 12672
1 297
4 304
141 51201
10 608
3 354
4 949
1 15
7 35
18 217152
2 18
1 588
12 12673
1 9
77 16397
4 2244
2 3
2 1768
130 10474
5 22
1 588
8 378
26 2251
4 297
6 588
1 14
57 18426
6 4017
17 8727
1 64
2 6
149 11181
6 493
25 6029
1 588
21 920
4 304
2 61
3 144
3 354
1 5
3 65
1 588
1 76
2 58
2 9
3 588
2 2
2 18
106 47853
45 3533
3 14
13 14218
2 2
2 3
8 3429
2 3
2 2074
7 9
4 46
7 54
1 588
2 213
1 588
2 2
2 5
14 1839
1 9
60 9603
4 6839
3 144
6 13309
2 304
1 588
2 12
2 2
33 2855
4 14
55 7900
2 12
3 31
7 183
30 36841
4 4708
2 3
1 5
17 13701
1 294
6 517
3 10
28 3472
2 290
8 1449
2 2080
4 2244
1 6
9 6143
12 2720
2 288
1 2
5 32
5 12
2 22
5 31
18 7185
7 95
1 2
3 581
16 6866
2 34
2 2
1 3
2 3
2 2
1 11
7 927
2 8
3 3
3 883
2 9
2 2
2 1769
2 10
1 2
6 581
3 5
2 2
11 12937
8 378
2 4
1 22
4 91
2 14
1 269
3 2074
19 323
17 95
17 8727
5 301
2 2
17 8727
2 12
2 2
4 2074
2 289
1 287
2 2
12 13323
1 2
6 10897
8 66
1 8
1 296
41 3529
2 14
1 5
2 2
2 5
2 4
4 2576
9 121979
3 6
2 6
3 15
1 588
21 335
7 835
1 3
12 12937
4 8
8 1449
399 32111
9 2819
1 2
102 29417
12 39
1 3
8 17
1 2
5 11
3 304
5 56
3 4708
5 6752
3 52
2 288
1 5
267 58670
2 297
45 834373
593 21362
23 19963
2 4
3 4
29 9876
1 3
18 334
19 3452
36 2552
6 2662
6 4786
20 2251
5 2080
4 11
2 9
29 8861
3 300
6 7
3 3
9 1039
1 3
6 325
20 6795
1 588
3 3
1 588
1 288
1 288
1 287
2 588
1 288
5 1039
22 20727
3 4708
62 11913
3 1769
6 4880
1 3
2 288
2 588
2 289
1 2
1200 334065
79 79
4 51
267 58680
92 29417
1 588
3 3
3 3
3 278
170 54357
8 2362
6 32
6 4787
22 20727
2 11
2 304
6 297
2 6
1 5
1 14
3 23
6 325
2 9
4 941
11 26
1 297
12 39
1 21
2 24
45 834373
6 493
12 95
3 55
3 7
2 10
13 14218
1 855
2 14
2 287
1 21
6 32
5 36
70 5157
3 3
149 25703
41 1106
2 2
3 3
2 4
1 6
3 278
2 58
2 3
2 3
29 13615
2 297
2 2764
1 3
20 1292
2 2
1 7
4 3994
6 93
30 36841
5 2080
2 297
2 3
2 289
2 2
1 588
2 9
3 21
4 13
1 14
2 6772
4 294
2 9
2 22
1200 334065
5 597
2 290
1 76
1 74
2 14
1 7
1 5
1 588
2 34
6 13321
1 4
3 10
19 3452
30 36841
22 2819
24 40
4 32
1 9689
27 9909
10 3675
26 2251
5 8179
3 10
2 24
10 1839
3 304
2 3
4 5
1 112
2 14
1 29
2 4
1 4
3 6
16 673
38 14430
29 645
2 24
2 3
55 836111
1 2
6 493
2 18
7 1610
2 3
102 162150
4 10
1 2
13 39
11 26
2 3415
3 66
3 6
43 3451
2 3
1 949
3 941
2 2
8 2237
2 12
3 5
2 313
5 360
2 18
5 31
2 3
15 4006
6 10873
1200 334065
13 413
22 4711
9 89
1 3
44 3054
6 13307
2 2
1 3
4 8
1 3
2 1170
4 51
1 2
4 134
2 1172
3 6
13 1610
6 249
13 14218
4 2244
10 1839
154 20874
7 329
3 3
10 1547
22 37169
2 3
22 20727
6 95
1 5
3 1537
20 2251
22 691
6 4786
27 6201
1 1999
1 6
12 6029
5 56
1 2
10 3675
1 5
14 18
2 3
1 3
1 3
25 9341
13 9789
4 3500
2 3
2 2
2 67
8 2257
2 588
1 3
7 3669
2 2
8 9797
1 6
2 2
8 1460
149 25703
5 36
168 54352
3 23
13 1610
13 413
11 162
6 93
11 162
2 89
3 10
1 588
2 89
4 118
33 629
4 30
2 2
2 3
1 2
57 834373
82 39050
2 3
6 3415
2 2
106 11062
2 289
2 24
2 5
6 3415
1 112
10 1360
8 1449
1 3
2 2
73 18092
1 10
32 2552
5 8
1 5
6 6
23 3474
1 5
3 3
42 3529
2 2
2 28
10 1360
2 2
7 3074
3 311
1 29
10 1839
3 6
2 1537
5 295
267 58670
2 2
158 20874
3 72
2 65
9 73
3 35
1 13
8 9797
2 5
3 15
12 2720
1 5
40 260
1 8
5 12
2 3
1 68
3 3
2 588
18 205707
1 2
3 73
1 3
5 9
4 14
2 6772
6 868
6 13319
2 14
2 8
16 6866
5 1610
3 1537
12 1975
13 1610
6 325
8 4785
1 17
57 18426
1 7
1 2
1 35
53 33024
1 3
4 3994
99 633
3 29
1 3
31 82
10 1839
1 5
1 29
28 82929
60 9603
2 18
1 588
14 636
1 3
6 10897
5 12
3 7
4 59
10 2878
24 19393
3 12
2 1999
1 3
81 16389
6 2662
2 18
5 59
2 5
5 588
2 7
2 3
2 9
6 12
2 9689
12 1221
1 64
3 868
13 14431
5 45
10 12674
4 14
2 150
15 73
8 2237
2 304
1 588
1 287
9 1769
1 286
1 9
3 33
137 44569
23 2254
6 8
6 4780
1 3
39 12672
1 2
2 5
45 834373
4 5
2 297
29 35971
1 3
1 33
16 3198
13 1610
4 1293
1 14
2 3
2 3
4 1537
2 5
153 29134
1 588
5 114
3 311
8 1857
2 2
1 2074
7 4785
2 5
5 31
3 7
6 3415
29 645
593 21362
40 2855
1 5
2 6772
1 311
2 4
5 581
13 12674
1 5
2 2
4 294
85 39833
7 183
1 6
114 162150
4 301
139 11062
13 105
3 314
4 32
1 3
3 10
2 297
3 325
3 6
7 325
9 89
3 6
10 1360
10 2878
1 885
10 12674
1 21
5 941
10 144
1 288
102 29417
2 2
1 5
2 588
5 31
3 1537
3 7
70 5157
1 3
2 3
20 6795
1 3
6 93533
2 595
5 32
1 7
1 288
5 12
7 1610
5 22
4 5
7 3500
2 1768
1 5
2 588
2 82
1 5
8 7456
2 290
3 3
4 3488
2 9
2 14
3 941
2 12
4 2244
2 5
10 144
6 517
2 3
2 3
1 12
12 89
2 34
1 3
45 834373
7 4785
3 22
1 3
2 6
17 13615
41 3529
5 1703
1 6
4 297
27 9909
1 21
1 2
2 313
5 597
316 76790
4 1537
1 3
6 3415
1 6
17 95
2 5
2 300
1 588
3 102
5 22
2 597
2 2
7 34
2 1528
1 6
3 3
3 52
1 13
1 59
10 608
3 144
2 3
6 493
1 3
35 633
2 8
1 5
1 3
2 4
39 12672
139 11062
3 8
2 18
2 288
1 297
1 3
9 2819
1 3
3 3
3 1769
6 13319
2 14
4 5
32 10996
8 1857
83 17878
2 5
2 588
9 2819
5 23
1 286
1 14
6 325
5 56
3 1610
2 3
2 2
2 3
2 5
1 12
1 6
2 588
2 2764
1 13
17 17432
32 2552
20 2819
2 588
2 2
32 2552
2 1805
5 885
2 288
3 303
6 2829
9 12673
2 3
2 180
6 517
6 493
7 4458
4 294
1 5
2 296
8 1449
168 54352
2 304
1 6
2 581
3 31
7 13615
42 3529
6 3415
2 2872
3 5
7 4785
1 288
2 304
47 4103
16 3198
1 588
2 2
1 288
42 3529
13 39
4 301
4 2074
26 2819
2 54
2 309
2 2764
1 6
7 9
3 12
2 304
1 588
2 288
6 493
6 6
17 95
4 3994
2 1172
4 3994
19 1760
2 12
4 7
2 2081
2 12
26 10517
2 2
6 10
9 638
2 588
9 144
2 288
27 6201
1 5
1 79
8 3075
7 4830
8 3429
6 10873
2 2
19 3452
5 301
1 2
1 7
2 89
1 6
2 18
3 72
2 2
3 3
26 2251
1200 334065
57 18426
45 834373
2 2
2 290
1 3
2 938
25 1282
1 6
3 303
3 3
16 3719
10 1360
3 9
2 288
10 14797
2 12
4 8
2 588
8 327
2 5
1 5
13 14218
2 14
1 3
1 269
22 37169
2 2
3 72
29 9857
67 707385
55 7900
1 24
3 3
4 11924
2 24
3 304
1 949
1 14
2 9
33 6320
30 36841
3 14
1 3
1 2
1 301
3 2584
11 14809
3 10
7 927
3 300
10 1839
3 581
1 2
46 3000
5 32
26 2251
4 304
2 3
1 7
9 6143
2 2
2 12
1 58
2 3
2 2
15 73
2 9
5 588
3 868
3 14
2 67
4 1537
1 3
1 303
10 1176
3 311
3 10
2 354
36 12672
1 35
3 5
1 3
1 311
2 2065
6 19
1 297
1 6
13 12674
54 4711
3 3
1 29
45 6134
6 325
156 32586
22 1515
2 3
10 1360
2 9
1 3
2 1999
2 885
8 7456
32 2552
1 297
8 1449
1 949
1200 334065
12 8877
4 595
2 3
2 2
4 8
33 629
1 3
1 3
33 6320
4 32
1 6
2 297
22 20727
1 12
43 3451
1 5
1 269
1 288
8 3075
9 1764
9 121979
7 52
2 14
3 318
4 11
8 327
4 4672
4 325
5 31
149 39833
5 31
2 9
5 11
2 2
13 39
41 3529
33 6320
5 32
2 1528
8 17
3 6
1 2
3 15
9 73
2 2
2 285
4 2244
3 16
5 156
4 3488
9 6143
2 8
2 5
3 290
5 1039
1 2
8 9797
1 2
1 297
111 33898
9 1039
2 3
8 1449
2 2
2 89
5 2686
3 581
2 3
1 3
13 14218
43 3451
2 941
2 1805
3 22
3 10
2 303
3 4
26 2251
1 3
5 6
277 65618
12 1306
10 1360
1 2
2 24
1 6
5 588
38 20574
102 162150
105 24935
33 2855
1 1767
1 3
3 304
34 29617
3 1293
8 53
6 325
1 38
5 13
5 588
28 82929
1 3
53 146373
17 95
5 32
4 1537
99 44569
1 64
6 13295
2 1769
1 3
6 316
2 588
45 834373
25 3325
1 297
1 287
1 3
1 2
2 304
1 12
1 10
8 2237
1 2
1 2
1 588
1 2
4 304
1 76
1 12
38 14430
2 1999
1 3
1 72
17 95
1 2
1 5
6 3730
75 17840
3 23
10 1839
9 6143
1 2
6 95
6 12
1 2
7 70
9 1039
5 46
3 3
3 2230
6 2662
2 3
1 5
2 288
2 2
1 14
53 146373
12 12937
6 10873
2 5
16 698
2 14
2 14
3 40
11 9789
2 4
2 580
2 3
19 14808
1 5
6 517
2 12
19 10997
2 2
1 6
10 34
12 2720
1 11
5 31
2 12
1 949
25 6029
6 301
1 286
4 1537
85 39833
13 105
1 286
4 304
2 14
1 5
2 289
2 3
2 3
2 9
20 2251
1 2
4 1537
2 2
15 2829
32 2552
24 17654
2 221
2 297
106 11062
5 301
2 288
2 4
2 588
4 82
3 3
1 2
3 3
2 1006
1 5
12 204
1 588
6 325
26 10517
2 3
1 7
12 204
18 205707
4 10
4 4
33 9900
3 10
2 34
15 4006
6 4786
3 6
2 2
1 3
2 18
5 3565
11 26
2 2
3 6
45 834373
2 9
8 31
3 3
3 11
56 28798
9 1039
3 6
2 23
4 82
3 23
38 14430
45 834373
5 31
5 31
2 297
1 3
1 6
3 2077
2 2
8 378
2 5
168 362035
16 3196
2 2
6 93533
2 14
4 8
5 13
2 14
1 59
1 82
5 31
26 10517
6 93533
2 4
13 1610
2 89
1 29
2 8
26 4497
10 134008
2 2
5 32
7 493
2 12
1 91
5 13
10 12673
1 5
1 3
5 23
2 3
1 5
9 73
2 12
25 1282
11 162
3 40
3 7
5 15
13 14218
4 1999
1 588
2 5
13 9789
1 72
1 6
6 3147
3 297
1 22
4 11
3 941
271 48225
6 325
10 1449
2 588
2 2
199 54357
1 3
8 1449
12 1769
2 8
3 6
1 2
4 949
2 5
8 8
1 588
7 329
31 19393
32 2552
2 18
2 18
6 13283
3 4
6 13297
7 4962
7 34
1 6
3 1537
3 8
26 10517
1 5
1 296
2 2
6 95
1 14
1 6
4 56
6 32
1 3
20 2251
3 22
6 325
21 323
7 927
2 18
15 4006
22 2819
24 2819
99 44569
1 2
3 13
5 31
2 12
57 834373
2 2
47 9603
1 588
2 597
75 17840
4 304
1 2
1 2
6 493
2 1999
1 2
2 2074
1 3
3 3
8 31
1 2
10 2878
2 22
1 33
1 59
1 15
8 327
2 161
99 633
1 5
8 2237
1 5
149 25703
2 6
1 2
2 289
22 20727
5 1293
2 44
5 325
1 9
3 290
16 21516
7 466
2 36
3 3
71 17241
57 834373
2 949
1 3
1 3
2 354
2 3
15 11913
1 5
2 24
9 73
3 3
32 82929
4 11
1 35
1 588
55 836111
1 29
9 121979
22 20727
1 14
1 3
3 31
5 45
1 22
1 297
1 72
6 13297
2 11
5 13
2 2
156 32586
1 27
10 1172
16 6795
2 275
10 1547
2 3
18 202355
3 318
17 8727
3 11
3 581
5 32
66 59185
1 25
26 4497
2 2
4 304
1 15
2 3
10 1839
7 2720
44 3529
1 6
3 290
2 3
3 288
1 288
1 7
7 52
1 3
3 6
1 29
2 15
2 13
57 834373
2 2
106 47853
3 5
7 95
2 2
1 7
13 1610
3 288
1 949
9 1769
27 9909
2 323
17 13615
11 135561
2 2
7 95
9 12673
1 288
169 43060
2 304
6 10873
32 5863
1 40
3 6
17 95
28 2251
1 588
52 16330
2 89
10 608
3 3
1 269
5 1769
1 5
1 5
6 13307
4 5
4 45
4 4
22 691
11 7461
6 95
6 1537
2 2
22 37169
10 144
3 66
31 82
3 311
5 581
2 14
6 167
7 35
2 3
5 17
6 325
1 14
2 588
1 3
6 79
10 1360
1 64
4 595
2 309
8 3075
1 588
4 32
9 2244
3 14
1 12
3 4
11 162
4 3500
4 11
1 15
1 288
2 10
2 22
12 6143
3 949
6 493
1 21
2 14
10 2237
4 32
3 10
3 288
1 2
23 2254
2 588
1 2
2 9
106 47853
2 6772
1 4
3 1537
1 2764
3 15
8 126988
1 3
2 3
6 493
4 28
1 13
6 311
8 8
2 6
2 4
6 325
10 1172
14 636
2 18
5 71
2 89
2 3
87 4546
1 949
1 3
316 76790
13 14218
1 3
3 22
2 12
38 14430
1 3
5 32
4 2074
6 4780
4 325
60 9603
7 34
6 10873
5 360
3 297
199 54357
2 2
1 3
149 11181
26 3452
4 2244
1 2
7 35
3 2584
5 31
2 2
3 3
2 4
1 3
25 6029
20 6795
2 288
3 22
1 14
4 54
2 67
2 14
2 588
3 15
6 6
2 2
5 581
1 3
25 1282
2 12
9 1039
7 3452
9 89
4 10
3 304
2 304
1 6
2 3
55 4711
2 2
13 14218
7 13
1 26
1 14
16 6866
1 5
1 2
1 39
9 1039
9 97
2 12
3 1769
4 82
2 34
11 27
6 4786
2 304
