6 22
3 14
11 32
4 4
1 6
142 3452
1902 834508
3 304
3 3
16 82
12 310
1 2
4 2065
5 10
19 91
5 8
27 493
14 323
4 36
2 2
29 3075
352 3676
2 3
3 3
4 4
19 2526
13 588
1 48
12 31
11 21
2 64
179 5312
3 15
7 297
3 3
4 6
13 28
1 2
5 289
3 3
3 3
1 5
63 6795
6 22
2 3
30 1361
91 12938
6 14
9 31
1 2
9 2074
24 33311
110 14808
2 2
15 30
11 835
5 10
1 76
42 9797
326 3529
1 5
5 304
10 300
3 13
3 6
5 13
2 2
28 249
3 6
3 3
3 3
63 6795
4 89
3712 106689
3 3
3 3
11 32
1 5
3 3
6 588
4 52
49 398
4 7
8 360
55 4962
16 82
55 3490
140 1567
5 13
17 39
16 23
4 52
4 52
6 71
8 10
24 940
24 4708
8 11
5 10
3 3
11 12
2 2
5 5
2 4
6 15
301 2820
3 3
3 3
159 261
4 55
3 3
22 93
651 4712
496 5159
10 32
4 588
2 2
27 493
1 15
3 3
1752 834508
1 269
3 3
2 24
4 11
4 877
14 36
23 673
3 3
8 15
15 30
1064 11067
3 3
3 304
10 588
38 9789
4 297
2 9
294 9909
8 12
35 95
9 2078
87 3455
31 2879
5 13
2 2
1 2
7 10
3 89
6 11
4 6
8 313
10 588
958 11915
2 4
7 8
7 11
4 588
11 329
27 493
3 3
4 11
6 41
9 29
199 14429
5 2077
3 3
3 15
2 5
11 32
52 8725
3 18
3 3
3 3
2 9
2 2
574 146331
3 3
3672 330736
87 3221
4 26
87 3455
5 1742
6 2074
6 20
3 3
1 7
2 2
5 8
3 3
143 14430
74 3415
150 379
9 15
89 6772
14 1858
15 27
8 15
1 6
3 3
9 31
8 8
6 596
7 105
4 7
31 6142
28 1560
297 1029
3 3
1 3
11 12
82 8861
11 885
6 304
5 10
5 1005
9 12
62 2252
9 31
150 379
41 133942
24 478
5 13
20 334
64 2829
5 10
3 13
7 597
6 28
17 82
3 5
4 297
27 13295
62 2252
3 35
65 205265
1 5
6 6
701 39052
6 21
6 14
27 10873
63 6795
1 3
6 22
303 2820
219 18426
2 588
3 3
64 126948
4 4
11 885
6 6
79 8876
216 56921
1 949
195 17117
6 596
512 36846
22 93
6 161
2 2
513 11211
86 12574
4 4
300 2820
2 7
3 3
991 8433
5 300
15 323
2 2
3 3
47 722
199 12670
14 323
4 12
17 59
12 56
6 940
11 31
3 3
2 6
57 3090
4 89
13 310
10 32
12 2584
2 2
27 517
5 8
10 277
8 54
1 286
1 3
40 183
2 3
87 3455
8 581
22 144
10 300
3 5
2 2
6 1769
1273 83270
35 95
2 3
1752 834508
2 9
15 316
27 13283
3 8
1 287
2 2
231 6032
19 35
3 8
2 3
3 9
2 10
3 8
48 6838
21 9789
25 1294
3 7
303 29615
3 3
199 14429
2 2
8 588
3 27
11 329
6 2000
1 287
30 2244
4 24
513 25791
6 596
12 32
30 2244
10 31
4 304
2 10
11 32
1556 42980
56 2245
2 2
9 310
701 39052
301 2820
2 2
44 162
163 691
69 7459
15 29
697 3529
15 30
12 290
2 2
18 3056
98 6795
3 13
1 588
64 167
5 300
3 8
3 3
11 13
2 2
397 4528
1902 834508
4 9
9 8179
1 6
32 2879
3 3
4 288
35 228
1 2
25 2764
6 58
3 17
6 40
186 19395
3 1999
9 31
199 14429
6 588
1 855
3 3
327 1761
167 3180
6 24
5 11
2817 62947
11 32
121 3531
17 1449
4 22
2 3
2 1996
3 3
129 10996
3 6
11 12
14 1858
48 82
6 588
4 4
3 13
1 5
4 52
3 3
2 2
15 95
62 1547
15 323
2 3
3 33
27 10873
1 12
13 28
3 3
2 588
5 12
1 5
9 31
4 4
4 7
163 691
5 8
2 5
150 379
14 1858
3 3
3 3
5 5
4 304
1 8
3 3
25 1769
18 1537
3 3
8 2074
143 12574
3 12
31 5612
8 14
5 6
27 517
1072 6134
3 3
5 5
3 3
6 68
3 3
2 5
2 2
49 4672
11 12
805 54358
17 1449
22 1172
82 8861
2 2
5 13
3 3
29 1839
166 6032
396 28797
4 6
4 6
2 2
5 10
23 2553
4 89
6 24
2 5
6 41
3 290
27 3074
2 275
121 12671
6 58
9 10
3 3
6 3994
10824 334274
6 7
32 97
162 261
3 3
1 303
14 1769
27 10873
5 7
40 3415
15 940
3 6
167 122773
2 859
294 9909
4 30
2 5
2 2
65 205265
2 5
2 2
3 3
4 588
6 7
7 301
32 925
2 2
3 6
4 12
12 32
27 13321
33 6432
9 310
345 19962
56 2245
5 289
44 6772
2 20
1 3
4 588
195 17117
11 329
6 7
1 288
6 6
443 1853
4 72
3 18
6 17
3 3
2 3
273 1282
1 6
2 6
5 1999
18 18
2 2
4 24
1 76
65 2255
2 2
5460 58680
10 82
22 4672
44 2879
15 30
82 6320
3 3
15 89
5 10
2 2
5 39
216 20572
118 3453
6 35
3 3
62 2252
44 3672
6 588
17 26
8 581
3 3
5 6
4 1999
3 3
29 1839
2 588
2 2
15 323
3 3
15 134
4 936
7 91
36 920
3 3
9 31
175 17653
6 68
125 6772
15 30
9 12
13 28
29 1839
2 2
121 12671
5456 58670
29 6142
48 82
7 35
16 51
21 4651
8 14
15 95
2 2
11 885
65 1285
207 15472
8 8
4 4
5 13
5 6
1 883
2 52
2 3
3 5
11 32
5 5
3 8
15 95
2 303
3 6
143 12574
27 493
33 335
4 6
27 13297
22 1769
1 6
6 11
192 19395
7 11
153 259
4 2065
27 493
56 2245
2 2
29 1361
23 4880
8 588
5 17
3 3
19 91
6 34
513 146331
16 51
5 13
3 18
10 300
57 4695
2 2
15 30
6 304
80 7459
13 13
13 588
4 11
1 5
87 3221
64 2829
3 3
326 3529
140 631
43 162
1 5
22 144
5 5
3 3
2 2
231 6032
1 2
2 5
21 4708
2 2
11 32
41 133942
18 3056
5 289
1 3
12 588
86 3199
8 8
9 2074
1 76
1 949
7 11
666 24305
9 868
5 5
4 89
2 2
7 12
97 12938
303 2820
14 323
2 24
6 21
15 92
5 13
17 1537
2 27
1 2
14 323
3 54
4 6
6 12
14 327
14 323
5 304
9 31
11 32
11 1703
1 6
2 5
1 58
1724 32599
5 10
2 2
8 2074
677 24321
17 95
28 1610
119 2553
14 1858
6 14
17 95
11 2074
167 3180
4 30
4 72
31 1361
1 3
6 304
4 13
6 71
1 64
3 3
1 855
3 3
5 8
493 4712
35 150
3 14
7 595
22 4672
3 3
8 8
12 32
69 7459
2 288
3 18
44 2879
701 11915
87 3455
1 58
9 10
5 5
1 3
3 4
734 36902
2 2
69 9689
29 1839
8 8
7 25
4 24
119 2553
62 4784
3 3
4 297
551 9881
4 5
294 2820
1 5
231 6032
14 323
3 3
15 30
4 12
3 3
6 10
163 691
100 201892
14 588
3 297
327 1761
2 3
5 304
15 323
1 5
64 2829
11 82
6 13
3 6
2 5
13 34
3 6
8 581
6 7
2 6
2 2
9 868
7 25
61 167
142 20727
32 2247
2 2
19 1769
3 304
3 15
4 588
4 6
5456 58670
11 2074
3 288
3 13
3 5
6 588
4 5
2 3
1 34
15 885
4 288
2 2
13 310
1 3
29 34
10 588
9 12
397 4528
27 13297
16 156
32 34
12 32
5 13
3 891
121 12671
10 118
3 5
52 8725
4 24
1 2
3 277
2501 31993
1 59
4 14
12 31
5 5
12 56
664 80623
7 12
237 82988
6 949
1 5
4 4
22 93
2 2
2 2
5 7
3 1999
8 581
5 8
61 3722
5 5
2 2
666 24305
10 31
119 2553
2 288
2 5
10 32
64 167
91 12938
2 2
2 2
14 96
4 1999
2 3
3 3
11 31
73 1769
3 4
27 13297
13 588
5 11924
44 2879
199 14429
42 9797
2 5
1 5
59 1895
3 3
663 17884
2 2
64 2829
185 13391
64 2553
2 2
5 304
2 12
5 940
3 3
6 588
4 4
5 7
3 12
3 8
6 22
262 16388
11 885
1 588
3 18
2 2
154 260
9 2074
4 297
3 3
294 2820
3 3
18 3056
121 12671
6 58
1 2
33 35
5 67
1 3
137 12672
285 9603
5 304
6 304
5 9
1 286
3 288
3 6
44 6772
8 581
14 603
69 9689
3 3
15 323
12 56
6 22
81 5094
14 1858
2 2
3 3
2 5
1 64
3 3
3793 101921
5 1999
48 6838
5 289
6 304
55 3490
6 28
28 696
1064 11067
27 517
5 10
11 323
294 9909
3 3
3 3
3 19
1902 834508
9 31
61 167
18 144
1 12
46 1040
12 290
47 1307
1 2
1972 76782
3 3
4 304
65 2255
92 2852
8 8
7 301
20 2829
19 1768
1 5
4 297
3 3
137 12671
12 588
183 6205
27 493
22 93
13 34
24 2080
5 12
805 54358
317 19409
8 8
5 7
2 2
6 7
1761 20883
175 17653
6 68
42 9797
2 9
8 580
29 1361
40 3415
29 73
61 8873
4 288
1 6
143 12672
5 9
2 2
5 58
2 12
663 17884
1774 836246
17 1449
82 55313
9 31
34 35
98 6795
1 588
12 588
27 13297
6 596
2 5
4 354
2 288
2 2
701 39052
1752 834508
3 3
3 3
6 304
9 29
5 10
3 3
29 1361
3 3
199 12670
1 2
286 9909
513 11211
2 2
5 10
27 493
34 34
2 2
4 4
22 144
12 31
3 13
2 21
2 3
2 2
265 9603
3 18
2 588
9 29
1 2
6 17
1 855
3 3
1 5
52 8725
4 4
3 13
9 31
2 9
3 72
13 588
5 5
1 5
301 2820
4 289
100 216689
2 2
5 289
98 6795
3 26
54 7459
8 64
5456 58670
59 1895
1 64
1558 20711
9 2257
10 598
6 10
19 19
2 5
15 36
18 608
593 162068
4 4
3 3
12 224
4 4
3 3
219 18426
3 89
4 11
5 11
12 1180
4 297
5 7
165 20727
4 4
6 17
3 3
462 2932
16 1769
10 2662
4 304
27 13295
5 5
2 2
33 1610
9 12
4 89
12 31
12 31
18 40
2 2
2 5
2 2
8 11
22 144
3 3
15 27
3 13
6 7
57 3490
62 1547
1 10
4 297
3 3
89 6772
5 7
3 5
5 8
8 581
3 288
44 2879
286 9909
16 16
3 304
273 1282
2 2
33 9789
17 1449
3 3
3 5
2 20
4 296
2 3
3 3
2 2
22 93
2 2
2 5
5 294
15 323
3 6
2 5
121 3531
3 885
13 323
2 2
15 323
3 26
15 30
3 3
1 9
3 3
43 162
5 12
4 304
130 323
3 301
1 2
3 3
46 1040
2 2
5 10
27 13295
1 588
10 2662
19 4304
9 2257
10 7952
119 5114
8 16
1558 241088
1724 32599
2 2
9 8179
69 9689
4 304
1902 834508
5 7
43 162
3 9
2 2
183 6205
578 4499
35 95
6 304
50 5904
5 8
3 290
245 17431
2 3
5 13
3 3
2 3
4 4
1 12
4 4
5 12
13 588
2 2
1141 10479
1 64
7 25
123 10997
9 387
697 3529
11 32
13 34
1 6
274 7900
18 1537
1 2
98 3221
5 60
2 2
50 5904
443 1853
64 2829
4 304
5 9
24 2764
2 5
7 26
4 55
12 32
3 6
2 1709
5 7
5 304
5 67
7 7952
3 3
24 673
17 1449
4 588
3 288
6 588
1 2
4 6
3 18
29 73
15 95
301 2820
2 2
87 3455
4 11
3 3
1972 76782
3 3
3 3
4 33
3 3
4 8
513 146331
294 2820
2 14
3 3
12 2584
3 3
23 4708
8 360
19 39
6 14
30 9797
118 3453
11 323
7 595
12 31
5 8
2 2
10 22
17 59
5 5
5 8
3 6
121 3531
83 135400
17 1769
6 304
83 135400
5 2074
17 95
3 3
1752 834508
24 4708
2 2
1129 37171
11 12
7 7898
3 18
2 2
79 79
82 8861
4 14
5013 407518
2 3
10 31
22 144
4 4
3 3
23 174
5 17
3 3
1 2
2 2
6 596
2 2
3 3
2 2
15 310
3 17
19 39
4 588
3 18
167 3180
10 29
3 3
17 17
83 6753
4 72
35 150
15 95
6 14
9 1537
4 52
2 2
15 92
3 3
6 596
14 22
4 11
16 156
3 4
28 1520
2 2
1 3
4 12
59 1895
9 29
6 6
6 588
11 1703
4 4
282 18505
121 3531
4 7037
15 323
4 6
14 1858
6 15
91 12938
1902 834508
4 1999
12 32
2 286
4 288
3 17
6 304
12 310
27 10873
22 1172
149 4424
11 329
12 1537
5 289
4 89
8 11
22 1769
89 6772
6 13
6 304
9 31
5 8
28 1610
8 588
7 12
6 596
45 722
2 2
1 3
9 9
9 310
6 6
3 3
9 31
4 24
3 3
7 10
22 93
15 30
29 925
1 11
3 3
4 588
24 2080
7 33
11 32
171 13615
17 39
15 316
5 8
61 8873
23 1766
4 288
3 3
4 12
8 581
9 10
359 35989
143 14430
14 1858
583 4499
3 3
9 868
4 304
3 304
1 2
3 54
1 269
3 18
87 3455
3 72
10 23
16 156
2 5
58 4784
27 13295
3 3
4 588
5 10
1 588
4 12
8 581
87 3455
4 12
4 2074
294 9909
13 588
2 2
12 310
3 3
1724 32599
1 64
1 6
5105 407747
4 12
11 12
9 8179
3 3
3 3
5 5
6 6
35 95
56 2245
2 2
1 3
28 1520
3 72
49 4786
5 6
5460 58680
3 12
2 2
2 2
3 3
9 13
44 2879
32 97
1 855
8 13
3 6
6 597
3 1999
3 3
3 301
3 3
41 323
12 588
65 6753
15 27
642 156848
44 6772
3 3
1 5
9 31
87 3455
15 95
8 868
15 30
43 162
3 3
14 323
17 1449
22 1172
2 2
1 64
3 3
3 3
171 13615
564 5521
3 3
18 1537
3 9
17 1449
29 633
4 55
513 25791
3 6
33 71
7 33
11 310
4 52
6 596
19 39
24 32
2 2
4 6
27 339
36 1815
86 3199
2 2
698 3529
6 58
6 304
2 3
3 3
8 313
4 18
3 3
3 3
2 9
7 7898
2 67
51 7454
5 1999
91 10517
64 4785
17 1449
12 31
4 354
150 379
345 3326
189 13615
64 2829
80 7459
1 76
1 91
5460 58680
5 8
230 18092
2 2
32 1608
6 40
10 2662
44 2879
16 73
2 2
1 25
2 588
16 23
35 150
7 2142
2 2
2 288
1 10
51 7454
1 6
44 162
11 82
7 12
166 6032
13 34
11 31
2 3
22 334
4 326
5 297
2 3
13 310
41 63
9 31
4 12
3 13
3 3
11 32
4 4
82 55313
5 297
2 2
2 2
25 5168
2 2
10 10
5 8
39 1294
9 29
6 24
5 13
1 2
452 12237
44 6772
1 5
1 12
16 2362
1 10
5 290
3 3
2 2
15 30
5 590
8 360
1 6
11 329
2 21
2 1709
33 1610
24 2764
22 4672
29 1610
2 2
11 1703
1 5
805 54358
3 290
15 154
16 51
13 310
1 39
2 2
121 3531
56 2245
199 14429
67 13264
3 3
3 3
6 3994
12 31
3 3
3 3
2 9
1 855
297 1029
9 44
4 297
5 12
24 32978
5 9
4 354
3 288
27 493
10 13
44 6772
121 12671
3 304
27 493
5 6
15 940
175 17653
25 1294
35 95
5 12
11 32
1 9
510 9881
5 289
5 10
7 297
2 2
27 10897
2 2
5 26
3 6
9 55
82 6320
18 1294
6 15
3 3
4 297
1 10
8 581
3 3
7 301
20 145
3 1999
5 10
6 2029
2 588
3 3
10 89
2 2
4 2074
15 92
6 22
24 2764
3 3
3 17
1 4
17 179
21 71
10 32
9 55
4 297
2 4
2 7
5 7
3 3
3 6
6 10
98 4509
64 4785
2 2
551 628913
14 903
16 23
5 13
8 8
3 3
5 9
30 1361
4 11
9 12
1 3
4 89
46 1040
9 360
3 3
7 33
3 8
3 6
3 3
28 925
26 2232
1 5
15 36
5 2074
64 3455
63 6795
4 52
9 29
3 3
3 288
493 4712
2 2
5 304
6 596
27 493
17 26
22 2553
6 304
27 13283
6 14
1141 10479
2 3
5 114
1150 39838
3 79
4 7
449 1853
6 304
1 13
16 156
1 5
10 23
697 3529
27 13309
3 3
6 10
4 52
6 22
2 2
5 304
10 588
1 3
199 17909
2 2
68 323
12 32
2 3
7 301
18 144
526 33024
3 9
11 354
3 301
149 20727
2 2
6 1769
3 3
5 354
2 3
1 24
3 6
2 21
64 4784
21 134
4 4
27 493
14 22
9 31
3 18
312 1853
33 183
3 3
3 3
6 588
6 6
2 588
352 3676
2 2
153 259
6 22
3 3
2 3
1 855
44 162
4 6
1 269
3 3
27 66
1 588
1 855
7 297
3 3
64 167
4 89
64 2829
14 1858
45 8725
1 5
153 259
19 144
3 14
35 95
2 10
10 1528
22 1769
29 6142
1 5
763 54353
12 32
5 10
176 747
8 12
4 89
4 60548
199 12670
2 2
2 9
6 7
171 13615
64 2829
178 633
4 12
52 8725
6 20
27 13321
3 3
42 9797
5 8
61 3722
31 2879
734 36902
4 12
206 12670
5460 58680
4 1999
29 3075
17 17
27 493
1 3
19 39
7 15
3 3
3 3
23 673
496 5159
2 5
2 6
6 6
285 9603
3 18
13 10380
12 290
9 8179
23 28
5 10
29 1604
3 3
23 2553
1 2
1 27
3 13
6 17
49 398
10 588
16 35
3 3
15 30
274 7900
64 4785
9 868
2 3
2 2
12 32
4 4
86 249
2 288
5 304
11 329
28 1602
33 1610
66 4962
7 56
15 36
44 162
5 289
8 868
3 3
42 9797
35 13701
513 25791
7 297
15 89
3 7
3 3
2 6
4 288
3 297
4 288
16 90
5 11
149 379
7 8
10 89
1752 834508
1752 834508
2 2
48 3428
5 10
8 24
6 588
9 8179
8 44
1 949
5 10
3 5
3 3
57 3490
86 3199
2 3
2 588
15 89
2 3
2 2
10 34
64 121904
5460 58680
3 3
14 327
19 1768
3 1999
4 12
216 56917
2 2
12 33
2 2
186 19395
83 6753
11 329
27 3500
149 20727
1141 10479
4 11
3 288
57 4695
18 32
2 2
4 89
1 64
4 30
14 22
6 9
5 5
5 940
1 76
6 304
63 6795
26 2764
4 304
45 8725
20 29
1 3
27 493
1 5
5 6
50 5904
83 135400
12 588
3 3
1752 834508
4 22
5 6
1 2
4 296
24 1768
19 1769
11 31
4 27
15 603
16 51
3 3
150 379
6 588
1 4
10 22
3 3
1 21
2 2
1902 834508
3 3
15 36
2 27
1 10
199 17909
1 4
6 304
22 2553
92 2852
1 287
5 12
513 11211
9 22
91 12938
26 478
27 493
3 304
7 25
3 3
3 3
2 588
4 297
10 14066
158 260
28 925
16 23
2 5
3 35
15 95
2 2
24 2080
805 54358
4 297
3 9
301 2820
27 10897
9 52
3 6
59 1895
2 588
3 3
3 3
27 493
3 3
84 18327
4 6
3 3
326 3529
11 112
2 588
2 2
9 31
3 3
3 3
288 1853
2 2
4 2065
13 34
57 126948
62 2252
2 2
3 1999
6 14
6 17
4 89
3 3
4 89
3 277
1752 834508
28 1610
1141 10479
6 7
2 2
6 588
2 2
9 13
27 493
2 5
274 15538
2 2
9 31
26 1610
37 195
5 289
31 2879
3 3
91 12938
3 3
3 5
2 4
3 3
6 24
48 6838
3 35
10 32
2 588
3 3
5 7
71 6838
1072 6134
5 8
5 12
2 2
182 13383
19 641
2 64
4 4
3 3
9 10
3 3
12 12
82 6320
1 2
35 95
2 2
5456 58670
301 2820
91 12938
27 10897
5 289
2 5
2 2
65 2255
7 9
7 301
3 3
12 56
13 34
7 12
10 23
28 493
99 14219
8 581
5 10
23 4708
54 7459
5 1093
2 2
17 1449
2 5
3 290
4 14
2 2
4 326
3 3
56 2245
698 3529
6 6
2 5
1 2
15 30
6 2030
2 2
1 64
6 10
5 9
25 1769
13 588
3 3
31 8637
4 4
6 940
3 3
2 2
4 89
4 4
12 290
46 1040
8 313
2 2
44 2879
33 35
1 588
16 23
4 14
3 3
7 7
294 9909
1 5
1 10
99 14219
4 7
1 3
4 6
4 7
4 296
13 588
55 3490
27 13283
29 5456
3 18
345 19962
11 310
6 7
16 16
6 14
3 13
2 2
6 588
3 3
6 35
5 67
209 13615
5 13
2 2
1710 20152
42 105
27 10873
2 2
545 4547
14 1858
7 595
26 2764
11 32
3 3
6 588
7 12
1 588
7 8
2 69
3 24
513 146331
4 7
2 2
1 22
6 6
7 301
98 4510
63 6795
4 11
9 31
42 9797
5 354
15 95
2 301
12 290
327 2820
6 588
27 13321
4 7
3 18
267 1761
3 9
5 15
5 8
1 71
9 29
2 2
1 2
121 12671
1 949
7 297
6 3994
22 144
3 3
2 2
18 608
697 3529
14 323
5 354
2 2
3 3
6 304
2 275
52 2238
513 11211
2 2
15 30
9 33
11 31
8 1528
94 120412
11 329
2 2
2 2
2 588
186 19395
140 631
8 13
26 2764
27 13295
7 54
21 4591
7 581
4 12
11 32
5 1742
27 493
9 11
3 3
3 1999
5 2077
8 581
8 10
52 2238
14 1858
1 949
6 588
3 3
3 19
5 10
4 12
3 18
3 5
9 31
23 93
8 581
5 10
238 4006
86 249
4 288
15 1172
6 588
8 10
12 27
6 21
3 326
11 12
5 289
3 3
64 2755
2 2
65 1285
230 18092
2 2
7 295
3 3
65 2255
3 301
1 3
27 517
493 4712
3 3
98 6795
1752 834508
3 3
2 2
62 2252
14 310
24 38
1 2
513 146331
578 4499
2 2
35 13730
223 20572
5 289
4 4
3 3
15 95
15 310
3 3
2 2
8 581
4 11
2 20
14 36
6 15
10 32
2 5
7 7
4 588
7 54
1341 51958
69 9689
3 3
6 22
6 588
345 3326
5 354
231 6032
4 7
98 4510
43 162
9 8177
21 71
12 12
3 3
1 64
3 3
14 310
10 277
1 10
2 2
7 33
6 596
6 22
1 855
7 17
4 22
3 3
137 12672
19 2526
2 2
11 31
11 1703
6 10
285 9603
4 2065
6 21
186 19395
15 940
143 12574
33 35
3 3
22 1172
4 288
1 1852
2 2
40 3415
9 31
29 1839
4 89
3 277
2 3
35 95
4 12
82 8861
29 1604
157 633
10 26
13 323
1 64
3 17
4 297
29 1604
15 1040
8 2074
6 588
593 162068
2 10
22 144
149 379
3 6
3 3
1 5
18 58
15 30
1 6
11 31
16 90
5 289
9 8177
3 304
15 940
2 3
1 885
12 31
8 581
3 3
3 3
19 26
14 323
4 297
4 326
551 628913
1 64
2 213
2 2
10 28
3 3
4 7
13 461
15 323
2 885
5 8
3 3
8 13
4 89
12 32
12 44
11 1703
763 54353
16 82
31 5612
4 11
805 54358
8 33
219 18426
25 1769
2 588
2 5
22 93
4 304
8 581
6 6
3 26
15 92
2 3
87 3455
9 52
3 288
13 310
27 10897
593 162068
123 10997
196 1029
11 13
13 34
265 16396
4 588
6 304
4 24
3 13
2 2
181 122343
1 588
142 3452
13 588
44 2879
57 2723
7 11
62 2252
11 22
3 7
583 4499
206 17117
3 3
5 5
3 3
4 52
6 41
4 949
29 3075
206 12670
4 297
6 304
473 51207
18 608
34 643
5 10
5 354
4 949
3 3
1 15
2 2
100 216689
5 588
134 12671
1 9
238 16396
3 3
24 1768
1141 10479
11 21
9 868
2 2
1 588
150 379
7 297
13 588
2 13
219 18426
178 546
2 2
52 8725
1 64
3 3
1 5
8 581
4 6
231 6032
2 588
6 304
1 12
2 2
5 289
18 144
11 354
2 5
3 65
2 588
6 6
13 13
6 58
2 9
10 588
2 2
661 47855
2 2
94 3531
6 14
99 14219
62 2252
48 3428
3 174
3 3
11 2074
9 9
10 46
8 54
6 588
9 31
3 6
2 588
2 2
6 6
2 5
8 24
37 1839
285 9603
48 6838
18 144
5 304
6 588
4 12
2 2
6 14
274 7900
5 12
3 3
32 183
512 36846
24 4708
3 294
117 3462
5 290
9 2080
29 6142
11 31
57 2723
4 288
2 2
7 12
4 22
405 7186
1 2
8 581
87 6865
2 34
3 3
2 3
2 287
4 11
28 925
6 8
11 883
2 9
52 2238
5 289
27 10873
8 8
25 1769
5 10
2 2
2 2
7 581
2 2
86 12938
150 379
3 3
2 4
1 22
13 91
5 13
1 269
7 7
8 2074
130 323
52 2238
52 8725
7 301
52 8725
2 3
6 2074
3 3
1 287
92 2852
9 31
1 5
81 13325
2 2
27 66
3 8
4 296
15 95
326 3529
5 13
2 5
2 2
5 5
3 4
12 2576
64 121904
4 6
4 6
8 15
2 588
2 3
11 835
2 24
2 3
91 12938
1752 834508
2 2
3 12
294 2820
1 2
3 3
427 29416
17 17
1 2
8 11
3 304
7 56
21 4708
83 6753
1 5
4 52
3 288
52 2238
4 5
7 70
5456 58670
4 297
62 2252
4237 21032
5 289
345 19962
4 12
4 4
510 9881
20 334
2 2
5 10
87 3455
122 2553
10 2662
65 4785
9 31
24 2080
3 12
5 11
9 31
82 8861
10 300
56 2245
3 3
46 1040
11 32
2 287
13 323
1 5
63 6795
2 588
3 3
1 588
3 288
3 288
10 588
15 1040
149 20727
21 4708
958 11915
14 1769
3 288
3 3
28 493
13 588
1 2
11341 334274
79 79
16 51
15 95
5460 58680
407 29416
2 588
3 3
2 2
3 3
767 54358
16 2362
60 4786
149 20727
4 304
26 5168
7 297
4 6
1 5
3 13
16 23
11 940
15 27
4 297
2 21
62 2252
17 4016
3 3
4 55
5 7
3 7
5 10
99 14219
1 855
3 13
3 18
2 287
2 21
496 5159
3 3
291 1106
3 3
3 3
3 4
1 6
33 35
209 13615
4 297
26 2764
6 7
3 3
2 2
4 7
6 3994
22 93
512 36846
24 2080
9 378
35 95
5 297
2 588
11 32
6 9
4 14
44 6772
5 294
8 9
4 22
11341 334274
15 597
5 290
9 868
16 3729
1 64
3 13
1 588
2 34
8 10
1 6
87 3455
512 36846
303 2820
40 40
199 17909
70 9689
294 9909
352 3676
9 8179
29 1839
3 304
4 5
8 112
4 14
4 30
5 6
199 14429
142 646
3 3
2 3
1 2
33 1610
6 10
2 2
15 27
40 3415
3 66
142 3452
6 24
1 949
6 24
23 940
5 8
5 12
3 5
7 311
17 1449
9 360
1 12
2 2
3 9
238 4006
11341 334274
34 413
493 4712
15 89
1 3
1 6
341 3055
3 3
3 3
9 868
3 3
16 51
14 134
15 1172
4 6
28 1610
49 249
99 14219
3 3
29 1839
3 3
6 19
8 8
1422 20883
11 329
3 3
62 1547
1054 37171
149 20727
17 95
11 1537
163 691
64 4785
183 6205
3 1999
3 3
166 6032
7 56
2 2
352 3676
1 5
18 18
5 10
161 9341
2 2
3 3
38 9789
9 3500
2 2
3 3
17 1449
5 67
9 2257
4 4
1752 834508
9 588
44 3672
27 13319
98 4510
31 9797
18 1460
4 24
763 54353
16 23
28 1610
34 413
44 162
22 93
44 162
4 89
2 588
4 89
10 118
140 631
12 28
3 3
701 39052
40 3415
6 10
1121 11067
17 39
5 5
40 3415
8 112
29 1361
4 288
230 18092
35 95
4 10
119 2553
3 3
3 5
2 2
6 6
1 5
697 3529
183 554
6 28
29 1361
2 2
27 3074
1109 48182
13 310
15 30
30 1839
3 6
16 1537
5456 58670
2 2
1761 20883
3 3
4 72
4 4
2 2
27 10897
3 3
5 65
29 73
6 35
1 13
42 9797
2 5
8 15
56 2245
57 2723
3 8
10 12
3 3
3 3
2 2
8 588
65 205265
1 2
10 73
3 3
5 9
6 14
44 6772
8 868
17 39
647 21746
6 14
3 8
87 6865
32 1610
18 1537
4 12
40 1976
28 1610
14 323
64 4784
8 16
11 31
219 18426
3 35
526 33024
13 28
6 3994
48 82
117 3464
3 3
29 1839
1 5
22 1176
11 31
228 82988
285 9603
8 8
4 18
5 10
6 588
30 633
10 12
4 7
16 59
44 2879
186 19395
5 12
1 12
8 8
3 1999
262 16388
10 2662
17 59
2 2
2 5
12 588
62 2252
8 9
7 12
69 9689
132 1222
1 64
143 14430
10 45
137 12672
6 14
8 581
34 73
3 180
52 2238
4 304
6 588
22 1769
1 286
1 10
3 33
1232 44573
46 4779
206 12670
2 2
2 5
8 13
1 6
4 297
359 35989
7 33
86 3199
28 1610
25 1294
3 13
5 10
2 2
15 36
16 1537
2 5
2 2
1765 29144
1 588
5 114
13 310
14 1858
2 2
3 5
2 2
4 2074
58 4784
2 5
5 7
40 3415
142 646
4237 21032
96 2852
1 5
4 36
199 17909
44 6772
5 8
1752 834508
9 310
3 3
143 12672
2 5
2 2
5 294
27 10873
1105 39838
32 183
3 6
11 31
617 162068
6 301
1064 11067
42 105
8 313
2 2
3 6
154 260
4 297
14 323
8 581
4 6
15 323
15 89
3 3
29 1361
44 2879
3 3
2 885
35 95
137 12672
2 21
15 940
3 3
22 144
3 5
3 288
427 29416
3 5
8 588
5 7
18 1537
5 7
496 5159
1 3
3 3
2 2
3 3
63 6795
2 3
183 554
16 93567
7 595
8 24
4 7
2 288
7 12
3 3
33 1610
14 22
4 5
27 3500
24 1768
13 588
11 82
3 5
51 7454
5 290
1 9
3 3
8 13
1774 836246
55 3490
2 9
5 13
5 289
24 940
5 12
3 3
2 5
22 144
4 4
3 3
3 3
15 89
2 34
27 10873
58 4784
6 22
3 3
2 6
189 13615
326 3529
11 1703
5 297
294 9909
2 21
2 2
7 311
15 597
16 1537
40 3415
2 5
9 300
1 588
11 97
11 21
62 2252
7 597
2 2
8 1528
5 6
2 2
27 517
2 2
3 3
35 95
4 52
2 12
1 59
18 608
18 144
2 3
3 3
2 2
178 633
3 8
1 5
206 12670
1064 11067
3 288
1 2
3 297
294 2820
3 3
14 1769
4 14
5 5
139 10996
14 1858
692 17884
2 5
9 588
294 2820
10 23
3 3
2 286
5 10
3 13
15 323
5 5
8 56
29 1610
2 3
2 2
2 3
3 5
6 6
4 12
3 6
10 588
26 2764
2 12
245 17431
3 6
119 2553
301 2820
13 588
119 2553
10 1805
3 3
15 885
4 288
5 303
16 2829
6 19
121 12671
3 9
2 2
9 31
45 4458
5 294
2 5
1 6
2 2
4 296
5 10
2 2
763 54353
15 36
6 304
1 6
1774 836246
2 2
1 14
171 13615
697 3529
1 4
40 3415
3 2872
58 4784
3 6
3 288
6 304
513 25791
658 4103
86 3199
1 588
1 288
697 3529
6 301
9 2074
318 2820
3 54
3 3
6 309
26 2764
1 6
9 9
5 12
6 304
2 588
663 17884
6 6
6 3994
15 1172
6 3994
327 1761
27 13297
3 3
7 12
6 7
12 2081
2 24
1972 76782
91 10517
62 2252
7 10
19 641
3 3
10 588
22 144
4 288
183 6205
2 5
29 3075
33 4830
48 3428
3 6
87 3455
17 1449
7 301
2 2
4 89
5 10
3 6
3 3
5 7
4 72
3 3
1 6
11341 334274
219 18426
3 290
1 3
270 1282
3 6
5 303
3 3
61 3722
29 1361
5 9
2 288
29 14797
9 12
13 588
15 327
3 5
2 5
99 14219
3 13
4 4
1 3
1 269
1054 37171
2 2
4 72
278 9863
65 2255
1983 707560
274 7900
5 11924
5 304
4 288
1 949
3 13
82 6320
512 36846
6 14
1 2
27 13307
2 301
12 2584
110 14808
28 925
153 259
10 300
29 1839
15 323
8 581
1 2
337 3001
27 493
6 304
4 7
29 6142
513 11211
3 3
5 12
1 58
15 323
34 73
13 588
7 13
1 5
52 2238
5 67
11 31
16 1537
1 303
13 310
27 10873
8 10
4 354
195 12670
9 29
11 31
3 35
3 5
9 310
15 36
4 2065
15 19
4 297
143 12672
650 4712
3 5
3 3
8 13
3 3
15 30
1072 6134
14 323
1724 32599
3 3
450 1709
2 2
29 1361
3 1999
5 885
51 7454
119 2553
4 297
1 949
11341 334274
4 4
79 8876
62 2252
8 595
2 2
140 631
1 3
82 6320
2 6
5 297
149 20727
142 3452
1 5
1 269
11 32
9 31
3 288
3 18
34 3075
21 1764
64 121904
9 52
5 12
56 2245
14 316
8 11
15 327
49 4672
11 323
1150 39838
8 12
326 3529
82 6320
8 1528
17 17
4 6
1 2
8 15
29 73
2 2
4 285
2 2
7 16
16 156
55 3490
29 6142
2 9
2 5
12 290
4 6
14 1040
42 9797
2 2
4 297
440 33898
46 1040
2 2
4 89
3 3
2 5
8 581
99 14219
142 3452
23 940
10 1805
6 22
2 303
4 4
2 2
47 1307
5 10
29 1361
3 3
13 2686
1 2
3 6
2 2
10 32
12 588
216 20572
56 2245
394 24937
12 1767
3 304
6 6
303 29615
28 1294
24 53
14 323
8 37
12 588
2 2
228 82988
513 146331
16 1537
3 18
1232 44573
1 64
4 4
25 1769
2 3
12 313
3 3
13 588
65 1285
306 3326
3 297
2 287
1 2
1 5
4 304
1 10
2 3
2 2
8 13
2 2
1 588
1 2
6 304
199 14429
4 1999
3 18
3 3
2 136
3 72
2 2
1 5
31 95
4 6
16 23
8 8
29 6142
3 3
17 95
7 12
1 2
46 1040
9 31
10 46
56 2245
3 3
25 2231
593 162068
10 2662
1 5
593 162068
2 5
4 288
2 2
1 6
2 13
3 6
5 289
513 146331
91 12938
14 323
2 5
98 4510
27 10873
1 12
6 14
5 13
9 40
33 9789
5 1169
3 9
8 580
184 14807
5 8
2 3
177 5312
123 10997
2 2
1 6
29 34
57 2723
4 11
5 10
3 3
1 949
231 6032
5 301
1 286
16 1537
1105 39838
1 76
15 323
42 105
1 286
6 304
5 13
1 5
2 3
2 3
1 2
12 1537
64 2829
119 2553
175 17653
15 323
13 34
62 2252
5 297
1121 11067
7 301
3 3
3 288
2 2
2 4
8 588
16 82
3 3
5 17
1 2
1695 65579
3 3
27 13307
57 204
6 588
3 3
91 10517
3 3
5 289
4 7
57 204
65 205265
6 10
283 9900
8 10
27 13309
6 21
238 4006
5 8
3 3
64 4785
4 6
2 2
1 3
3 18
183 554
22 3438
15 27
17 1449
6 9
2 3
18 32
3 3
7 11
396 28797
46 1040
4 6
3 23
16 82
16 23
199 14429
12 31
1 71
4 297
5 2077
150 379
2 5
763 362079
85 3197
16 93567
5 13
3 3
65 2255
5 13
5 10
1 59
2 2
17 1449
10 82
91 10517
10 32
16 93567
28 1610
4 89
15 30
2 150
2 9
578 4499
3 3
41 133942
2 2
31 493
8 12
137 12671
2 5
10 23
29 73
4 12
270 1282
44 162
4 40
15 95
5 7
3 9
6 17
102 14219
5 1999
27 13307
5 289
2 2
1 588
2 5
11 32
38 9789
98 4510
3 72
4 12
3 3
13 34
3 3
7 297
1 22
3 3
4 11
23 940
15 323
1 2
17 1449
7 588
805 54358
1 3
3 3
8 24
2 2
8 581
17 1769
2 9
4 6
1 2
13 949
2 5
2 2
1 588
11 329
3 36
191 19395
119 2553
3 4
66 4962
2 2
2 61
18 1537
15 323
7 8
91 10517
1 296
15 95
2 2
3 13
5 6
13 56
1 5
9 13
27 13319
6 22
2 2
132 323
28 925
15 36
2 2
238 4006
303 2820
301 2820
62 2252
1232 44573
2 2
2 2
8 12
2 2
265 9603
2 588
7 597
6 304
2 2
1 2
3 1999
2 2
14 3146
11 2074
3 3
18 32
44 2879
9 22
9 33
1 59
1 15
3 18
183 554
1 2
15 327
1 4
5 161
1 5
4 6
2 2
149 20727
13 1294
12 44
14 323
1 4
1 10
12 290
85 21524
2 2
3 3
3 3
3 178
415 17241
6 949
9 31
4 354
783 11915
1 5
29 73
3 3
237 82988
4 11
12 31
3 35
12 32
1 588
15 30
64 121904
149 20727
4 220
4 13
10 45
1 22
5 289
4 288
4 297
3 72
9 11
1724 32599
3 27
98 6795
2 275
62 1547
3 3
100 201892
14 316
52 8725
7 11
8 581
1 5
452 59193
3 3
578 4499
4 304
1 15
57 126948
29 1839
42 2723
698 3529
1 6
12 290
15 36
3 288
3 288
9 52
5 6
15 30
2 2
13 13
2 2
661 47855
3 5
1 11
2 2
7 7
28 1610
1 949
22 1769
294 9909
8 322
189 13615
14 36
83 135400
121 12671
3 288
1947 43078
4 304
2 3
401 5864
6 40
4 6
62 2252
1 588
198 16329
18 608
3 3
1 269
3 3
98 4510
25 1769
2 5
4 5
5 5
10 45
163 691
69 7459
14 1537
3 3
2 2
1054 37171
22 144
3 66
48 82
15 323
13 310
15 95
9 13
1 2
8 8
1902 834508
63 167
3 3
3 13
3 3
2 588
3 3
27 13309
3 3
15 79
29 1361
1 64
8 595
27 13319
6 309
12 31
29 3075
2 588
56 2245
6 14
4 4
44 162
9 3500
5 11
1 15
11 32
2 2
1 288
5 10
6 22
31 6142
5 949
2 21
3 13
53 2238
4 288
2 2
56 2245
12 31
14 588
2 2
2 9
3 89
661 47855
44 6772
15 3441
18 1537
24 2764
8 15
66 126948
10 28
2 12
15 36
5 6
3 4
62 2252
159 261
3 3
6 71
14 36
4 89
27 517
13 34
2 2
545 4547
1 949
99 14219
3 3
6 22
199 14429
9 2074
46 4779
62 2252
11 323
15 36
285 9603
26 34
1 12
9 360
5 289
7 297
12 31
805 54358
118 3453
2 2
12 2584
2 3
3 3
2 2
4 288
231 6032
63 6795
4 288
6 22
3 13
7 54
5 67
5 13
13 588
8 15
2 2
6 6
2 2
4 12
2 2
270 1282
3 3
27 13285
46 1040
61 3455
15 89
5 10
9 10
3 304
2 2
6 304
5 6
3 3
3 3
3 3
651 4712
2 5
35 95
99 14219
4 24
11 13
2 27
4 14
87 6865
1 5
2 2
1 39
46 1040
32 97
25 1769
27 13297
3 3
16 82
2 34
3 3
65 4785
17 1449
6 304
3 18
