2 3
2 3
3 22
2 14
2 18
3 3
2 2
42 3452
3 304
4 82
7 312
147 25791
2 2065
2 10
25 2252
2 3
2 2
3 3
1 5
1 3
6 91
1 8
5 327
8 3075
10 3676
2 3
1 3
3 4
2 4
5 2526
2 588
1 48
5 23
1 64
1 3
60 5340
4 297
7 13
3 6
11 28
1 2
3 3
1 5
21 6795
3 22
1 3
8 1361
12 12938
4 6
1 14
3 3
2 3
3 3
4 2074
4 33311
20 2252
4 2245
12 14815
6 493
2 2
13 39
2 3
1 30
7 835
46 834508
2 10
8 9797
41 3529
2 304
2 18
3 300
2 15
200 21746
2 15
2 2
2 2
4 249
6 13295
1 6
21 6795
2 89
257 106703
1 3
2 588
3 52
11 398
3 7
2 3
2 12
4 360
5 4962
3 8
4 82
4 3490
14 1567
2 15
2 3
3 23
3 52
3 52
3 5
1 3
1 5
8 36
3 10
1 3
5 24
3 940
4 4708
4 11
6 12
2 5
2 4
2 289
98 580
1 19
20 2820
3 3
3 55
1 7
6 93
56 4712
69 5161
2 588
1 2
1 15
4 6
17 95
1 269
1 3
1 11
1 877
6 32
1 3
1 6
3 15
1 30
138 11067
1 3
3 304
2 588
13 9789
2 297
2 9
27 9913
2 12
1 2078
55 5340
5 2686
20 3455
3 3
7 2879
2 15
1 2
2 289
4 10
1 89
1 4
4 31
2 6
3 315
2 588
62 11915
2 18
2 4
7 8
5 36
3 11
6 493
2 588
7 329
1 11
2 9
4 41
1 3
38 14435
3 2077
1 5
19 8725
2 24
5 31
6 493
2 9
76 146331
17 3221
4 26
20 3455
5 1742
2 2074
4 20
1 7
12 14436
1 2
13 3416
8 379
10 6774
8 1858
5 32
11 27
3 15
1 6
1 3
4 2245
2 289
2 61
2 596
7 105
3 7
12 6142
2 36
3 1560
35 1029
1 3
6 12
30 8861
3 885
2 304
2 12
8 379
10 133942
4 478
2 15
1 7
18 334
15 2829
2 10
2 12
1 15
2 597
2 28
313 76786
4 82
1 5
1 3
1 297
3 17
1 35
20 205265
100 162068
2 2
6 6
82 39052
2 21
100 162068
3 14
4 32
21 6795
2 22
22 2820
57 18430
1 588
3 885
2 6
12 8880
4 32
28 56921
1 949
36 17122
2 596
30 36846
6 93
4 161
8 12581
1 3
23 2820
1 7
109 8433
3 300
1 3
2 2
25 730
45 12677
1 2
5 327
5 59
9 56
4 940
12 3090
2 89
2 9
1 29
3 312
3 2584
147 11211
2 2
4 277
7 54
1 286
1 3
14 183
2 3
2 2
20 3455
3 581
10 144
3 300
1 2
2 1768
100 162068
223 83283
2 3
5 31
1 9
5 320
1 8
4 2245
2 2
25 6032
5 35
1 8
2 3
2 10
1 8
5 6842
6 9789
3 1294
46 260
3 7
35 29629
13 40
147 11211
3 295
38 14435
1 2
2 588
8 8
2 27
5 581
2 3
7 329
6 2000
1 287
6 2244
10 1176
2 596
6 2244
21 335
1 304
3 5
1 10
49 42980
1 2
1 312
82 39052
24 2820
5 31
1 2
11 162
18 639
22 691
12 7459
8 29
41 3529
1 30
3 290
2 2
4 3056
16 6795
2 15
1 588
7 167
2 300
1 8
1 3
3 13
64 4528
1 2
3 9
5 8179
1 6
1 5
11 2879
2 288
16 228
1 2
1 2
9 2764
2 58
8 1449
1 40
24 19395
2 1999
38 14435
6 4304
2 588
11 27
1 855
19 1761
16 3180
4 11
240 62947
2 24
2 3
55 3531
11 34
2 22
1 3
1 1996
2 2
28 10999
1 6
6 12
8 1858
31 82
2 588
2 15
3 52
5 24
11 1547
2 3
3 33
4 5
1 12
1 588
3 12
1 5
2 7
22 691
2 8
1 3
2 5
8 379
3 289
8 1858
2 3
1 3
4 5
4 304
1 8
3 1769
3 1537
5 32
4 2074
3 8
1 6
5 6
20 12581
1 6
1 14
58 834508
3 5612
5 14
2 6
45 6134
1 3
2 2
2 220
2 68
1 5
10 1172
4 4672
6 12
2 3
3 868
201 54374
30 8861
2 2
2 15
1 3
10 1839
12 6032
56 28811
3 6
3 6
8 2553
3 10
2 89
1 5
4 41
2 290
7 3074
2 275
10 12678
3 17
2 58
3 10
1 287
4 10
4 3994
1126 334322
5 7
9 97
2 18
13 39
5 71
2 2
3 10
64 261
3 3
1 3
1 303
3 1769
2 3416
5 940
2 6
53 122773
3 868
2 859
27 9913
1 30
1 5
2 2
20 205265
2 5
2 3
95 572
2 2
2 3
2 588
5 7
5 301
11 929
2 3
2 6
4 8
13 6432
1 312
24 19969
2 289
2 6774
1 20
2 588
36 17122
7 329
13 33
1 288
6 6
28 1853
3 72
34 2858
2 17
1 3
36 1282
1 6
1 6
1 6
4 1999
14 18
2 2
1 2
2 3
267 58680
1 82
7 4672
3 3
2 3
10 2879
1 30
33 6320
9 89
2 10
2 2
5 31
4 39
37 20583
27 3453
6 8
3 35
3 3
7 3672
2 588
5 581
5 6
3 1999
2 588
1 2
2 2
2 18
1 3
2 134
3 91
3 10
2 4
24 17653
2 68
25 2252
15 6774
1 30
2 12
10 1839
10 12678
267 58670
9 6142
31 82
6 10873
3 10
2 2
2 2
2 35
4 51
3 4651
5 14
6 493
3 885
24 1299
61 15476
6 92
3 17
3 4
2 15
2 18
4 6
1 883
2 52
2 3
2 2
1 5
2 2
4 5
1 8
1 12
34 2858
2 303
6 32
8 36
1 6
20 12581
2 6
2 18
9 1769
1 6
3 11
35 19395
3 11
2 2065
1 2
3 10
3 1361
2 588
6 91
5 34
53 146331
4 51
2 15
10 1172
5 300
8 4699
1 30
4 304
12 7459
8 1449
2 13
2 588
3 3
4 11
6 10897
1 6
1 5
17 3221
15 2829
41 3529
33 633
13 162
1 5
10 144
2 5
40 259
1 2
2 7
25 6032
1 2
1 3
2 5
3 4708
2 2
3 288
10 133942
4 3056
2 15
6 588
16 3199
4 2074
1 949
3 11
73 24305
4 5
2 89
5 12
13 12938
4 2245
22 2820
5 327
1 3
2 3
2 15
4 1537
1 27
1 2
3 327
2 54
2 6
2 12
7 327
3 868
2 2
5 327
2 304
5 1703
1 6
2 2
2 5
6 95
1 58
155 32599
2 18
4 2074
80 24321
6 95
13 1610
2 9
32 2553
8 1858
3 14
394 32001
2 3
6 95
2 2074
16 3180
2 2
1 30
5 31
2 3
3 72
5 1361
2 3
1 3
2 304
3 15
1 64
1 3
1 855
2 3
22 4712
11 150
1 16
2 595
7 4672
12 7459
6 10897
10 2879
18 11915
20 3455
1 58
1 3
4 10
1 3
2 4
2 3
80 36902
8 36
2 9690
3 25
6 327
2 2
32 2553
100 162068
1 4
2 2
8 4788
1 288
2 36
1 297
6 92
6 493
4 8
17 95
5 13
46 9881
4 5
9 2820
25 6032
5 327
2 213
1 3
1 30
2 24
2 3
22 691
18 201892
2 588
1 297
19 1761
2 3
2 2
2 304
5 327
15 2829
2 82
5 13
2 6
1 5
46 834508
2 9
1 6
3 581
5 7
1 6
1 3
3 868
47 261
3 30
8 167
7 34
19 20727
6 2247
13 90
1 2
12 1769
3 304
2 1093
2 588
7 5168
1 5
2 6
267 58670
4 5
2 2074
2 3
2 288
2 15
1 5
2 588
4 5
1 34
5 885
3 288
2 2
3 312
1 3
5 32
5 13
10 34
2 588
2 12
64 4528
5 156
2 15
1 891
10 12678
4 118
19 8725
1 2
6 10873
1 59
2 14
4 5
9 56
5 31
165 80659
2 24
5 12
32 82988
2 949
3 3
1 2
6 93
2 3
1 2
3 5
2 2
3 10
1 7
1 6
1 6
2 1999
2 3
2 3
4 8
16 3722
2 5
6 13295
1 2
73 24305
32 2553
6 327
1 288
7 167
12 12938
2 2
1 2
5 96
5 31
3 1999
2 3
2 3
2 3
13 1769
2 4
2 588
4 11924
10 2879
38 14435
2 289
8 9797
1 5
1 5
6 3729
46 834508
17 1895
3 3
10 327
3 174
41 260
2 2
15 2829
75 13395
17 2553
1 25
1 304
1 14
4 940
3 3
2 588
6 32
1 8
3 22
81 16392
3 885
4 31
1 588
2 3
1 3
3 31
3 6
4 2074
2 2
2 297
6 10873
2 18
9 2820
3 3
4 3056
10 12678
3 58
1 2
2 67
1 3
10 12679
4 2245
60 9607
2 304
4 304
2 2
3 9
1 286
2 288
2 6774
3 581
3 603
2 9690
6 327
8 327
9 56
3 21
2 22
12 5094
8 1858
2 2
1 12
3 3
46 834508
2 5
1 64
1 3
614 101932
5 31
4 1999
5 6842
2 304
4 3490
138 11067
4 327
27 9913
2 19
5 31
2 2
8 167
3 144
46 834508
9 1040
3 290
12 1307
1 2
2 2
2 2
2 304
5 301
6 2829
3 1768
1 5
2 297
3 3
10 12678
6 588
27 6205
6 93
5 2080
3 12
201 54374
2 3
24 19420
3 7
2 2
3 31
1 3
5 7
157 20883
24 17653
2 68
8 9797
1 9
2 580
1 7
10 1361
3 277
2 3416
21 920
8 73
11 8877
2 288
1 6
12 12679
3 9
2 2
6 493
1 58
1 14
33 55313
16 6795
1 588
6 588
2 596
2 5
2 354
2 288
82 39052
17 95
3 3
26 4510
4 304
2 24
1 3
10 1361
1 12
45 12677
2 24
34 9913
2 2
2 2
1 2
10 144
1 15
1 21
2 3
1 2
47 9607
1 3
1 588
1 2
2 17
1 855
25 2252
19 8725
6 10873
3 4
2 15
5 31
2 9
1 72
3 588
4 5
1 5
24 2820
18 216689
6 32
16 6795
2 30
9 7459
5 64
3 10
267 58670
17 1895
1 64
152 20711
8 2257
9 598
4 10
2 2
15 19
2 5
11 608
4 256
3 5
57 18430
4 31
2 89
3 8
1 11
4 11
5 1180
1 297
2 3
23 20727
1 4
5 17
3 3
20 2932
8 1769
1 3
2 3
6 2662
4 304
4 5
7 1610
2 12
2 89
2 18
2 3
2 2
1 24
2 5
10 144
11 27
1 15
5 7
6 3490
2 2
1 3
11 1547
1 10
2 297
10 6774
3 7
2 3
2 8
4 31
1 288
10 2879
34 9913
3 304
36 1282
11 9789
3 3
2 2
2 5
5 31
1 20
2 296
2 3
1 6
6 93
4 4
2 2
1 5
1 6
1 5
55 3531
3 885
4 32
1 327
2 30
1 30
3 3
2 2
1 9
2 11
13 162
6 7
2 12
23 2255
1 304
19 323
4 2245
1 301
1 2
3 3
9 1040
1 588
6 2662
46 834508
2 18
8 2257
9 7952
23 5114
1 18
2 24
229 241102
155 32599
3 10
5 8179
2 9690
4 304
13 162
4 8
27 6205
26 4499
2 304
2 3
12 5904
2 290
18 17438
6 327
2 3
2 15
2 3
2 12
6 588
129 10479
1 64
3 30
18 11000
7 387
41 3529
1 6
55 7904
3 1537
3 8
1 2
22 3221
46 834508
2 3
2 60
2 2
3 8
12 5904
28 1853
15 2829
2 304
5 9
1 2764
1 5
3 34
5 31
3 55
6 493
1 6
2 1709
3 7
1 304
6 13309
2 67
8 7952
5 31
2 588
1 76
2 288
2 2
1 2
2 588
1 2
8 30
1 3
3 6
2 289
8 73
24 2820
20 3455
4 13
1 3
2 18
4 33
1 3
1 8
53 146331
9 2820
2 12
1 14
3 2584
2 2
3 4708
4 360
2 14
7 9797
27 3453
4 327
2 595
1 2
3 22
6 493
6 59
4 5
2 8
55 3531
10 135400
12 1769
2 304
10 135400
1 2074
6 95
2 3
4 4708
100 37171
4 12
2 4
4 32
8 7898
1 5
2 2
1 6
79 79
30 8861
2 14
2 3
10 144
1 6
77 17909
3 4
4 174
1 3
1 2
2 596
2 3
2 2
2 588
7 34
16 3180
13 17
5 6753
7 461
3 72
11 150
7 95
3 14
3 31
2 2
2 17
3 1537
3 52
2 2
1 3
1 3
2 596
5 22
1 11
2 936
5 156
2 4
12 1520
1 3
3 10
3 6
17 1895
3 868
6 6
2 588
5 1703
87 18509
55 3531
2 7037
3 6
6 517
8 1858
5 19
12 12938
1 3
2 1999
2 288
5 31
2 2
2 304
1 312
8 4424
7 329
4 1537
2 89
6 13307
1 2
9 1769
6 13321
1 76
10 6774
5 13
2 304
4 13
6 13283
1 3
1 5
13 1610
2 588
98 580
3 31
2 12
2 596
1 2
7 9
1 312
2 3
5 31
2 3
1 2
6 8
4 10
6 93
1 30
10 1449
8 929
1 11
3 5
2 588
5 2080
6 517
5 31
1 33
7 13620
4 32
3 29
5 320
7 34
11 8877
23 2255
5 1766
3 581
4 10
29 35989
12 14436
8 1858
21 4499
4 304
3 304
1 2
2 54
1 269
20 3455
1 72
2 3
5 23
5 156
2 5
7 4788
3 3
1 3
8 8
2 588
1 588
20 3455
1 12
1 5
1 2074
1 3
8 2238
27 9913
2 588
8 1449
2 2
7 34
5 13
1 312
3 10
155 32599
1 64
1 3
1 6
697 407785
1 3
3 31
6 12
5 8179
1 5
46 834508
2 18
2 2
2 24
1 3
13 1520
1 72
6 4790
1 6
267 58680
1 14
58 834508
2 3
2 12
5 13
10 2879
6 10873
9 97
1 855
3 597
2 1999
3 3
1 301
1 3
9 323
6 588
1 2
2 6753
2 18
11 27
92 156848
2 6774
20 3455
6 868
5 32
1 30
13 162
1 3
5 327
6 95
1 64
2 3
7 13620
44 5521
1 3
3 1537
1 3
1 3
3 55
23 2255
3 6
15 71
1 33
2 312
3 52
5 31
77 17909
2 596
2 58
1 6
9 339
7 1815
16 3199
1 2
43 3529
3 58
2 304
20 2252
2 3
2 12
3 315
3 18
3 3
2 3
1 9
8 7898
2 67
9 7454
2 2
4 1999
26 10517
6 4789
6 33
2 354
8 379
36 3326
14 16
17 13620
15 2829
12 7459
2 3
267 58680
73 18096
147 11211
6 1608
1 40
6 2662
1 3
10 2879
3 73
2 2
2 588
3 23
6 13297
11 150
6 517
4 2142
2 15
1 288
2 2
2 3
9 7454
4 5
11 162
2 82
2 12
12 6032
6 327
2 3
18 334
2 326
2 297
2 2
6 13319
3 31
17 95
2 3
3 312
2 289
16 63
3 277
2 12
8 1449
1 15
2 4
6 493
1 4
2 2
33 55313
2 297
2 2
2 2
6 5168
1 3
9 1294
2 13
1 2
66 12239
2 6774
1 5
8 2362
2 290
1 5
1 2
1 30
5 590
2 12
4 360
1 6
7 329
1 21
2 1709
7 1610
1 2764
3 288
7 4672
3 1610
5 1703
1 5
201 54374
2 290
5 154
4 51
5 36
3 312
1 29
1 39
2 3
55 3531
38 14435
2 2
6 13264
4 32
1 3
4 3994
3 3
2 9
1 855
35 1029
1 44
1 3
2 297
2 15
275 65583
4 32978
3 9
2 354
2 13
2 6774
2 2
10 12678
2 288
3 304
2 6
5 940
24 17653
3 1294
4 12
4 32
1 9
29 9881
2 10
4 297
47 261
1 2
1 30
1 5
2 6
8 55
2 9
33 6320
1 1294
3 19
2 297
1 10
46 834508
1 3
5 301
5 32
8 145
2 289
2 1999
1 3
5 2029
1 588
11 28
1 3
7 34
8 1449
2 89
2 2
2 289
1 2074
2 2
3 22
1 2764
13 179
8 71
8 36
8 55
2 297
2 4
1 7
3 7
1 6
2 10
7 35
27 4509
6 4789
6 493
56 628913
7 903
3 23
2 15
2 3
1 9
2 12
7 1361
4 11
2 12
2 136
5 31
2 18
2 89
9 1040
6 92
15 673
5 360
3 3
70 17884
2 33
1 8
12 39
1 6
7 929
3 2232
1 5
1 3
262 48185
1 2074
10 3455
1 2
21 6795
3 52
3 3
2 288
22 4712
2 3
1 304
3 596
6 32
1 9
5 2553
4 304
2 14
5 17
129 10479
1 3
5 114
150 39838
3 7
38 1853
4 304
1 13
5 156
5 23
41 3529
1 3
2 10
3 52
2 22
2 2
6 13309
2 178
1 304
4 588
1 3
18 323
1 2
3 31
1 3
5 301
3 144
53 33040
3 354
1 301
2 18
22 20727
2 1768
3 3
3 354
1 3
2 3
1 3
1 21
1 2
8 4788
7 134
3 4
5 22
1 5
36 1853
5 183
4 2245
1 3
1 6
2 588
7 34
6 6
1 588
10 3676
2 289
3 22
1 3
2 3
1 855
11 162
2 6
1 71
1 269
2 18
2 2
8 66
1 588
1 855
5 297
7 167
2 89
10 1839
2 4
1 3
15 2829
8 1858
2 2
17 8725
1 6
2 3
2 3
7 144
2 14
2 10
2 1528
9 1769
9 6142
1 5
170 54369
3 8
36 747
3 14
2 89
2 60548
1 10
40 12677
313 76786
1 5
2 9
5 7
7 13620
17 95
15 2829
35 633
4 2245
19 8725
4 20
8 9797
16 3722
7 2879
1 3
80 36902
39 12677
2 18
267 58680
12 39
3 1999
8 3075
8 17
4 15
2 3
2 2
16 673
69 5161
1 5
2 6
5 6
60 9607
1 3
1 7
3 290
5 8179
8 28
34 2858
1 3
5 1604
2 3
8 2553
1 2
1 2
1 27
1 15
5 17
2 3
11 398
2 588
5 35
1 3
1 30
6 493
55 7904
6 4789
1 3
3 4
15 249
1 288
2 304
7 329
1 5
4 1602
7 1610
7 4962
5 56
40 259
11 162
1 289
6 868
2 9
4 378
8 9797
5 31
4 297
12 89
2 2
1 7
24 730
56 836246
2 3
3 3
1 6
2 3
2 288
2 3
3 3
1 297
1 3
2 288
14 90
4 11
8 379
2 89
6 327
2 2
2 2
9 3431
2 588
5 8179
6 327
2 44
1 949
3 5
3 10
6 3490
16 3199
1 588
9 89
2 3
9 121904
267 58680
7 327
3 1768
1 1999
28 56917
3 6
1 3
5 71
24 19395
5 6753
7 329
7 3500
22 20727
129 10479
1 11
2 3
8 4699
8 32
2 89
1 64
6 13283
1 30
5 22
6 13297
1 2
2 9
2 5
4 940
26 4510
6 126948
2 2
2 150
2 581
2 289
2 304
21 6795
2 7
1 3
11 28
2 2764
2 304
2 9
17 8725
2 3
1 3
2 6
12 5904
1 29
10 135400
6 588
628 407530
2 12
2 22
4 6
2 296
6 13297
2 2
3 1768
12 1769
4 27
2 18
6 603
4 51
5 32
1 6
2 3
8 379
2 588
6 13309
3 22
1 3
1 21
3 10
2 3
2 2
147 25791
2 12
1 27
2 304
2 12
5 2553
2 17
1 287
4 12
2 22
12 12938
7 478
3 304
3 30
4 2245
2 18
1 3
1 588
2 297
6 14066
1 12
1 10
7 929
3 23
4 8
1 35
2 3
2 2
5 2080
201 54374
2 297
24 2820
7 52
25 2252
2 24
1 6
17 1895
1 588
2 3
8 2238
16 18327
2 6
2 2
41 3529
3 112
1 588
2 3
26 1853
2 2065
5 32
1 3
2 2
2 4
1 2
1 1999
2 14
2 17
2 89
3 3
2 89
13 1610
129 10479
2 2
2 2
2 588
2 2
2 180
1 76
1 5
100 162068
55 15546
11 1610
5 31
5 195
7 2879
147 11211
2 289
8 1449
12 12938
2 5
2 4
3 3
5 6842
1 35
1 588
3 7
6 6842
45 6134
3 12
6 13295
74 13387
9 641
1 64
4 10
1 3
1 12
3 8
33 6320
1 2
267 58670
24 2820
12 12938
2 5
5 31
3 10
2 2
3 9
5 301
9 56
6 12
5 23
13 14219
2 10
3 4708
9 7459
6 32
17 95
3 31
6 10873
2 5
2 2
2 290
1 14
2 326
16 673
6 8
3 3
1 3
43 3529
1 3
1 6
7 95
13 39
1 5
1 2
1 30
8 8
25 2252
6 2030
1 2
1 64
4 10
3 6
3 9
3 1769
2 588
2 289
2 24
7 8637
1 6
4 940
1 3
1 2
3 89
3 4
3 290
9 1040
3 315
10 2879
5 581
1 588
3 23
2 14
1 7
27 9913
1 29
1 5
1 10
13 14219
7 95
1 7
2 12
1 3
3 6
3 7
2 296
7 34
2 588
2 24
5 8
4 3490
24 19969
2 312
5 7
5 581
17 13701
3 14
1 15
2 588
2 3
3 35
2 67
2 3
29 13620
1 15
2 2
151 20152
13 105
2 12
6 327
86 4547
8 1858
2 595
2 2764
2 4
2 588
2 12
1 588
5 31
3 8
53 146331
1 7
2 2
1 22
6 6
5 301
2 12
21 6795
1 3
4 11
8 9797
3 354
3 31
4 32
2 2
1 301
3 290
14 2820
2 588
3 7
16 1761
3 15
2 8
6 95
1 5
1 2
10 12678
1 949
3 297
6 32
2 2
4 3994
10 144
2 3
11 608
41 3529
2 4
6 327
3 354
1 2
2 304
2 275
2 2
1 3
1 30
1 33
2 1528
8 120412
7 329
2 2
2 2
1 588
24 19395
33 633
2 2764
4 54
6 581
1 12
5 1742
2 11
2 1999
3 2077
2 3
3 10
2 2
8 1858
1 949
2 588
3 19
26 4510
5 10380
2 3
6 93
15 4006
15 249
2 288
7 1172
2 588
3 10
2 2
4 21
2 2
1 326
6 10873
4 12
4 4
7 2755
73 18096
20 1299
2 2
6 95
4 13
1 301
1 3
22 4712
2 2
3 3
16 6795
6 13297
5 312
2 3
13 38
1 2
53 146331
16 700
26 4499
47 20583
58 834508
1 5
3 4
5 581
58 834508
2 24
3 581
3 31
2 2
1 11
1 20
5 19
2 5
1 3
4 7
2 588
14 16
8 1449
4 54
137 51958
2 9690
2 22
2 588
36 3326
4 354
25 6032
1 7
13 162
2 2
5 8177
8 71
1 12
17 95
1 12
1 64
4 277
1 10
1 33
2 596
3 22
2 89
1 855
2 22
10 12679
6 10873
5 2526
2 2
1 3
5 1703
4 10
60 9607
2 2065
4 21
11 28
24 19395
2 3
5 940
2 2
8 36
20 12581
12 95
3 3
2 288
1 1852
1 2
2 3416
1 3
10 1839
2 89
2 3
30 8861
5 1604
22 633
2 2
2 289
3 34
8 327
1 64
2 297
1 3
5 1604
5 1040
4 8
3 2074
2 588
1 10
9 144
8 379
1 6
1 24
1 5
2 2
1 76
1 30
5 8177
3 304
5 940
2 9
2 2
1 3
2 3
1 885
7 35
25 2252
3 581
2 3
1 71
16 26
3 327
1 297
2 326
1 3
56 628913
23 3484
1 64
147 25791
4 28
1 7
6 13319
4 32
1 885
2 12
4 8
1 3
2 12
2 89
2 44
5 1703
170 54369
4 82
3 5612
1 11
201 54374
1 33
57 18430
2 3
5 1769
1 588
1 5
2 24
6 93
4 304
3 581
6 6
2 30
6 92
1 3
20 3455
7 52
3 312
18 11000
8 1029
1 6
7 13
82 16400
2 588
4 304
2 15
7 70
4 5
59 122343
1 588
42 3452
6 588
10 2879
12 2723
3 11
2 3
2 22
2 7
21 4499
36 17122
1 3
8 36
2 2
3 52
4 41
4 949
8 3075
39 12677
1 297
4 304
3 10
143 51235
11 608
3 354
6 10873
4 949
13 39
2 11
1 15
18 216689
2 588
7 34
13 12678
1 9
5 31
77 16400
2 3
3 10
3 1768
129 10479
1 287
5 23
1 588
8 379
4 297
6 588
1 15
57 18430
2 3
2 2
19 8725
1 64
2 6
25 6032
1 588
4 304
1 3
3 144
46 834508
3 354
1 5
3 65
1 588
20 2252
2 58
2 9
4 588
2 2
106 47855
1 12
45 3531
6 493
3 14
13 14219
58 834508
7 35
1 3
9 3431
2 3
2 2074
7 9
4 46
7 54
2 588
2 2
2 2
1 588
7 95
2 2
2 5
14 1839
20 2252
60 9607
5 6842
3 17
3 144
2 304
2 588
2 12
2 2
3 14
55 7904
2 12
7 183
5 32
30 36846
4 4708
1 294
5 31
28 3482
2 290
2 2080
2 3
9 6142
12 2723
2 288
1 2
2 2
2 3
5 12
2 22
18 7186
1 3
1 2
3 581
15 6869
2 34
2 3
2 3
1 11
6 3146
7 929
2 8
26 4510
6 4591
3 883
2 9
6 10897
1 29
4 6
3 1769
2 10
1 2
6 581
2 2
11 12938
1 287
1 3
8 379
2 4
1 22
4 91
1 5
2 15
1 269
25 2252
3 2074
8 1449
19 323
19 8725
1 3
5 301
19 8725
3 868
4 2074
2 24
1 287
12 13325
1 3
1 2
8 66
1 8
2 296
8 2238
41 3529
2 15
1 5
2 2
2 5
2 4
4 2576
17 95
9 121904
3 10
6 32
3 6
2 6
3 15
1 588
7 835
1 3
17 13730
12 12938
1 3
9 2820
6 493
1 2
1 5
103 29424
2 3
8 17
1 2
5 11
3 304
5 56
3 4708
5 6753
6 493
3 52
3 10
7 34
2 288
1 5
20 2252
267 58670
2 297
598 21040
2 289
24 19969
2 3
3 4
29 9881
4 4
18 334
20 3455
35 2553
6 2662
6 4789
1 29
5 2080
2 3
4 11
30 8861
3 300
56 836246
3 3
9 1040
1 3
2 3
8 327
21 6795
3 11
1 588
6 95
3 3
1 588
1 2
1 288
1 288
2 588
2 2
5 1040
4 8
2 2
22 20727
3 4708
62 11915
2 18
3 1769
1 3
2 2
2 288
2 2
2 3
6 13307
6 8
2 588
1 2
1193 334322
6 10897
79 79
4 51
267 58680
92 29424
1 588
3 3
3 3
2 2
172 54374
6 8
8 2362
6 4790
22 20727
2 304
7 297
8 36
2 6
2 36
1 5
1 15
3 23
5 13
4 940
11 27
1 297
1 21
17 95
17 95
3 55
6 327
3 7
2 10
13 14219
1 855
2 15
1 3
2 287
1 21
69 5161
3 3
2 15
41 1106
3 3
2 4
6 10897
2 24
4 4
1 6
1 79
29 13620
2 297
2 2764
1 3
1 3
1 7
2 2
4 3994
2 2
2 3
6 93
30 36846
1 11
1 3
5 2080
2 288
8 1449
2 297
25 2252
8 2238
1 588
2 9
5 31
1 7
1 14
2 6774
5 294
1 3
2 9
2 22
1193 334322
5 31
5 597
2 290
1 64
2 15
2 2
1 588
2 34
3 10
2 2
20 3455
30 36846
2 4
22 2820
1 29
24 40
5 32
1 9690
27 9913
10 3676
2 3
5 8179
10 1839
3 304
2 2
4 5
1 112
2 14
1 30
3 6
38 14435
29 650
2 3
1 2
1 3
1 3
7 1610
4 10
1 2
1 2
4 19
11 27
5 36
2 3416
1 10
2 2
3 66
6 32
42 3452
1 949
3 940
2 286
2 12
3 5
2 312
5 360
2 2
2 3
15 4006
1193 334322
13 413
22 4712
19 643
9 89
1 3
3 5
2 12
44 3055
6 327
4 51
4 134
2 1172
3 6
13 1610
6 249
6 8
13 14219
10 1839
153 20883
7 329
3 3
1 2
11 1547
22 37171
22 20727
6 95
3 1537
22 691
6 4789
2 9
6 13283
27 6205
1 1999
1 6
6 13321
12 6032
5 56
1 2
10 3676
1 5
14 18
25 9345
1 6
8 1449
13 9789
4 3500
2 2
2 67
8 2257
2 3
2 588
7 3672
8 9797
3 7
8 1460
170 54369
1 76
3 23
13 1610
13 413
11 162
46 834508
6 93
11 162
2 89
1 588
2 89
4 118
4 10
33 633
4 32
2 3
2 12
82 39052
7 3416
105 11067
1 3
2 5
7 3416
1 112
10 1361
73 18096
1 10
32 2553
5 32
4 32
1 5
6 6
1 5
41 3529
2 28
10 1361
2 2
7 3074
3 312
1 30
10 1839
3 6
2 2
2 1537
5 13
267 58670
2 2
2 289
4 32
157 20883
3 72
2 65
8 73
3 35
1 13
8 9797
2 5
3 15
12 2723
2 3
1 6
98 580
1 8
5 12
6 13297
2 3
499 330744
5 581
2 588
20 205265
1 2
3 8
3 73
1 3
5 9
3 14
2 6774
6 868
2 2
2 14
2 8
15 6869
5 1610
3 1537
8 36
12 1976
13 1610
6 327
8 4788
1 18
57 18430
1 35
53 33040
4 3994
31 82
10 1839
23 2255
1 5
2 3
28 82988
3 8
1 3
60 9607
9 5456
2 18
2 588
17 639
5 12
3 7
4 59
5 31
10 2879
24 19395
2 24
3 12
2 1999
81 16392
6 2662
5 59
2 5
6 588
1 3
2 9
6 12
5 31
1 91
2 9690
6 13295
1 3
12 1222
1 64
12 14436
5 45
10 12679
3 14
6 4016
4 2245
2 289
15 73
77 17909
1 288
5 31
41 260
8 2238
2 304
2 588
20 2252
9 1769
6 327
1 286
1 10
3 33
136 44573
3 10
6 4783
39 12677
1 2
2 5
2 297
29 35989
1 33
2 3
16 3199
13 1610
3 1294
1 15
1 5
4 1537
2 5
152 29144
1 588
5 114
3 312
8 1858
2 2
1 2074
7 4788
2 5
3 7
7 3416
6 126948
29 650
598 21040
41 2858
1 5
4 31
2 6774
1 312
4 32
2 17
6 327
5 31
12 12679
1 5
2 2
5 294
85 39838
7 183
1 6
111 162068
147 11211
5 581
4 301
138 11067
13 105
3 315
1 3
2 297
3 327
1 5
1 3
6 3441
3 6
7 327
9 89
10 1361
10 2879
1 885
10 12679
1 21
5 940
10 144
1 288
103 29424
1 5
2 2
2 588
3 1537
3 7
69 5161
1 3
21 6795
1 3
6 93567
2 595
1 7
1 288
5 12
7 1610
5 22
4 5
7 3500
3 1768
2 588
2 82
1 5
9 7454
1 3
2 290
12 39
3 3
4 3490
2 9
2 15
1 3
3 940
2 12
2 5
10 144
2 3
6 13321
2 3
20 1299
4 32
12 89
2 34
7 4788
2 2
3 22
1 3
2 24
2 6
2 4
17 13620
41 3529
5 1703
5 297
2 9
27 9913
1 21
1 2
2 312
5 597
4 1537
7 3416
2 5
1 3
2 289
2 2
2 3
2 300
1 588
3 97
6 517
10 1172
5 23
2 597
2 2
1 3
2 1528
1 2
1 6
1 3
3 3
1 29
1 5
3 52
5 36
1 14
1 59
11 608
3 144
6 493
2 3
77 17909
1 3
35 633
2 8
1 5
2 289
39 12677
12 39
138 11067
2 288
1 297
9 2820
3 3
3 1769
2 14
4 5
32 10999
8 1858
83 17884
2 5
2 588
9 2820
5 23
1 286
1 15
2 2
6 327
5 56
3 1610
2 3
2 2
2 3
2 5
1 12
1 6
2 588
2 2764
1 14
18 17438
32 2553
20 2820
2 588
32 2553
2 1805
5 885
2 288
3 303
6 2829
10 12678
7 4458
5 294
1 5
2 296
170 54369
2 2
2 304
1 6
4 4
7 13620
41 3529
2 2
7 3416
2 2872
7 4788
2 2
7 95
1 288
2 304
49 4103
16 3199
1 588
2 2
7 34
1 288
41 3529
4 301
4 2074
26 2820
2 54
2 309
2 2764
1 6
3 10
7 9
3 12
2 304
1 588
2 3
6 6
4 3994
2 28
2 1172
4 3994
19 1761
2 12
4 7
2 2081
3 8
1 6
26 10517
5 581
6 10
3 277
9 641
2 588
9 144
2 288
2 2
27 6205
1 5
23 2255
8 3075
7 4830
9 3431
2 4
20 3455
5 301
1 2
2 89
1 6
3 72
3 3
1193 334322
7 95
57 18430
2 290
1 3
24 1282
1 6
3 303
3 3
2 2
16 3722
10 1361
1 3
3 9
2 288
11 14797
2 12
2 588
8 327
17 95
2 5
1 5
5 31
13 14219
2 15
3 10
8 36
1 3
1 269
22 37171
2 2
3 72
29 9863
69 707560
55 7904
4 11924
17 95
2 581
2 3
1 3
6 34
3 304
26 4510
1 949
6 493
1 3
1 15
33 6320
30 36846
3 14
1 2
1 301
1 2
3 2584
1 3
6 493
12 14815
7 929
2 2
3 300
10 1839
3 581
1 2
1 7
46 3001
4 304
3 10
3 10
3 10
1 7
9 6142
1 3
2 12
1 58
15 73
5 588
3 15
2 67
4 1537
1 303
10 35
3 312
3 10
2 354
2 2
36 12677
1 35
3 5
1 312
2 2065
6 19
1 297
1 3
12 12679
55 4712
3 3
1 30
45 6134
6 327
155 32599
22 1709
2 3
10 1361
2 1999
2 885
9 7454
32 2553
1 297
1 949
1 3
1193 334322
12 8880
2 18
4 595
6 13295
2 2
33 633
1 3
1 3
33 6320
1 69
1 3
1 6
2 297
22 20727
42 3452
1 5
1 269
1 6
1 288
8 3075
9 1764
9 121904
7 52
2 15
3 320
4 11
8 327
4 4672
4 327
150 39838
8 312
5 12
41 3529
33 6320
2 1528
8 17
26 4510
3 6
1 2
3 15
8 73
2 2
5 32
2 285
3 16
5 156
4 3490
9 6142
1 9
1 4
2 5
1 4
3 21
3 290
5 1040
8 9797
1 2
1 297
113 33906
9 1040
2 2
2 1005
2 2
2 89
3 10
3 581
13 14219
42 3452
2 940
2 1805
3 22
2 303
3 4
1 3
12 1307
10 1361
6 493
1 2
1 6
1 3
6 588
37 20583
1 3
107 24945
1 1767
3 304
2 9
35 29629
3 1294
8 53
6 327
1 39
6 588
2 3
28 82988
2 3
53 146331
4 1537
2 4
99 44573
1 64
3 1769
1 3
6 317
2 588
25 3326
1 297
1 287
4 8
2 1169
1 2
2 304
6 4880
1 10
1 2
1 2
1 588
1 2
4 304
38 14435
2 1999
58 834508
1 3
2 3
2 2
1 72
6 517
1 2
1 5
3 23
1 14
9 6142
6 95
8 36
20 2252
6 12
1 2
2 289
2 15
9 1040
2 24
5 46
3 3
6 517
23 2255
3 2231
6 2662
2 3
1 5
2 288
2 2
1 15
53 146331
12 12938
8 1449
2 5
2 14
2 15
3 40
11 9789
2 580
19 14814
1 3
2 2
18 11000
2 2
1 6
10 34
12 2723
1 11
1 949
6 32
25 6032
4 2245
5 301
1 286
4 1537
85 39838
7 35
13 105
1 286
4 304
2 15
1 5
2 3
1 3
6 13319
1 2
4 1537
58 834508
15 2829
32 2553
24 17653
10 1839
2 297
5 31
105 11067
5 301
2 288
2 4
2 4
4 32
2 588
1 5
4 82
3 3
6 13297
2 4
1 2
3 3
12 204
2 588
26 10517
2 3
1 7
2 2
12 204
20 205265
6 493
4 10
2 288
5 32
33 9904
3 10
15 4006
1 5
6 4789
3 6
2 2
1 3
4 3438
11 27
2 2
2 3
25 2252
5 31
2 9
8 32
3 3
3 11
56 28811
9 1040
3 6
2 23
4 82
1 3
3 23
38 14435
5 31
1 6
5 294
3 8
2 2
3 31
2 297
40 259
1 3
1 3
3 2077
8 379
2 2
2 5
2 4
6 13307
170 362139
1 3
16 3197
1 3
6 93567
4 2245
2 15
3 10
98 580
2 15
1 59
2 2
1 82
26 10517
2 12
6 93567
13 1610
2 89
8 312
1 30
3 8
1 9
26 4499
10 133942
2 2
7 493
2 12
10 12678
1 5
2 24
5 23
8 73
2 12
24 1282
11 162
3 40
1 3
3 7
2 2
2 3
2 289
5 17
13 14219
4 1999
1 588
2 5
2 3
13 9789
1 72
3 297
1 22
4 11
3 940
6 327
10 1449
2 588
1 4
201 54374
1 3
25 2252
3 10
12 1769
8 2238
5 13
1 9
3 6
2 3
1 2
4 949
2 5
2 17
1 588
7 329
31 19395
32 2553
8 30
3 4
7 4962
6 10873
3 1537
3 8
26 10517
2 296
6 95
1 15
1 6
4 56
6 29
3 22
21 323
7 929
15 4006
147 25791
22 2820
24 2820
99 44573
1 3
1 2
3 14
8 126948
2 2
47 9607
1 588
2 597
4 304
1 2
1 2
2 1999
1 2
2 2074
3 3
8 32
2 34
10 2879
2 22
4 31
1 33
1 59
1 15
1 3
1 7
8 327
2 161
1 5
1 3
2 6
1 2
22 20727
5 1294
2 44
5 327
1 10
2 3
3 290
16 21524
3 3
2 3
1 76
71 17249
2 949
2 354
2 2
15 11915
1 5
8 73
3 3
2 2
32 82988
4 11
1 35
1 588
1 30
9 121904
22 20727
1 15
2 2
5 45
1 22
1 297
1 72
2 11
155 32599
1 27
16 6795
2 275
11 1547
3 31
2 3
18 201892
3 320
19 8725
3 11
2 2
8 36
3 581
66 59197
6 95
26 4499
4 304
1 15
10 1839
7 2723
43 3529
1 6
3 290
2 12
56 836246
3 288
1 288
7 52
3 6
1 30
2 13
2 2
106 47855
3 5
313 76786
2 2
1 7
3 868
13 1610
1 949
9 1769
27 9913
2 323
17 13620
1 3
10 135400
8 1449
2 2
1 3
10 12678
1 288
168 43078
2 304
2 2
32 5864
1 40
3 6
27 2252
1 588
52 16333
5 581
11 608
3 3
1 269
5 1769
6 95
5 32
1 5
1 5
4 5
5 13
4 45
2 4
22 691
12 7459
2 3
6 1537
3 10
2 9
8 2238
2 2
22 37171
10 144
2 2
3 66
31 82
3 312
2 15
6 167
1 4
1 15
2 588
6 312
1 3
6 79
10 1361
1 64
5 31
4 595
2 309
2 3
8 3075
1 588
2 2
2 2
9 2245
3 14
8 1449
3 4
11 162
4 3500
4 11
1 15
2 3
1 2
4 32
1 288
2 10
1 3
2 22
12 6142
3 949
5 31
5 581
1 21
2 15
5 31
10 2238
3 288
1 2
70 17884
5 31
2 588
1 5
1 3
1 2
2 9
106 47855
2 6774
3 1537
1 5
1 2764
3 15
1 12
8 126948
4 28
1 14
2 6
2 4
2 3
10 1172
2 8
5 71
2 89
86 4547
6 327
2 288
1 949
13 14219
1 3
17 95
3 22
38 14435
3 31
4 2074
6 4783
4 327
2 3
60 9607
6 34
5 360
1 5
70 17884
3 297
201 54374
1 5
26 3453
1 2
1 288
3 2584
3 3
2 24
25 6032
40 259
21 6795
2 288
3 22
1 15
4 54
2 67
2 15
2 588
3 15
6 6
2 2
2 2
24 1282
2 2
9 1040
6 493
7 3455
9 89
4 10
3 31
3 304
2 304
2 12
2 2
6 13285
46 834508
1 6
2 3
56 4712
3 5
13 14219
7 13
1 27
1 14
15 6869
1 5
1 2
1 39
9 1040
9 97
4 1769
4 19
4 82
2 34
8 1449
6 4789
1 3
2 304
