3 22
2 14
2 3
3 3
79 3452
3 304
6 24
6 82
10 312
4 2065
5 10
1 3
8 581
3 8
337 834508
3 5
12 91
2 8
6 327
7 32
14 3075
78 3676
3 8
2 3
4 4
9 2526
7 588
1 48
9 23
2 2
1 64
4 7
2 3
113 5340
5 297
4 6
2 2
2 2
11 28
1 2
3 3
1 5
5 10
41 6795
3 22
1 3
16 1361
24 12938
3 14
5 2074
15 33311
34 14815
2 2
12 30
10 835
3 3
5 10
2 2
23 9797
109 3529
6 31
3 304
6 300
2 15
5 15
3 8
2 2
6 249
1 6
41 6795
3 89
1242 106703
3 3
2 2
1 5
2 588
4 52
16 398
3 7
6 31
6 360
3 9
13 4962
6 82
14 3490
51 1567
5 15
8 23
4 52
4 52
59 2858
6 10
8 940
15 4708
8 8
7 11
8 12
9 327
4 5
17 35
2 4
4 19
4 289
2 2
286 834508
93 2820
3 3
4 55
11 93
202 4712
286 834508
178 5161
3 588
2 2
3 18
1 15
1 269
1 5
4 11
6 15
2 877
2 2
11 10897
4 289
2 3
17 35
3 15
12 30
357 11067
2 3
3 304
3 588
2 3
19 9789
2 297
2 9
87 9913
3 12
8 8
3 2078
2 3
2 3
35 3455
12 2879
5 15
1 2
5 10
2 3
41 4510
3 89
2 3
2 6
4 315
3 588
15 1449
3 3
271 11915
2 4
7 8
5 11
3 588
11 10873
10 329
4 11
5 41
83 14435
5 2077
2 5
31 8725
2 9
197 146331
34 3221
4 26
35 3455
5 1742
2 2074
4 6
4 20
2 3
1 7
6 32
47 14436
30 3416
20 379
21 6774
10 1858
13 27
3 15
2 3
2 3
1 6
3 24
3 3
3 596
7 105
3 7
21 6142
7 1560
105 1029
1 3
9 12
57 8861
5 885
2 304
5 12
8 8
725 76786
20 379
21 133942
11 478
5 15
20 334
33 2829
5 10
3 15
3 4
5 7
4 597
4 28
7 82
1 5
3 297
1 35
35 205265
6 6
297 39052
4 21
4 14
5 5
41 6795
2 22
73 2820
103 18430
1 588
2 3
5 885
3 6
7 32
25 8880
96 56921
1 949
96 17122
3 596
150 36846
11 93
4 161
29 335
2 2
24 12581
74 2820
1 7
279 8433
5 300
2 2
29 730
91 12677
6 327
10 59
10 56
4 940
11 493
7 13
3 24
28 3090
3 89
207 17884
7 312
6 2584
9 3146
8 581
6 277
7 54
1 286
1 3
25 183
2 3
2 3
6 29
35 3455
5 581
15 144
5 10
6 300
1 2
2 3
3 1768
525 83283
2 3
7 32
1 9
9 320
2 8
2 2
2 2
104 6032
10 35
2 8
115 260
2 3
2 3
2 2
2 10
2 8
9 6842
10 9789
8 1294
3 7
108 29629
10 36
83 14435
2 2
4 588
2 27
10 329
6 2000
1 287
18 2244
8 34
10 4591
2 2
3 596
18 2244
17 35
3 304
2 10
320 42980
7 868
1 2
1 312
297 39052
75 2820
2 2
31 162
59 691
28 7459
2 2
2 2
13 29
212 3529
12 30
6 290
2 2
11 3056
39 6795
3 15
2 2
1 588
25 167
3 300
2 8
2 3
12 58
5 13
159 4528
2 2
4 9
9 8179
1 6
12 2879
2 288
29 2238
17 228
10 36
1 2
19 2764
2 58
23 95
2 40
77 19395
2 1999
83 14435
2 588
1 855
63 1761
45 3180
4 11
1006 62947
271 11211
90 3531
3 22
1 3
1 1996
7 31
57 10999
1 6
9 12
10 1858
42 82
2 588
2 15
2 3
4 52
7 32
33 1547
2 3
3 33
8 8
7 32
1 5
3 277
2 588
5 12
1 5
2 288
2 7
59 691
3 8
2 5
20 379
10 1858
3 3
4 5
4 304
1 8
7 1769
6 1537
2 2
2 3
8 2074
49 12581
1 14
8 5612
6 14
3 6
209 6134
2 3
5 68
2 3
1 2
8 34
232 162068
2 5
43 2252
2 3
11 4672
2 3
9 12
368 54374
5 24
57 8861
2 2
2 15
18 1839
56 6032
23 95
136 28811
4 6
10 36
3 174
4 6
10 2553
3 89
5 10
1 5
5 41
3 290
21 3074
11 493
2 275
29 12678
2 58
7 10
5 3994
3512 334322
6 7
16 97
120 261
3 3
2 288
4 24
1 303
5 1769
11 3416
10 36
10 940
2 6
92 122773
2 859
87 9913
2 30
1 5
2 2
35 205265
2 5
3 12
207 17884
3 8
2 2
3 3
3 588
5 7
6 301
19 929
37 2252
7 32
43 2252
2 6
23 6432
1 312
118 19969
4 289
1443 330499
6 6774
1 20
4 588
96 17122
10 329
1 288
6 6
161 1853
3 72
4 17
2 6
1 3
138 817
97 1282
1 6
4 4
2 6
2 2
4 1999
18 18
2 2
337 834508
2 2
1300 58680
15 1449
6 82
14 4672
2 3
2 3
21 2879
12 30
59 6320
2 2
10 95
14 89
2 2
5 10
2 2
6 32
5 39
109 20583
57 3453
3 35
3 3
11 3672
2 588
1 6
8 581
5 6
3 1999
2 588
43 2252
1 2
2 3
2 3
286 834508
1 3
1 5
8 134
3 91
8 10380
6 13
73 17653
5 68
2 2
31 6774
12 30
4 7
4 12
18 1839
29 12678
1297 58670
17 6142
3 5
42 82
2 2
4 17
3 35
9 51
6 4651
586 48185
6 14
8 34
7 31
3 18
5 885
42 1299
98 15476
2 3
40 1299
4 4
5 15
7 31
5 6
1 883
121 17909
2 52
2 3
2 2
2 5
4 5
2 8
2 303
1 6
49 12581
3 6
19 1769
1 6
5 11
88 19395
2 3
3 11
1 4
112 259
4 2065
5 31
11 10897
2 2
16 1361
4 588
12 91
2 3
6 34
174 146331
9 51
5 15
1 2
6 300
24 4699
12 30
2 288
5 304
20 7459
9 13
7 588
4 11
2 3
1 5
112 259
34 3221
33 2829
1 5
3 3
109 3529
63 633
32 162
1 5
15 144
4 5
1 2
104 6032
2 2
1 2
2 5
6 4708
2 2
21 133942
11 3056
7 588
33 3199
5 2074
1 949
5 11
277 24305
5 5
3 89
7 12
28 12938
1 76
73 2820
6 327
2 3
5 15
8 1537
1 27
1 2
5 31
7 327
3 54
4 6
2 69
3 12
9 327
3 18
1 6
10 327
3 3
6 327
3 304
1 5
6 1703
1 6
9 327
2 5
1 58
484 32599
8 2074
285 24321
10 95
23 643
22 1610
65 2553
10 1858
4 14
10 95
5 2074
45 3180
40 2255
2 30
7 32
3 72
14 1361
2 2
1 3
2 304
3 15
1 64
2 3
1 855
10 36
29 2238
3 3
138 4712
25 150
17 39
1 16
2 3
5 595
2 2
5 10
14 4672
2 3
11 493
5 21
28 7459
21 2879
116 11915
35 3455
1 58
7 10
1 3
2 24
2 4
335 36902
22 9690
7 25
65 2553
59 2858
22 4788
2 297
3 3
2 24
160 9881
11 4880
2 6
4 5
64 2820
104 6032
2 3
6 327
12 30
2 3
3 18
59 691
39 201892
6 588
1 297
63 1761
2 3
2 3
11 13319
3 304
9 327
33 2829
6 82
3 3
5 13
2 6
1 5
2 2
10 36
1 6
5 581
5 7
29 2238
2 6
6 868
4 17
3 30
21 167
286 834508
43 20727
19 2247
4 8
10 36
2 2
16 1769
3 304
3 588
1 2
3 6
1297 58670
26 2245
37 2252
3 2074
2 288
2 15
1 5
2 588
5 6
4 5
1 34
8 885
4 288
7 312
1 3
6 32
2 2
337 834508
17 34
3 588
2 12
5 6
159 4528
6 156
2 15
1 891
29 12678
10 118
10 95
31 8725
1 2
116 261
1 59
2 14
4 5
10 56
297 80659
6 32
271 11211
7 12
1 6
88 82988
4 949
11 93
2 2
2 2
2 3
3 7
2 3
2 1999
11 493
5 8
46 3722
4 5
2 2
277 24305
7 31
11 10873
65 2553
1 288
25 167
24 12938
2 2
2 2
8 96
2 6
2 3
2 2
3 1999
2 3
1 6
9 327
3 12
3 3
5 8
2 3
26 1769
2 4
7 588
5 10
2 3
4 11924
5 378
2 2
21 2879
83 14435
23 9797
2 5
1 5
28 1895
3 3
33 2829
5 5
110 13395
33 2553
2 304
1 14
4 940
1 71
3 3
2 588
2 8
20 700
3 22
1 5
122 16392
2 2
5 885
1 588
5 2074
2 297
64 2820
15 90
3 3
11 3056
29 12678
3 58
1 2
4 67
1 3
37 12679
2 2
123 9607
3 304
5 304
4 9
1 286
2 288
2 2
6 6774
5 581
9 603
3 3
22 9690
2 3
11 327
2 2
10 56
2 3
2 22
33 5094
10 1858
3 3
29 2238
2 2
5 10
2 2
2 2
5 10
3 3
2 2
2 5
1 64
2 3
1761 101932
4 1999
9 6842
2 304
14 3490
1 3
357 11067
4 327
11 13297
87 9913
2 19
40 2255
21 167
9 144
3 289
21 1040
3 289
6 290
22 1307
1 2
3 304
6 301
1 3
10 2829
4 1768
1 5
2 297
3 3
37 12678
7 588
2 61
69 6205
6 11
11 93
8 2080
5 12
368 54374
122 19420
1 2
3 7
2 2
2 2
5 21
3 12
5 7
503 20883
73 17653
5 68
23 9797
1 9
6 580
16 1361
11 3416
19 73
17 8877
2 288
1 6
47 12679
4 9
2 2
1 58
1 14
3 289
59 55313
39 6795
1 2
1 588
7 588
3 3
3 596
2 5
3 354
2 288
297 39052
3 3
5 304
16 1361
91 12677
71 9913
2 2
2 3
2 2
15 144
3 15
2 21
2 3
1 2
105 9607
2 3
1 588
2 2
1 2
5 17
1 855
3 5
31 8725
4 4
2 15
7 31
2 2
2 9
2 72
2 12
9 588
5 5
1 5
75 2820
2 2
6 7
39 216689
3 3
39 6795
2 2
18 126948
2 2
2 30
26 7459
7 64
1297 58670
28 1895
1 64
455 20711
9 2257
43 2252
9 598
5 10
19 19
2 5
5 10
17 608
4 256
103 18430
3 89
1 5
4 11
4 11
9 1180
2 297
48 20727
4 4
5 17
3 3
88 2932
2 3
16 1769
6 2662
4 304
5 5
12 1610
5 12
2 3
7 32
3 89
3 3
7 70
5 5
2 6
2 3
2 5
3 15
15 144
10 95
3 36
13 27
3 15
5 7
18 3490
33 1547
1 10
2 3
2 297
21 6774
3 7
2 3
3 8
2 288
21 2879
337 834508
8 581
71 9913
3 304
97 1282
2 3
19 9789
3 3
2 5
1 20
3 296
2 3
26 2245
11 93
2 2
1 5
1 6
2 5
90 3531
9 31
3 885
3 289
4 327
2 2
3 18
304 836246
3 5
2 30
12 30
3 3
1 9
9 92
32 162
2 3
3 12
3 304
56 323
1 301
1 2
2 3
3 3
21 1040
1 588
6 2662
2 3
2 3
2 3
9 2257
11 7952
37 5114
3 5
1 18
637 241102
484 32599
2 2
9 8179
22 9690
2 2
3 8
4 304
32 162
6 581
69 6205
121 4499
3 304
26 5904
4 7
2 150
3 290
79 17438
2 3
5 15
2 3
4 289
3 12
10 588
374 10479
1 64
3 30
2 2
53 11000
9 387
212 3529
1 6
117 7904
6 1537
2 2
286 834508
1 2
36 3221
5 60
2 2
26 5904
4 7
5 71
15 39
161 1853
33 2829
3 304
5 9
9 2764
1 5
3 31
15 5456
2 3
4 55
1 6
2 1709
3 7
2 304
4 67
8 7952
2 3
3 588
6 32
2 288
2 588
1 2
3 3
4 6
18 1839
4 289
19 73
75 2820
35 3455
26 2245
4 13
29 730
2 3
4 33
2 3
4 8
174 146331
64 2820
2 14
6 2584
3 18
5 31
3 289
12 4708
2 3
2 3
6 360
3 14
18 9797
57 3453
4 327
5 595
2 2
9 95
6 22
13 59
5 5
3 8
90 3531
22 135400
2 2
16 1769
2 304
22 135400
2 2
2 2074
10 95
3 3
2 3
15 4708
7 31
366 37171
6 12
7 31
3 4
8 7898
6 32
2 2
79 79
57 8861
2 14
2 3
15 144
4 4
3 9
12 174
6 32
1 2
3 596
3 3
2 2
2 2
3 588
6 29
45 3180
7 31
17 17
15 6753
3 72
25 150
4 14
22 126948
5 1537
4 4
20 1172
4 52
2 2
2 3
9 31
3 596
8 22
6 32
4 11
6 156
2 4
20 1520
1 3
28 1895
2 3
6 6
2 588
6 1703
135 18509
90 3531
3 7037
4 6
10 1858
5 19
24 12938
2 1999
2 288
2 304
4 312
27 4424
10 329
6 1537
3 89
19 1769
17 39
21 6774
1 6
5 13
4 304
10 36
22 1610
4 588
4 12
3 596
7 31
1 12
11 10873
1 2
9 9
1 312
3 3
6 31
5 10
3 18
11 93
12 30
2 2
15 929
1 11
3 18
3 588
8 2080
4 33
7 32
50 13620
3 12
9 320
725 76786
17 8877
8 581
18 1766
2 3
5 581
7 10
132 35989
47 14436
10 1858
107 4499
7 31
2 6
2 2
4 304
2 2
3 304
1 2
2 3
3 54
1 269
35 3455
2 72
8 23
1153 32001
6 156
6 31
2 5
22 4788
2 3
3 588
1 588
35 3455
1 2074
87 9913
7 588
9 92
7 312
484 32599
1 64
2 3
1 6
1883 407785
9 12
4 6
9 8179
3 5
7 31
3 1005
1 3
23 1520
2 72
11 4790
2 6
1300 58680
1 14
5 71
11 27
3 3
7 13
3 3
21 2879
3 9
16 97
1 855
6 597
2 1999
3 3
1 301
3 3
17 323
7 588
15 6753
13 27
230 156848
6 6774
35 3455
23 95
8 868
12 30
32 162
4 4
1 2
6 327
3 8
5 10
1 64
23 95
10 36
8 581
50 13620
167 5521
6 1537
5 31
1 2
4 55
3 6
18 71
4 33
5 312
4 52
40 2255
4 8
3 596
3 6
17 339
17 1815
2 3
33 3199
9 31
1 2
214 3529
3 58
3 18
2 304
9 31
2 3
2 286
11 517
4 315
4 18
3 3
3 3
1 9
8 7898
2 67
25 7454
4 1999
45 10517
19 4789
43 2252
41 4510
11 13307
1 4
3 354
20 379
124 3326
5 10
69 13620
33 2829
20 7459
1300 58680
2 2
18 126948
120 18096
12 1608
7 32
2 40
6 2662
21 2879
3 12
142 825
11 73
2 3
2 588
8 23
25 150
3 18
8 34
4 2142
1 288
7 32
25 7454
31 162
6 82
4 12
56 6032
2 3
22 334
3 326
4 297
9 30
6 31
2 3
7 312
28 63
3 15
2 6
2 3
121 17909
4 4
59 55313
7 31
3 15
4 297
2 2
2 2
10 36
12 5168
3 8
3 3
17 1294
1 3
3 13
1 2
158 12239
7 17
6 6774
1 5
6 32
1 5
9 2362
4 4
3 290
2 2
12 30
6 590
3 3
3 9
6 360
1 6
10 329
2 21
2 1709
5 24
12 1610
9 2764
14 4672
9 1610
6 1703
1 5
368 54374
3 290
15 1449
6 154
9 51
3 277
7 312
1 39
7 31
90 3531
6 11
83 14435
19 13264
1 3
2 2
6 3994
2 2
3 3
2 9
2 2
1 855
105 1029
3 44
2 297
2 15
15 32978
3 9
3 3
3 354
4 13
6 6774
3 3
15 39
29 12678
2 2
3 304
3 6
10 940
73 17653
8 1294
4 12
5 28
1 9
123 9881
5 10
5 297
2 2
1 30
2 6
8 55
3 24
2 3
59 6320
1 1294
5 19
3 3
2 297
1 10
23 95
2 3
2 3
6 301
1 5
12 145
2 1999
1 6
5 2029
2 588
4 289
2 3
2 3
4 89
2 2
3 5
1 2074
3 22
9 2764
17 179
15 71
8 55
2 297
2 4
1 7
3 12
2 3
3 7
1 6
5 10
5 6
2 6
41 4509
19 4789
4 4
1 2
181 628913
10 903
2 2
8 23
5 15
9 13
3 3
4 9
17 1361
4 11
1 2
3 12
3 89
11 28
21 1040
6 360
2 3
11 493
3 3
4 33
9 95
2 8
1 6
14 929
11 2232
1 5
10 95
2 2074
19 3455
41 6795
4 52
3 3
29 2238
2 288
138 4712
2 304
4 596
6 868
11 2553
2 2
5 304
6 14
2 3
374 10479
1 3
5 114
8 34
458 39838
3 7
171 1853
5 304
1 13
6 156
7 31
8 23
212 3529
3 3
3 3
4 10
4 52
2 22
2 2
2 304
6 588
1 3
35 323
430 21746
1 3
6 301
8 8
9 144
216 33040
4 354
1 301
56 20727
3 1768
3 3
3 354
2 3
6 31
2 21
25 4788
13 134
4 4
6 22
98 1853
15 183
2 3
2 588
1 2
6 6
2 588
78 3676
2 3
3 22
2 3
2 3
1 855
31 162
3 6
2 3
1 269
7 10
3 3
41 4510
17 66
1 588
1 855
6 297
25 167
3 89
33 2829
10 1858
26 8725
11 144
2 14
2 10
2 3
8 1528
19 1769
17 6142
1 5
321 54369
74 747
3 14
11 517
3 89
2 60548
16 40
2 3
87 12677
2 2
2 9
5 7
50 13620
2 3
33 2829
73 633
2 288
142 825
31 8725
4 20
271 25791
1794 407285
23 9797
2 2
46 3722
12 2879
11 493
335 36902
92 12677
5 294
4 4
1300 58680
3 1999
14 3075
11 17
6 15
3 9
3 3
20 673
178 5161
1 5
2 6
5 6
123 9607
6 290
9 8179
16 28
8 1604
10 2553
1 2
1 27
3 15
6 17
16 398
9 95
2 3
3 588
2 213
2 3
8 35
3 3
12 30
117 7904
19 4789
2 3
17 39
4 4
15 1449
37 249
2 288
3 304
10 329
2 2
15 1449
8 1602
12 1610
23 95
18 4962
5 56
31 162
1 289
8 868
1 12
2 2
11 493
6 13
23 9797
5 297
14 89
1 7
2 3
3 3
2 6
2 288
3 3
1 297
3 3
4 288
2 2
15 90
4 11
6 31
27 379
6 24
4 89
2 2
2 2
15 3431
2 588
9 8179
2 44
1 949
3 5
18 3490
33 3199
2 588
14 89
2 3
2 2
10 36
29 121904
1300 58680
10 327
4 1768
1 1999
96 56917
286 834508
17 33
77 19395
2 3
15 6753
10 329
9 3441
12 3500
56 20727
374 10479
4 11
2 3
2 2
8 581
24 4699
16 32
18 1839
3 89
1 64
2 30
8 22
4 9
4 5
4 940
2 2
2 2
2 3
3 304
41 6795
11 2764
5 31
4 304
26 8725
8 2686
10 3729
1 3
3 6
26 5904
1 4
22 135400
7 588
3 22
5 6
8 581
3 296
3 12
11 13283
5 10
6 1768
16 1769
4 27
12 603
9 51
2 2
1 5
4 295
20 379
2 588
6 22
2 3
1 21
23 13730
2 2
337 834508
7 31
19 639
1 27
11 28
3 304
5 6
11 2553
1 287
4 12
3 289
20 1176
5 22
2 3
24 12938
13 478
3 304
4 4
40 2255
3 30
7 31
1 3
1 588
2 297
6 14066
3 12
3 1169
14 929
8 23
1 35
2 2
8 2080
2 3
40 2255
368 54374
2 297
75 2820
8 52
1 6
28 1895
2 588
3 24
2 3
33 18327
4 6
109 3529
9 95
19 35
4 112
2 3
2 588
5 7
37 2252
3 3
74 1853
4 2065
3 18
7 32
2 2
2 1999
3 14
2 2
5 17
3 89
3 3
3 89
112 259
22 1610
374 10479
2 2
2 588
2 2
9 30
7 31
1 5
117 15546
2 2
19 1610
5 10
20 195
12 2879
10 312
7 31
24 12938
11 10873
2 5
2 4
3 3
107 5340
9 6842
1 35
2 3
2 2
1 588
6 29
3 7
26 6842
209 6134
7 32
11 13295
5 12
1 5
109 13387
14 641
1 64
2 3
7 10
3 289
8 12
7 31
59 6320
1 2
1 9
1297 58670
75 2820
2 3
24 12938
2 3
2 5
2 3
2 24
2 2
5 9
11 517
6 301
10 56
5 8
6 12
8 23
9 92
30 14219
5 10
12 4708
26 7459
1 25
3 9
2 5
3 290
1 14
3 326
11 13295
1 6
3 3
11 13321
214 3529
3 6
2 5
1 2
12 30
7 31
6 2030
2 2
1 64
4 10
3 9
7 1769
6 31
7 588
12 8637
8 8
1 5
4 940
2 3
15 1449
1 3
1 2
3 89
3 4
2 2
6 290
21 1040
4 315
8 581
21 2879
11 13309
1 588
8 23
2 14
3 7
87 9913
1 5
15 1449
1 10
8 8
30 14219
1 7
2 3
1 3
2 3
4 6
3 7
23 95
3 296
17 95
7 588
14 3490
118 19969
5 312
5 7
11 493
6 14
3 15
2 588
3 35
4 67
3 18
232 162068
94 13620
1 15
2 2
2 2
2 2
472 20152
18 105
6 31
15 39
5 10
207 4547
2 3
1 5
10 1858
1 91
5 595
11 2764
2 588
4 12
37 2252
1 588
4 8
207 17884
174 146331
20 1172
2 7
2 2
1 22
6 6
6 301
3 3
41 6795
6 13
3 36
4 11
4 4
23 9797
3 3
3 354
1 301
6 290
76 2820
2 588
11 13283
9 327
3 7
51 1761
3 15
3 8
1 2
29 12678
1 949
5 297
2 2
6 3994
15 144
5 24
3 3
17 608
212 3529
2 2
6 31
1 287
6 327
3 354
2 2
23 95
2 304
2 275
2 2
23 13701
5 31
2 2
12 30
11 13283
11 13285
2 33
26 2245
4 1528
41 120412
10 329
4 4
2 2
2 2
1 588
77 19395
2 3
63 633
2 2
7 31
41 4510
11 2764
5 54
7 581
2 12
5 1742
4 11
2 1999
2 3
5 2077
6 10
10 1858
1 949
2 588
3 19
9 95
1 5
2 6
9 32
11 93
3 289
58 4006
37 249
4 288
23 95
6 29
286 834508
15 1172
2 588
6 10
7 32
4 21
3 326
11 13307
6 12
25 2755
1 5
120 18096
2 2
1 301
1 3
138 4712
3 3
39 6795
8 312
2 6
16 38
11 13297
1 2
174 146331
121 4499
11 10873
115 20583
2 2
4 4
11 10873
15 1449
5 581
4 11
1 20
2 2
4 4
5 19
2 5
11 13297
6 7
3 588
6 54
447 51958
4 289
22 9690
2 22
2 588
124 3326
4 354
104 6032
2 7
32 162
16 34
9 8177
2 3
15 71
8 12
1 64
6 277
1 10
3 24
4 4
4 33
3 596
10 95
3 22
6 31
1 855
3 22
37 12679
9 2526
2 2
3 3
15 39
6 1703
4 10
123 9607
4 2065
4 21
77 19395
3 18
10 940
10 36
271 25791
43 2252
49 12581
3 3
11 28
2 288
1 1852
2 2
41 4510
11 3416
18 1839
3 89
2 3
57 8861
8 1604
58 633
3 31
9 327
1 64
2 297
3 12
8 1604
8 1040
4 2074
2 3
2 588
2 10
12 144
27 379
1 6
3 288
12 30
9 8177
3 304
6 7
10 940
2 3
5 10
2 3
5 10
1 885
614 65583
1 2
5 581
3 220
5 10
15 1449
3 24
19 26
7 327
1 297
1 5
3 326
181 628913
2 3
1 64
11 493
6 28
2 2
2 7
1 6
2 885
4 8
20 1172
3 89
5 44
6 1703
3 8
321 54369
6 82
8 5612
4 11
368 54374
1 33
103 18430
20 1769
1 588
1 5
11 93
4 304
5 581
6 6
2 30
9 92
2 3
35 3455
8 52
7 312
2 3
53 11000
47 1029
10 13
123 16400
4 588
2 2
5 304
2 15
102 122343
1 588
79 3452
10 588
21 2879
22 2723
11 13295
5 11
5 22
3 7
107 4499
94 17122
4 7
4 52
5 41
4 949
14 3075
92 12677
2 297
5 304
229 51235
17 608
37 2252
2 2
3 354
2 3
4 949
1 15
2 3
7 32
2 3
39 216689
2 588
40 12678
1 9
119 16400
3 3
6 1768
374 10479
9 23
1 588
20 379
5 297
10 588
1 15
5 10
26 2245
26 2245
103 18430
15 1449
3 18
31 8725
1 64
2 3
3 6
2 3
104 6032
1 588
5 304
15 1449
9 144
4 354
1 5
6 6
3 65
1 588
4 4
17 39
2 2
2 3
3 8
2 58
2 9
6 588
2 15
2 2
295 47855
3 18
74 3531
6 14
30 14219
2 6
7 31
9 95
2 2
15 3431
3 3
3 2074
9 9
7 46
7 54
2 588
232 162068
7 868
1 588
2 2
2 5
22 1839
123 9607
9 6842
9 144
5 10
3 304
2 588
3 12
2 2
4 14
117 7904
3 12
3 12
8 312
16 183
150 36846
15 4708
43 2252
1 294
7 31
6 13
62 3482
3 290
5 2080
17 6142
22 2723
2 288
2 2
3 12
3 3
142 825
7 12
3 22
96 7186
2 3
1 5
1 2
5 581
42 6869
2 34
11 493
2 3
4 11
5 10
14 929
3 8
5 883
2 9
11 517
7 1769
5 10
2 2
7 581
2 3
2 2
23 12938
20 379
10 36
2 4
1 22
8 91
5 15
1 269
4 2074
56 323
31 8725
6 301
31 8725
9 327
4 2074
1 287
3 3
3 18
33 13325
3 17
2 2
1 5
3 180
17 66
112 259
8 8
2 8
2 296
109 3529
5 15
2 5
3 9
2 2
4 5
2 4
7 2576
29 121904
3 17
4 6
3 6
3 15
1 588
10 835
1 3
20 1172
24 12938
3 12
64 2820
1 2
182 29424
12 17
1 2
7 11
3 304
11 10873
5 56
6 4708
4 4
5 10
15 6753
7 13
4 52
2 12
4 289
2 288
2 5
1297 58670
2 297
2 3
6 32
1656 21040
118 19969
15 1449
4 4
123 9881
8 34
3 5
20 334
1 71
3 12
35 3455
64 2553
6 2662
19 4789
5 8
8 2080
4 11
17 35
57 8861
1 76
6 300
5 5
3 3
21 1040
2 2
6 34
9 327
29 2238
41 6795
1 588
3 3
1 588
2 288
2 288
3 588
725 76786
304 836246
286 834508
1 287
8 1040
56 20727
2 3
6 4708
271 11915
5 1769
2 288
6 32
7 588
1 2
3909 334322
11 13295
79 79
9 51
1300 58680
172 29424
2 2
1 588
3 3
3 3
324 54374
9 2362
18 4790
56 20727
3 304
10 36
8 297
3 9
4 6
2 2
1 5
3 15
8 23
7 32
6 940
13 27
2 297
2 2
2 21
4 55
1 3
8 34
3 7
5 10
30 14219
1 855
2 15
2 287
2 21
178 5161
3 3
2 3
88 1106
4 8
2 3
3 3
2 4
2 3
1 6
94 13620
2 297
11 2764
2 3
1 7
11 10897
6 3994
1 11
11 93
150 36846
8 2080
2 6
4 297
2 588
4 9
2 2
3 3
1 14
6 6774
6 294
2 9
3 22
3909 334322
7 597
3 290
1 2
1 64
2 15
1 588
2 34
6 10
35 3455
150 36846
73 2820
33 40
20 9690
87 9913
78 3676
9 8179
11 13297
18 1839
3 304
2 3
25 920
4 5
2 112
2 14
11 493
2 30
4 6
83 14435
67 650
2 3
3 3
1 2
12 1610
4 10
2 2
13 27
11 3416
2 3
3 66
79 3452
6 29
1 949
6 940
1 2
5 8
3 12
3 5
5 10
41 4510
4 312
6 31
121 17909
6 360
4 19
58 4006
3909 334322
22 413
138 4712
14 89
1 3
4 19
97 3055
9 51
9 134
11 1172
4 6
22 1610
23 249
3 24
30 14219
18 1839
2 2
417 20883
10 329
3 3
33 1547
264 37171
56 20727
10 95
5 1537
4 4
59 691
19 4789
9 327
69 6205
1 1999
56 6032
5 56
1 2
78 3676
1 5
18 18
64 9345
5 10
19 9789
7 3500
2 2
4 67
2 2
26 2245
9 2257
5 588
11 3672
18 9797
2 3
11 13297
17 1460
321 54369
8 23
22 1610
22 413
2 2
31 162
11 93
31 162
3 89
2 588
3 89
10 118
63 633
4 32
11 13295
3 3
297 39052
13 3416
3 288
4 17
337 11067
4 5
5 10
13 3416
2 112
16 1361
2 3
120 18096
3 10
65 2553
2 2
2 5
6 6
6 868
1 5
212 3529
11 13297
4 28
16 1361
15 1449
2 2
21 3074
7 312
12 30
19 1839
3 6
9 1537
2 3
5 10
1297 58670
3 9
2 2
503 20883
3 72
3 89
4 65
19 73
3 35
1 13
23 9797
2 5
3 289
7 15
22 2723
1 10
2 8
7 12
3 3
4 588
35 205265
3 3
2 3
1 2
8 73
113 260
5 9
4 14
6 6774
8 868
3 14
3 8
7 32
42 6869
10 1610
6 1537
2 288
21 1976
22 1610
6 327
25 4788
1 18
103 18430
1 35
216 33040
6 3994
1 4
2 3
42 82
2 3
18 1839
26 2245
1 5
9 31
80 82988
123 9607
5 10
26 2245
2 18
2 588
18 639
2 3
7 12
3 7
9 59
21 2879
77 19395
5 12
2 1999
2 3
2 3
122 16392
5 8
6 2662
3 4
10 59
2 5
7 588
2 2
2 9
6 12
22 9690
1 14
28 1222
1 64
14 29
47 14436
9 45
37 12679
4 14
19 73
2 3
1 76
29 2238
3 304
15 1449
2 588
1 76
2 2
2 3
19 1769
1 286
1 10
3 33
467 44573
11 4783
3 3
92 12677
2 2
2 2
2 5
1 12
2 297
132 35989
4 33
33 3199
3 3
22 1610
8 1294
2 15
2 136
11 1537
2 5
479 29144
11 13321
1 588
5 114
7 312
10 1858
2 2
2 3
2 3
1 2074
22 4788
2 5
11 13319
3 7
13 3416
67 650
1656 21040
60 2858
1 5
2 17
2 3
6 6774
8 8
1 312
5 31
47 12679
1 5
2 2
6 294
11 517
385 39838
16 183
2 6
252 162068
4 301
357 11067
18 105
4 315
2 24
2 297
7 327
4 6
271 25791
11 327
14 89
9 327
9 327
16 1361
21 2879
59 2858
2 885
37 12679
2 21
10 940
3 8
15 144
2 288
182 29424
1 5
4 588
5 10
21 673
3 24
6 1537
3 7
178 5161
1 3
3 4
41 6795
1 3
9 93567
5 595
3 277
1 7
6 29
1 288
7 12
11 10897
232 162068
1 12
12 1610
2 3
6 22
4 5
12 3500
6 1768
7 588
6 82
1 5
25 7454
3 290
3 3
2 3
14 3490
2 9
5 15
8 940
3 12
2 5
2 3
15 144
2 2
3 3
3 12
3 3
2 2
14 89
2 34
4 24
22 4788
3 22
1 3
2 6
69 13620
109 3529
6 1703
3 3
6 297
87 9913
2 21
2 2
4 312
7 597
11 1537
13 3416
8 34
3 36
2 5
2 2
11 493
5 300
1 588
5 97
2 3
9 23
4 597
2 2
4 1528
2 2
5 6
3 3
4 52
11 10873
1 14
6 29
9 95
1 59
17 608
9 144
2 3
10 4016
2 3
73 633
3 8
1 5
92 12677
357 11067
1 12
232 162068
3 289
2 288
1 297
64 2820
3 3
37 2252
5 1769
23 95
2 14
5 5
65 10999
10 1858
233 17884
2 5
5 588
64 2820
8 23
2 286
3 15
9 327
6 56
9 1610
2 3
2 3
2 2
2 3
3 3
2 5
2 12
1 6
3 588
11 2764
2 2
1 14
2 3
79 17438
65 2553
93 2820
7 588
65 2553
3 1805
8 885
2 288
4 303
9 2829
304 836246
29 12678
18 4458
6 294
1 5
3 296
2 3
2 3
321 54369
2 304
1 6
11 10897
6 32
50 13620
212 3529
13 3416
2 2872
3 8
22 4788
2 288
2 304
176 4103
33 3199
1 588
2 2
1 288
212 3529
4 301
5 2074
85 2820
11 13309
3 54
5 309
11 2764
1 6
9 9
5 12
2 304
1 588
271 11211
2 3
6 6
5 3994
2 3
11 1172
5 3994
63 1761
6 32
6 12
5 7
4 2081
2 2
45 10517
8 34
7 10
14 641
7 868
3 588
12 144
3 288
69 6205
1 5
14 3075
12 4830
15 3431
7 32
2 2
35 3455
2 12
11 493
6 301
2 2
3 89
1 6
1 6
286 834508
3 72
3 3
10 95
3909 334322
2 3
103 18430
3 290
1 3
3 289
96 1282
1 6
4 303
3 3
46 3722
16 1361
15 1449
4 9
2 288
16 14797
5 12
7 588
12 327
2 5
2 5
30 14219
2 15
3 8
1 3
1 269
264 37171
2 2
3 72
124 9863
2 2
373 707560
3 11
117 7904
4 11924
3 3
6 32
22 34
3 304
1 949
3 15
59 6320
150 36846
4 14
1 2
2 3
286 834508
1 301
6 2584
34 14815
14 929
6 300
18 1839
5 581
1 2
100 3001
5 304
1 7
17 6142
3 12
1 58
2 2
19 73
10 588
3 15
2 3
2 2
3 67
11 1537
1 303
7 312
11 493
6 10
116 261
3 354
80 12677
1 35
3 5
1 312
286 834508
4 2065
6 32
10 19
3 297
23 95
40 1299
47 12679
201 4712
3 3
12 30
209 6134
6 327
484 32599
11 493
136 1709
16 1361
2 1999
3 885
25 7454
65 2553
2 297
113 260
1 949
3909 334322
1 76
25 8880
2 3
7 595
2 2
63 633
1 24
1 3
1 3
59 6320
2 6
4 297
56 20727
43 2252
79 3452
1 5
1 269
9 31
5 10
2 2
2 288
14 3075
18 1764
29 121904
8 52
2 15
7 320
7 11
12 327
11 4672
4 327
458 39838
11 493
7 12
109 3529
59 6320
4 1528
12 17
4 6
1 2
3 17
3 15
19 73
2 2
2 285
5 16
6 156
14 3490
1 5
17 6142
1 9
7 32
2 5
6 290
3 9
4 24
8 1040
23 9797
3 12
1 2
2 297
191 33906
21 1040
2 3
2 2
3 89
2 3
7 31
5 581
30 14219
79 3452
7 940
3 1805
43 2252
3 22
2 303
4 4
6 13
22 1307
16 1361
7 33
9 327
1 2
1 6
2 2
2 3
7 588
109 20583
2 2
193 24945
3 1767
2 3
3 304
108 29629
10 1294
7 31
10 53
6 327
1 39
7 588
40 2255
80 82988
174 146331
11 1537
11 493
8 8
2 3
422 44573
1 64
7 1769
2 3
7 32
9 317
7 588
3 936
100 3326
1 297
2 287
1 2
3 304
1 10
2 2
2 2
1 588
1 2
5 304
83 14435
2 1999
2 3
1 72
2 2
1 2
2 3
1 5
1 287
8 23
7 868
17 6142
26 2245
16 16
4 7
3 3
10 95
6 12
1 2
21 1040
6 29
9 46
3 3
11 2231
6 2662
4 4
1 5
2 288
2 2
271 11211
1 15
174 146331
24 12938
2 5
2 6
3 14
5 15
4 40
19 9789
5 31
2 2
6 580
2 3
63 14814
7 31
1 12
6 32
3 3
53 11000
2 2
1 6
17 34
22 2723
2 3
4 11
1 949
1 5
104 6032
5 301
1 286
11 1537
2 3
2 2
385 39838
3 3
18 105
1 286
5 304
2 3
3 9
5 15
5 6
1 5
2 3
2 3
1 2
6 1537
271 11211
33 2829
65 2553
73 17653
1 5
4 7
4 297
337 11067
6 301
3 12
2 288
2 4
4 588
6 82
3 3
1 2
3 3
30 204
2 588
45 10517
3 3
2 7
2 2
30 204
35 205265
5 10
2 3
70 9904
6 10
58 4006
3 18
19 4789
3 18
142 825
4 6
3 4
2 2
1 3
26 2245
4 3438
13 27
7 32
23 95
11 10873
3 3
4 9
16 32
3 3
5 11
136 28811
21 1040
4 6
11 517
13 5168
3 23
6 82
8 23
83 14435
7 31
2 3
9 327
11 13307
337 834508
2 297
1 12
5 31
5 2077
20 379
2 5
321 362139
3 18
33 3197
9 93567
5 15
5 15
1 59
2 3
6 82
45 10517
9 93567
61 3484
22 1610
3 89
2 2
12 30
2 3
1 9
121 4499
21 133942
2 2
11 493
3 12
37 12678
2 5
3 3
8 23
3 3
2 3
19 73
3 12
96 1282
31 162
3 40
3 3
3 7
3 17
2 2
6 17
2 3
31 14219
4 1999
1 588
3 3
2 5
19 9789
121 17909
1 72
5 297
1 22
2 3
4 11
6 940
26 2245
3 18
9 327
15 1449
3 588
1 5
368 54374
1 5
1 3
2 3
8 461
16 1769
1 9
4 6
2 2
1 2
6 949
2 5
9 327
1 588
10 329
84 19395
65 2553
11 493
11 13309
1 4
3 4
18 4962
2 3
1 3
6 1537
4 8
45 10517
2 296
10 95
3 15
1 6
6 56
6 13
37 2252
3 22
60 323
14 929
58 4006
6 581
73 2820
75 2820
422 44573
43 2252
7 31
2 2
3 14
1 5
2 2
105 9607
1 588
9 327
3 3
4 597
10 312
5 304
1 2
4 289
1 2
2 1999
5 10
2 2
3 2074
3 3
3 178
9 327
16 32
21 2879
5 22
2 33
1 59
1 15
12 327
3 18
5 161
1 10
1 5
2 2
3 6
2 2
56 20727
9 1294
5 44
6 327
1 10
6 290
33 21524
3 3
160 17249
4 949
3 354
148 11915
1 5
19 73
3 3
88 82988
4 11
1 35
1 588
12 30
29 121904
56 20727
1 10
1 15
3 1093
9 45
1 22
2 297
2 72
6 31
4 11
484 32599
1 27
39 6795
2 275
33 1547
3 3
39 201892
7 320
31 8725
5 11
6 13
5 581
158 59197
6 29
8 34
121 4499
6 24
2 2
8 581
4 304
1 15
2 3
18 1839
11 2723
214 3529
1 6
6 290
3 288
2 288
8 52
4 6
12 30
9 13
9 31
2 2
295 47855
3 5
1 4
2 2
11 13319
3 7
3 3
22 1610
1 949
19 1769
1 12
87 9913
5 323
69 13620
4 4
3 289
286 834508
22 135400
29 12678
2 288
542 43078
4 304
11 13321
2 3
135 5864
2 40
4 6
47 2252
2 3
1 588
85 16333
11 10873
17 608
2 3
3 3
1 269
20 1769
2 5
2 5
4 5
7 45
59 691
28 7459
12 1537
2 2
264 37171
15 144
3 66
42 82
7 312
5 15
24 167
3 15
2 588
2 3
2 3
9 79
16 1361
1 64
7 595
5 309
14 3075
1 588
4 289
29 2245
4 14
4 4
31 162
7 3500
4 11
1 15
271 25791
1 288
2 2
5 10
2 22
21 6142
5 949
3 12
2 21
2 15
6 24
29 2238
3 288
2 2
2 3
6 588
2 2
16 16
2 9
295 47855
6 6774
2 2
6 1537
9 2764
5 15
28 126948
2 24
6 28
1 14
1 5
11 493
3 6
2 4
2 3
2 288
5 71
3 89
23 95
1 12
2 2
207 4547
1 949
20 673
30 14219
1 3
3 22
10 36
83 14435
5 2074
11 4783
4 327
123 9607
15 34
2 79
6 360
5 297
368 54374
56 3453
2 2
6 2584
3 3
104 6032
41 6795
2 288
3 22
3 15
6 54
3 67
5 15
7 588
3 15
6 6
2 2
96 1282
21 1040
18 3455
14 89
7 10
2 288
3 12
1 76
3 304
4 304
2 6
2 2
3 3
202 4712
30 14219
337 834508
10 13
2 27
1 14
42 6869
6 31
2 3
1 5
10 4304
1 2
1 2
1 39
21 1040
16 97
3 18
7 1769
11 493
3 9
2 3
6 82
2 34
19 4789
2 304
2 2
