2 22
2 14
5 10380
149 25784
3 868
42 3451
3 304
10 1449
4 82
7 312
2 3
2 2065
2 10
6 29
1 3
6 8
6 91
1 3
1 8
1 3
1 3
5 327
8 3075
10 3675
6 32
2 3
3 4
5 2526
2 588
40 262
1 48
4 8
5 23
1 64
60 5340
21 2251
4 297
3 6
13 40
11 28
1 2
3 3
1 5
19 6795
2 22
1 3
2 2
7 1360
12 12937
1 12
1 14
4 2074
2 24
4 33311
2 3
11 14813
2 2
1 29
7 835
2 18
2 10
8 9797
6 32
41 3529
2 304
3 300
2 15
1 3
5 31
2 15
1 6
2 3
2 2
4 249
1 6
6 10897
19 6795
2 89
256 106497
1 3
96 553
2 588
3 52
11 398
3 7
13 39
4 360
5 4962
4 82
4 3488
14 1567
2 15
3 10
3 23
3 52
3 295
3 52
2 2
3 10
3 941
4 4708
4 11
96 553
6 12
2 9
2 5
46 834952
2 4
1 19
2 2
6 92
20 2819
6 327
3 3
3 55
6 93
56 4711
2 3
69 5158
3 6
2 588
1 2
3 3
1 15
6 95
1 269
1 11
2 3
1 877
1 3
1 3
2 2
1 12
3 15
1 29
138 11062
1 3
1 3
6 7
1 3
3 304
1 2
2 588
13 9789
1 297
2 9
27 9911
2 12
1 2078
2 3
20 3452
7 2878
2 15
2 24
1 2
4 10
1 89
6 92
2 6
3 315
2 588
62 11913
2 4
7 8
2 3
93 545
3 288
3 11
4 2244
2 588
7 329
2 289
1 11
4 41
38 14434
3 2077
1 3
1 5
19 8727
7 95
2 18
2 9
2 2
79 146328
17 3220
4 26
20 3452
5 1742
2 2074
4 20
1 7
12 14435
13 3416
8 378
10 6773
8 1857
6 126948
6 10873
11 26
3 15
1 6
5 31
2 596
2 2
7 105
3 7
12 6143
3 1558
35 1029
6 10873
1 3
6 12
6 493
3 174
149 25784
28 8861
3 885
2 304
2 12
8 378
10 134097
4 478
2 15
18 334
16 2829
2 10
1 15
2 597
2 28
5 36
5 36
4 82
1 5
2 2
1 297
1 35
20 205779
8 1449
6 6
83 39050
2 21
3 14
19 6795
2 22
22 2819
57 18428
1 588
3 885
2 6
12 8879
28 56859
1 949
37 17120
2 596
29 36841
6 93
4 161
2 12
7 12580
99 162468
23 2819
1 3
1 7
109 8430
1 3
3 300
2 2
2 4
1 10
24 730
45 12676
5 327
5 59
9 56
5 941
45 262
1 12
13 3087
2 89
3 312
3 2584
6 10873
4 277
7 54
314 76615
1 286
1 3
14 183
2 3
6 327
6 13319
20 3452
3 581
10 144
3 300
1 2
2 1768
222 80942
2 3
5 581
1 8
5 320
1 8
2 2
25 6029
5 35
1 8
2 18
2 3
2 10
2 12
1 8
4 6841
8 2237
6 9789
3 1293
13 39
3 7
34 29625
7 95
1 7
38 14434
1 2
2 588
2 3
2 27
26 4507
1 3
7 329
6 2000
1 287
6 2243
2 3
2 596
1 3
6 2243
1 304
1 9
48 42975
1 2
1 312
83 39050
24 2819
1 2
11 162
8 36
22 691
13 7461
8 29
42 3529
5 32
3 31
1 29
3 290
12 39
2 2
4 3056
16 6795
2 15
1 588
7 167
1 3
2 300
4 2244
1 8
2 3
1 3
2 3
3 13
64 4528
3 9
5 8179
1 6
11 2878
2 288
1 3
16 228
1 2
5 24
9 2764
2 58
17 95
1 40
24 19393
2 1999
2 12
2 2
38 14434
2 588
2 18
1 855
19 1760
16 3179
4 11
247 62954
2 2
54 3543
46 834952
46 834952
2 22
1 3
2 2
46 263
1 1996
2 3
28 10998
2 3
1 6
6 12
8 1857
31 82
2 588
2 3
2 15
3 52
10 1547
2 3
3 33
2 2
2 2
1 588
3 12
1 5
6 327
2 7
22 691
2 8
1 10
2 5
8 378
8 1857
2 3
4 5
2 2
4 304
1 8
2 1769
1 3
2 2
3 1537
4 2074
1 91
2 3
20 12580
1 14
3 5613
5 14
2 6
5 31
45 6134
1 3
1 76
2 68
1 5
4 4672
6 12
3 277
199 54365
28 8861
2 2
2 15
1 76
10 1839
12 6029
56 28806
3 6
3 6
4 2244
2 2
8 2552
26 2251
2 89
1 5
4 41
2 290
1 5
7 3074
2 275
9 12677
2 58
3 17
4 10
2 3
4 3994
1127 334270
5 7
9 97
1 3
14 16
63 263
3 3
2 12
1 303
3 1769
3 8
2 3416
5 941
2 6
53 122758
4 2244
2 859
27 9911
1 29
1 5
2 2
20 205779
2 5
58 834952
2 2
24 2254
2 3
2 58
2 588
5 7
5 301
11 929
1 3
2 6
13 6433
1 312
23 19967
2 289
2 6773
8 1449
1 20
10 1176
2 588
2 289
37 17120
7 329
1 288
6 6
4 32
28 1853
3 72
2 17
1 3
36 1282
1 6
1 6
4 1999
3 11
14 18
2 2
2 4
1 2
267 58680
1 82
7 4672
5 581
10 2878
1 29
33 6320
9 89
2 10
2 2
4 39
36 20580
27 3452
3 35
3 3
7 3669
2 588
99 162468
5 581
5 6
3 1999
2 588
1 2
7 35
2 4
6 32
1 6
2 2
1 3
2 134
2 9
2 3
3 91
24 17654
2 68
15 6773
21 2251
1 29
26 4507
2 12
10 1839
2 2
9 12677
267 58670
9 6143
31 82
1 3
2 35
4 51
3 4651
5 14
2 2
2 2
3 885
24 1299
60 15474
3 8
3 4
2 15
4 6
2 24
1 883
1 2
2 52
2 3
1 5
4 5
1 8
2 303
1 6
20 12580
17 95
1 5
2 6
9 1769
1 6
3 11
1 3
17 95
35 19393
3 11
1 4
2 2065
46 834952
2 3
1 2
1 2
5 32
6 4591
2 2
3 1360
3 10
2 588
6 91
5 34
56 146328
4 51
2 15
2 2
2 3
5 300
8 4698
1 29
2 3
4 304
12 7461
2 12
2 13
2 588
4 11
1 5
17 3220
16 2829
41 3529
33 630
13 162
1 5
2 289
10 144
1 3
2 5
1 2
25 6029
1 2
2 5
3 4708
1 3
2 2
10 134097
4 3056
6 588
16 3198
4 2074
1 949
3 11
74 24303
4 5
2 89
1 5
5 12
13 12937
4 10
22 2819
5 327
6 13297
2 15
4 1537
1 26
1 2
8 1449
3 327
2 2
2 54
2 6
2 12
8 8
3 868
4 8
7 327
46 834952
5 327
2 304
5 1703
1 6
2 5
1 58
155 32586
4 2074
5 581
81 24319
6 95
2 289
13 1610
32 2552
8 1857
3 14
6 95
2 2074
16 3179
1 29
1 288
2 9
3 72
2 2
5 1360
3 288
1 3
2 304
3 15
1 64
1 3
1 855
2 3
22 4711
11 150
1 16
2 2
2 595
7 4672
1 3
13 7461
10 2878
18 11913
20 3452
1 58
4 10
1 3
2 4
81 36897
2 9690
1 3
3 25
32 2552
3 3
1 3
96 553
8 4787
1 297
6 4016
46 9876
4 5
9 2819
25 6029
1 3
5 327
5 31
1 29
7 13
2 3
5 581
22 691
19 202606
2 588
1 297
19 1760
2 3
6 32
2 304
5 327
1 29
2 2
16 2829
2 82
5 11
2 6
1 5
1 6
3 581
5 13
5 7
1 6
3 868
2 2
3 8
3 30
2 288
8 167
10 1839
20 20727
6 2246
6 327
2 2
1 2
6 10873
12 1769
3 304
1 3
2 588
2 6
267 58670
2 2074
2 288
1 24
2 15
1 5
2 588
4 5
1 34
5 885
5 13
3 288
3 312
1 3
2 3
10 34
2 588
2 12
2 12
1 6
70 17878
64 4528
5 156
6 13307
2 17
2 15
1 891
9 12677
4 118
2 2
3 10
19 8727
1 2
3 277
1 59
2 14
4 5
9 56
163 80633
3 31
5 12
32 83097
2 949
1 3
1 3
1 12
6 93
1 6
1 2
2 2
1 7
2 1999
2 3
4 8
16 3719
21 2251
2 5
1 2
74 24303
32 2552
1 288
7 167
12 12937
2 2
1 2
5 96
5 31
3 1999
2 3
6 13295
2 2
2 11
2 3
13 1769
2 4
2 588
4 11924
10 2878
6 493
5 31
38 14434
8 9797
1 5
1 5
17 1894
3 3
2 24
16 2829
74 13394
18 2552
1 3
1 304
1 14
17 95
8 36
3 8
2 3
8 1449
1 2
5 941
2 2
3 3
2 588
7 95
1 8
2 22
81 16391
3 885
2 24
1 588
3 21
1 3
2 2
4 2074
1 297
17 13701
9 2819
3 3
4 3056
9 12677
1 29
3 58
1 2
2 67
7 34
1 3
10 12678
24 2254
60 9605
2 304
3 31
4 304
3 9
1 286
2 288
2 6773
3 581
3 603
4 5
2 9690
2 288
8 327
9 56
2 289
2 15
2 22
12 5092
8 1857
2 2
3 3
2 5
1 64
632 407340
1 3
616 101789
4 1999
4 6841
2 304
1 3
4 3488
4 32
138 11062
4 327
27 9911
2 17
8 167
3 144
10 1039
3 290
12 1306
3 10
1 2
2 304
5 301
3 17
6 2829
2 1768
1 5
1 297
2 3
1 2
3 3
10 12677
6 588
17 95
2 3
27 6201
4 19
6 93
5 2080
3 12
199 54365
24 19415
3 7
2 2
8 1449
5 7
157 20874
24 17654
2 68
8 9797
1 8
2 580
9 1360
2 3416
8 73
11 8876
2 288
1 6
2 2
12 12678
2 3
3 9
1 6
2 2
1 58
1 14
5 31
33 55313
16 6795
1 588
1 5
6 588
2 596
6 493
2 5
2 354
2 3
2 288
83 39050
3 3
4 304
3 10
2 61
9 1360
3 31
45 12676
33 9911
2 3
2 2
1 2
10 144
1 15
1 21
2 3
1 2
47 9605
1 588
1 3
1 2
2 17
1 855
19 8727
3 4
2 289
2 15
5 31
10 1172
2 9
1 72
2 12
3 588
4 5
1 5
24 2819
4 2244
19 217403
3 868
2 2
1 2
16 6795
6 327
3 31
2 30
10 7461
5 64
267 58670
17 1894
1 64
152 20704
8 2257
8 598
4 10
15 19
2 5
10 608
4 256
1 3
2 2
57 18428
1 76
1 76
5 32
2 89
1 11
4 11
2 2
6 493
5 1180
1 297
23 20727
1 4
5 15
3 3
20 2930
8 1769
6 2662
4 304
4 5
7 1610
2 12
2 89
1 2
2 5
2 289
10 144
11 26
1 15
5 7
5 3488
10 1547
1 9
1 297
10 6773
3 7
2 9
2 8
1 288
10 2878
274 65422
33 9911
1 3
3 304
36 1282
11 9789
3 3
2 5
1 20
2 296
2 3
6 93
2 2
1 5
1 2
1 6
1 5
54 3543
3 885
1 327
7 95
2 30
1 29
3 3
1 9
3 3
13 162
2 12
4 13
2 24
1 304
20 323
1 301
1 2
3 3
10 1039
1 588
6 2662
2 2
2 2
4 5
4 2244
8 2257
8 7952
4 8
5 13
149 11201
23 5113
1 18
228 241395
2 3
155 32586
5 8179
2 9690
4 304
13 162
27 6201
26 4497
2 304
12 5904
3 31
2 290
3 5
2 4
1 3
17 17436
2 3
2 15
2 3
2 289
2 12
6 588
129 10474
1 64
3 30
4 32
18 10999
7 387
42 3529
1 6
55 7902
3 1537
1 2
21 3220
149 25784
3 10
2 60
2 2
12 5904
1 3
6 10873
28 1853
46 834952
16 2829
2 304
2 289
5 9
1 2764
1 5
3 30
26 2251
3 55
2 2
3 10
1 6
2 1709
3 7
1 304
2 3
2 67
7 7952
8 36
2 588
2 288
2 3
2 588
1 2
6 10873
3 6
8 73
24 2819
6 327
20 3452
4 13
4 33
1 3
1 8
56 146328
9 2819
5 32
99 162468
1 14
3 2584
3 4708
4 360
2 14
2 18
7 9797
27 3452
4 327
6 13283
2 595
8 2237
1 2
3 22
6 59
4 5
2 8
54 3543
10 135550
12 1769
2 304
10 135550
1 2074
6 95
2 3
4 4708
98 37169
6 493
4 12
2 3
1 287
6 493
1 3
7 7898
46 263
2 2
2 2
79 79
28 8861
2 14
2 3
31 2858
2 3
5 6
10 144
149 11201
3 4
4 174
1 2
2 596
2 3
2 3
2 3
2 2
2 3
2 588
16 3179
3 868
13 17
5 6752
3 72
11 150
3 14
8 30
1 12
3 1537
1 14
3 52
2 2
1 3
2 596
5 22
1 11
5 156
2 4
12 1520
1 3
17 1894
3 10
6 6
2 588
5 1703
86 18507
10 1172
54 3543
1 29
2 7037
3 6
2 24
8 1857
5 19
12 12937
1 3
1 12
6 327
2 4
2 1999
2 288
2 304
2 3
1 312
8 4410
7 329
6 95
4 1537
2 89
19 643
1 2
9 1769
10 6773
8 1449
2 4
5 11
2 304
1 3
46 834952
13 1610
2 18
2 588
2 12
1 3
5 32
2 596
1 2
7 9
1 312
2 3
4 10
6 93
1 29
392 31852
8 929
1 11
2 588
5 2080
1 33
7 13618
2 2
40 262
5 320
2 2
11 8876
5 1766
23 3484
3 581
4 10
29 35971
12 14435
8 1857
21 4497
1 6
4 304
3 304
1 2
2 54
2 2
1 269
20 3452
1 72
3 6
5 23
5 156
2 5
7 4787
2 2
1 3
2 588
1 588
20 3452
2 9
5 31
1 2074
5 71
1 5
2 3
27 9911
2 588
6 10873
1 312
155 32586
1 64
1 6
698 407568
6 12
5 8179
1 5
6 493
1 3
3 10
1 3
13 1520
1 72
6 4789
26 2251
1 6
267 58680
1 14
2 9
1 288
2 3
99 162468
2 12
5 13
10 2878
9 97
1 855
11 28
1 3
2 3
3 597
2 1999
2 3
3 3
1 301
1 3
9 323
6 588
2 6752
11 26
95 156845
2 6773
20 3452
2 24
6 868
5 581
1 24
2 2
1 29
13 162
56 836690
5 327
1 64
7 13618
3 31
44 5519
56 836690
3 1537
6 10873
83 17917
1 29
1 3
3 55
7 34
8 1449
3 6
15 71
1 33
2 312
3 52
1 3
2 596
1 6
10 339
7 1815
16 3198
1 2
1 3
44 3529
3 58
2 304
7 34
2 3
2 2
1 6
2 2
3 315
3 18
3 3
2 3
1 8
7 7898
2 67
5 31
10 7456
4 1999
26 10517
6 4788
2 9
2 354
6 493
8 378
2 18
36 3325
17 13618
16 2829
12 7461
2 3
267 58680
73 18094
6 1608
1 40
6 2662
10 2878
5 581
3 73
8 126948
2 588
3 23
11 150
2 3
58 834952
4 2142
1 288
4 13
2 2
2 17
10 7456
11 28
5 36
11 162
1 3
2 82
2 12
12 6029
2 3
18 334
2 326
2 297
1 5
2 3
3 312
17 63
1 12
3 10
1 3
1 15
1 4
2 3
2 2
33 55313
2 297
2 2
2 2
6 5168
314 76615
5 31
9 1293
6 517
2 13
1 2
66 12234
2 6773
1 5
8 2362
2 2
4 32
1 3
2 290
1 2
1 29
3 7
3 590
4 360
6 10897
1 6
3 868
7 329
1 21
2 1709
2 3
58 834952
7 1610
1 2764
2 3
15 673
7 4672
3 1610
5 1703
1 5
1 5
2 24
199 54365
2 290
5 154
4 51
3 312
2 3
2 3
1 39
1 3
54 3543
38 14434
4 378
6 13262
1 3
3 10
4 3994
1 7
3 3
2 9
1 855
8 36
35 1029
1 44
4 32
1 297
6 13309
2 15
4 32978
3 9
3 31
2 354
2 13
7 34
2 6773
9 12677
4 4
3 304
2 6
5 941
24 17654
3 1293
4 11
2 24
1 9
29 9876
2 10
2 3
5 32
4 297
1 3
1 2
1 30
2 2
6 92
2 6
8 55
6 10873
33 6320
1 1293
2 3
3 19
26 2251
1 297
1 9
5 31
3 3
7 34
5 301
5 32
8 145
2 1999
5 2029
1 588
1 3
2 89
2 2
1 2074
2 22
2 12
1 6
1 2764
13 179
1 3
8 71
6 327
8 55
1 297
1 287
2 4
1 7
1 3
3 7
1 6
2 10
5 31
27 4506
6 4788
17 95
59 628876
8 36
7 903
3 23
2 15
6 32
2 3
1 9
5 13
6 1360
1 3
4 11
6 32
2 12
2 12
5 31
1 3
2 89
10 1039
149 25784
2 2
5 360
3 3
2 33
6 13295
1 8
1 6
2 1093
7 929
3 2231
1 5
1 2074
10 3452
1 11
19 6795
3 52
2 12
3 3
2 288
5 32
22 4711
1 304
3 596
14 16
58 834952
5 2552
4 304
5 31
2 14
129 10474
1 3
5 114
151 39833
3 7
39 1853
4 304
1 13
5 156
5 23
42 3529
2 10
3 52
2 22
6 517
2 2
1 3
1 304
4 588
2 289
1 3
2 4
17 323
2 3
1 3
5 301
3 144
53 33033
3 354
6 493
1 301
5 32
23 20727
2 1768
3 3
3 354
2 3
2 9
1 21
2 2
8 4787
7 134
3 4
5 22
36 1853
5 183
7 95
1 3
7 34
2 588
6 6
1 588
4 31
10 3675
2 2
2 22
1 3
2 3
1 855
11 162
8 8
2 6
1 269
3 29
6 126948
1 5
8 66
1 588
1 855
3 10
5 297
5 294
7 167
2 89
3 3
16 2829
8 1857
18 8727
26 2251
7 144
2 14
2 10
2 1528
9 1769
9 6143
1 5
5 31
168 54360
5 31
35 747
3 14
2 89
2 60548
40 12676
8 1449
2 9
5 7
7 13618
16 2829
35 633
2 289
1 6
6 13295
19 8727
4 20
8 9797
1 4
16 3719
7 2878
58 834952
81 36897
3 3
39 12676
6 10897
267 58680
3 1999
8 3075
8 17
2 18
4 15
2 3
15 673
69 5158
1 5
2 6
5 6
60 9605
1 3
8 36
24 2254
3 290
1 6
5 8179
8 28
2 3
5 1604
8 2552
1 2
1 27
1 15
5 15
4 2244
1 3
11 398
2 588
1 5
5 35
1 3
1 29
55 7902
6 4788
1 3
3 4
15 249
8 1449
1 288
2 304
7 329
4 1602
7 1610
3 5
7 4962
5 56
11 162
1 289
6 868
3 277
6 13321
8 9797
4 297
24 730
12 89
8 2237
1 7
3 3
1 6
2 3
2 288
10 1172
4 32
5 13
1 297
2 288
3 8
16 700
14 90
4 11
8 378
58 834952
2 89
1 5
2 2
8 3431
5 32
2 588
5 8179
2 44
1 949
3 5
3 31
5 3488
16 3198
3 5
1 588
9 89
2 3
5 36
2 9
1 6
9 121904
2 3
267 58680
7 327
2 1768
1 1999
28 56855
2 4
4 5
6 517
24 19393
5 6752
7 329
7 3500
23 20727
129 10474
2 2
1 11
2 2
8 4698
8 31
2 3
2 89
1 6
1 64
2 2
1 29
5 22
2 9
2 5
3 3
2 8
5 941
39 261
8 36
2 304
19 6795
2 2764
2 304
18 8727
1 3
1 29
2 4
2 6
12 5904
2 3
10 135550
6 588
1 3
2 22
4 6
2 296
5 31
2 1768
2 3
12 1769
4 27
6 603
4 6
4 51
8 378
2 588
1 5
3 22
1 3
1 21
2 3
2 2
1 3
5 31
2 2
1 26
2 304
5 2552
1 3
1 287
4 11
2 289
17 95
2 22
12 12937
7 478
3 304
3 30
2 3
1 3
1 3
1 588
1 297
6 14066
7 929
56 836690
3 23
2 2
1 35
2 3
2 2
5 2080
199 54365
1 297
24 2819
7 52
1 6
2 178
17 1894
1 588
1 79
16 18315
2 6
41 3529
96 553
3 112
1 588
2 18
2 3
26 1853
2 2065
2 18
2 3
1 3
1 2
1 1999
2 14
2 17
2 89
3 3
11 28
2 89
13 1610
129 10474
8 36
2 2
2 588
2 2
1 5
6 10873
55 15542
11 1610
6 493
5 195
7 2878
10 1839
1 6
12 12937
1 287
2 5
2 4
21 2251
3 3
4 6841
1 12
1 5
1 35
1 588
3 7
7 6841
45 6134
3 12
7 34
73 13386
9 638
1 64
4 10
1 12
33 6320
1 2
267 58670
24 2819
12 12937
2 5
2 2
3 9
5 301
9 56
6 12
5 23
13 14218
2 2
2 10
3 4708
10 7461
2 5
2 290
4 32
1 14
6 13283
2 326
3 3
44 3529
1 6
6 10897
2 288
1 5
1 2
1 29
6 2030
1 2
1 64
5 31
4 10
1 71
3 9
2 12
2 1769
2 588
10 1172
7 8634
2 3
5 941
1 3
1 2
3 89
3 4
3 290
10 1039
6 13309
2 3
2 2
3 315
10 2878
1 588
3 23
2 14
2 2
2 7
1 7
27 9911
1 3
1 6
1 5
1 9
13 14218
1 7
1 3
3 6
2 2
3 7
2 3
2 296
1 3
2 588
1 3
3 10
2 2
4 3488
23 19967
2 312
46 834952
5 7
3 14
1 15
1 3
3 10
2 588
3 35
2 67
29 13618
1 15
9 5456
1 3
2 2
151 20146
13 105
86 4546
6 4304
8 1857
2 595
2 2764
2 588
2 12
1 588
3 8
56 146328
1 7
2 2
1 22
6 6
5 301
2 3
19 6795
2 18
4 11
6 32
1 3
8 9797
3 354
1 301
3 290
14 2819
2 588
3 7
16 1760
3 15
2 8
2 2
1 2
1 3
9 12677
1 949
5 31
3 297
4 3994
10 144
2 3
10 608
42 3529
8 1449
3 10
6 327
3 354
1 2
1 6
2 304
2 275
6 10897
2 2
1 29
1 33
1 7
2 1528
8 120411
7 329
2 2
2 2
1 588
24 19393
2 581
33 630
2 2764
2 2
4 54
6 581
1 12
5 1742
2 11
1 2
2 1999
3 2077
6 4880
3 10
8 1857
1 949
2 588
3 19
1 7
3 8
26 2251
3 10
6 93
15 4006
2 9
6 493
15 249
2 288
2 2
7 1172
2 588
3 10
4 21
1 326
4 12
1 3
7 2755
2 4
73 18094
503 330725
2 2
1 301
1 3
22 4711
3 3
16 6795
5 312
13 38
1 2
56 146328
6 493
26 4497
49 20580
2 3
31 2858
6 13295
3 4
2 3
3 581
1 11
1 20
1 69
5 19
1 3
2 5
2 180
4 7
2 588
1 2
4 54
133 51956
2 9690
2 22
2 588
36 3325
4 354
25 6029
1 7
24 2254
2 2
13 162
5 8177
8 71
1 12
21 2251
5 13
1 64
6 32
17 95
4 277
1 9
1 33
2 596
2 22
2 3
1 855
2 22
10 12678
2 289
5 2526
2 2
31 2858
5 1703
4 10
60 9605
2 2065
4 21
3 10
3 6
6 8
24 19393
5 941
20 12580
5 31
3 3
1 3
2 9
2 288
1 1656
1 2
7 35
2 3416
10 1839
2 89
2 3
28 8861
5 1604
22 633
3 30
6 327
1 64
1 3
1 297
5 1604
5 1039
3 2074
2 588
1 9
9 144
8 378
1 6
3 3
1 29
3 10
5 8177
3 304
5 941
1 6
17 95
2 3
3 8
1 885
6 517
4 32
3 581
83 17917
16 26
1 2
3 327
1 297
2 326
59 628876
1 64
4 28
1 7
2 2
1 885
4 8
6 3146
2 89
3 31
2 12
1 2
2 44
2 2
5 1703
168 54360
4 82
3 5613
1 11
199 54365
1 33
57 18428
5 1769
1 588
3 8
1 5
6 93
4 304
1 3
3 581
6 6
2 30
6 92
1 3
20 3452
3 10
7 52
3 312
18 10999
8 1029
5 31
7 13
82 16399
2 588
4 304
5 31
2 15
26 4507
59 122329
1 588
42 3451
6 588
10 2878
12 2720
2 18
2 3
6 517
5 31
3 11
1 3
2 22
2 7
3 10
21 4497
36 17120
3 52
4 41
4 949
8 3075
26 2251
2 2
39 12676
6 493
1 297
4 304
140 51212
10 608
3 354
2 3
4 949
2 2
1 15
19 217403
5 31
2 588
1 7
17 95
12 12677
1 9
77 16399
2 3
2 1768
129 10474
5 23
1 588
8 378
4 297
4 31
6 588
1 15
57 18428
19 8727
1 64
2 6
25 6029
1 588
4 304
2 12
3 144
3 354
1 5
3 65
1 588
2 2
2 58
2 9
4 588
2 2
2 286
103 47853
45 3543
3 14
13 14218
8 30
8 3431
2 3
2 2074
7 9
4 46
7 54
2 588
1 588
2 2
1 2
2 5
14 1839
60 9605
4 6841
3 144
2 304
2 588
2 12
2 2
3 14
55 7902
2 12
7 183
29 36841
4 4708
1 294
2 4
28 3482
2 290
2 2
2 2080
9 6143
12 2720
2 288
1 2
2 11
5 12
2 22
18 7185
1 2
3 581
16 6868
2 34
1 29
2 3
1 11
7 929
2 8
2 4
3 883
2 9
6 13321
2 1769
2 10
1 2
6 581
1 3
2 2
11 12937
8 378
1 4
1 22
4 91
13 90
2 15
1 269
3 2074
20 323
19 8727
5 301
12 95
19 8727
4 2074
1 5
1 287
12 13323
2 2
1 2
8 66
2 289
1 8
1 296
41 3529
2 15
13 33
1 5
2 2
2 5
2 4
4 2576
9 121904
3 6
2 6
3 15
3 10
1 588
7 835
1 3
1 3
3 3
12 12937
9 2819
1 2
103 29421
8 17
1 2
5 11
3 304
5 56
3 4708
5 6752
3 52
24 2254
3 8
2 12
2 288
55 5340
1 5
267 58670
1 297
17 95
1 3
2 2
6 13321
3 10
593 21349
23 19967
3 4
29 9876
18 334
20 3452
35 2552
6 2662
6 4788
4 8
2 2
5 2080
5 31
7 461
4 11
28 8861
3 300
2 289
3 3
10 1039
2 2
2 2
6 327
19 6795
1 588
3 3
1 588
1 288
1 288
2 588
1 7
5 1039
23 20727
8 1449
3 4708
62 11913
6 13297
3 1769
2 288
2 588
1 3
1 2
2 12
1192 334270
79 79
6 13309
4 51
1 3
267 58680
92 29421
1 588
3 3
3 3
5 13
170 54365
8 2362
2 2
6 13297
6 4789
23 20727
2 304
5 297
2 6
1 5
1 15
3 23
8 8
5 31
7 70
4 941
11 26
1 297
1 21
2 18
6 32
3 55
3 7
2 10
13 14218
1 855
2 15
2 287
2 2
1 21
1 4
69 5158
3 3
39 261
7 34
41 1106
2 3
3 3
2 4
6 34
1 6
70 17878
29 13618
8 2237
1 297
2 2764
1 3
1 7
2 12
4 3994
6 93
29 36841
1 5
5 2080
2 297
1 588
14 673
2 9
3 3
1 14
2 6773
3 294
2 9
2 22
1192 334270
5 597
2 290
1 64
2 15
1 588
2 34
3 10
5 32
20 3452
29 36841
26 2251
22 2819
24 40
1 9690
27 9911
10 3675
5 8179
2 2
10 1839
3 304
8 1449
4 5
149 11201
1 112
2 14
1 29
3 6
38 14434
29 647
1 4
2 3
1 2
5 71
20 1299
5 581
7 1610
4 10
1 2
11 26
2 3416
3 66
42 3451
1 949
3 941
2 12
3 5
2 312
5 360
2 12
17 13730
2 289
15 4006
1192 334270
13 413
22 4711
9 89
1 3
1 3
44 3054
4 51
4 134
2 1172
3 6
13 1610
6 249
13 14218
10 1839
13 39
153 20874
7 329
3 3
10 1547
22 37169
1 3
23 20727
6 95
26 4507
26 4507
3 1537
22 691
6 4788
8 36
4 32
27 6201
1 1999
2 2
12 6029
5 56
1 2
10 3675
1 5
14 18
1 6
1 76
6 8
25 9343
13 9789
4 3500
2 2
2 67
8 2257
2 588
7 3669
8 9797
2 18
1 3
8 1460
10 35
1 3
168 54360
3 23
13 1610
13 413
11 162
6 93
24 2254
11 162
2 89
20 1299
4 6
1 588
2 89
4 118
33 630
4 32
3 21
2 3
2 2
83 39050
6 3416
105 11062
2 5
6 3416
1 112
9 1360
1 3
73 18094
1 10
32 2552
26 2251
1 5
5 24
6 6
2 24
1 5
42 3529
2 2
6 13295
2 28
9 1360
5 31
2 2
7 3074
3 312
1 29
10 1839
3 6
2 1537
267 58670
2 2
157 20874
2 2
3 72
2 3
2 34
2 65
8 73
3 35
1 13
8 9797
2 5
3 15
12 2720
4 32
1 8
4 32
5 12
2 3
8 36
2 588
20 205779
3 17
1 2
3 73
2 3
5 9
3 14
2 6773
6 868
2 14
4 32
2 8
16 6868
5 1610
3 1537
2 3
1 25
2 288
11 1975
1 3
13 1610
6 327
8 4787
1 18
57 18428
1 35
53 33033
207 21781
2 3
4 3994
31 82
10 1839
6 517
2 36
1 5
1 10
2 2
28 83097
2 3
60 9605
2 18
2 588
12 639
5 12
3 7
4 59
83 17917
10 2878
24 19393
3 12
2 1999
81 16391
6 2662
5 59
2 5
6 588
6 493
1 5
2 9
6 12
2 9690
12 1221
1 64
12 14435
5 45
10 12678
3 14
15 73
2 18
6 493
8 2237
2 304
2 588
2 2
9 1769
1 286
1 9
3 33
137 44569
5 31
2 17
6 4782
6 327
39 12676
1 2
2 5
1 297
29 35971
1 33
16 3198
2 3
2 2
13 1610
3 1293
1 15
2 24
4 1537
2 5
152 29134
1 3
1 588
5 114
3 312
8 1857
2 2
1 2074
2 24
7 4787
2 5
3 7
6 3416
29 647
593 21349
37 2858
1 5
2 6773
1 5
26 2251
8 2237
1 312
2 2
12 12678
1 5
2 2
3 294
86 39833
7 183
1 6
111 162468
2 3
3 301
138 11062
13 105
3 315
2 289
6 33
1 297
5 32
3 327
2 3
3 6
7 327
9 89
9 1360
10 2878
2 2
2 3
1 885
2 3
10 12678
1 21
5 941
10 144
2 3
1 288
103 29421
1 5
2 588
3 1537
3 7
69 5158
1 3
1 3
2 4
19 6795
1 3
6 93836
2 595
3 17
1 7
1 288
5 12
2 289
2 36
70 17878
7 1610
5 22
2 18
3 5
4 5
1 3
7 3500
4 31
2 1768
2 588
2 4
2 82
1 5
10 7456
2 290
3 3
5 31
4 3488
2 9
2 15
3 941
2 12
2 5
10 144
2 3
2 213
2 3
12 89
2 34
83 17917
7 4787
6 13319
2 22
1 3
1 3
2 6
2 36
17 13618
41 3529
5 1703
4 297
27 9911
1 21
1 2
1 3
2 312
5 597
4 1537
6 3416
6 493
2 5
3 5
6 327
3 10
1 3
2 2
2 300
5 8
1 588
3 97
5 23
2 597
2 2
2 1528
1 6
6 95
3 3
3 31
3 52
1 14
1 3
1 59
10 608
3 144
2 3
1 71
2 2
1 3
35 633
2 8
1 5
2 3
99 162468
39 12676
138 11062
2 288
1 297
9 2819
3 3
3 1769
4 4
2 14
4 5
32 10998
8 1857
82 17878
3 31
2 5
2 588
9 2819
5 23
1 286
2 2
2 2
1 15
6 327
5 2686
5 56
8 1449
3 1610
2 3
2 24
2 2
2 3
2 5
4 2244
1 12
1 6
2 588
2 2764
46 834952
1 14
17 17436
32 2552
20 2819
2 588
32 2552
2 1805
4 31
5 885
2 288
3 303
6 2829
9 12677
5 17
2 3
7 4458
3 294
1 5
2 296
168 54360
1 3
2 304
1 6
7 13618
42 3529
6 3416
2 2872
1 3
2 15
7 4787
2 2
6 13285
1 288
2 304
7 35
48 4103
16 3198
1 588
1 288
42 3529
3 301
4 2074
26 2819
2 54
1 3
2 309
2 2764
1 6
7 9
3 12
2 304
1 588
2 2
1 5
6 6
4 3994
2 1172
4 3994
19 1760
2 3
4 31
2 12
4 7
2 2081
26 10517
6 10
9 638
2 588
9 144
2 288
27 6201
1 5
8 3075
7 4830
8 3431
6 8
20 3452
2 581
5 301
1 2
6 3441
2 89
1 6
3 72
2 18
3 3
6 493
1192 334270
57 18428
2 290
1 3
4 32
25 1282
1 6
3 303
3 3
16 3719
9 1360
3 9
2 288
4 31
11 14797
2 12
2 588
8 327
2 5
1 5
4 8
13 14218
2 15
7 34
1 3
1 269
46 834952
22 37169
2 2
3 72
29 9857
69 708004
55 7902
4 11924
3 304
1 949
1 3
2 136
1 15
33 6320
29 36841
3 14
1 3
2 2
1 2
1 301
2 2
2 24
3 2584
7 34
1 3
11 14813
7 929
3 300
10 1839
3 581
1 2
46 3000
4 304
1 7
9 6143
21 2251
1 2
2 12
1 58
2 89
15 73
5 588
3 15
2 67
4 1537
1 303
1 3
3 312
3 10
2 354
36 12676
2 2
2 2
1 35
3 5
1 312
2 2065
6 19
1 297
12 12678
55 4711
3 3
1 29
3 31
45 6134
6 327
155 32586
22 1515
9 1360
2 2
2 1999
2 885
10 7456
6 32
32 2552
1 297
1 949
1192 334270
6 95
12 8879
4 595
2 2
33 630
1 3
5 312
33 6320
1 6
2 297
23 20727
42 3451
1 5
1 269
8 2237
3 5
2 2
1 288
8 3075
9 1764
9 121904
7 52
2 15
3 320
3 8
12 39
4 11
8 327
4 4672
4 327
151 39833
5 11
41 3529
33 6320
2 1528
8 17
58 834952
3 6
1 2
3 15
8 73
2 1005
2 2
2 285
3 16
5 156
4 3488
5 31
2 9
9 6143
1 8
2 5
6 493
3 290
2 12
5 1039
2 2
8 9797
314 76615
1 2
6 327
1 297
111 33902
10 1039
2 2
1 12
39 261
46 834952
2 89
3 868
3 581
13 14218
42 3451
2 941
2 1805
2 22
2 303
3 4
12 1306
11 27
9 1360
1 2
1 6
149 11201
4 2244
6 588
36 20580
105 24939
1 1767
2 3
3 304
34 29625
3 1293
8 53
6 327
1 39
6 588
28 83097
56 146328
4 1537
100 44569
1 64
1 5
6 8
2 1769
1 3
6 318
2 588
25 3325
1 297
1 287
13 639
1 2
2 304
1 10
2 17
1 2
1 2
1 588
1 2
4 304
1 3
38 14434
2 3
2 1999
1 2
3 8
1 3
1 72
3 31
1 2
1 5
5 31
3 23
2 2
9 6143
1 2
6 95
6 12
1 2
10 1039
5 46
3 3
3 2230
2 3
2 2
6 2662
1 5
2 288
2 2
21 920
1 15
56 146328
12 12937
3 10
2 5
149 11201
2 15
2 14
2 15
3 40
11 9789
2 580
4 6
1 3
19 14812
6 13297
12 39
4 4
18 10999
2 2
1 6
10 34
12 2720
2 3
1 11
4 8
6 95
1 949
1 3
25 6029
4 301
1 286
4 1537
1 3
86 39833
13 105
1 286
2 3
4 304
2 15
1 5
2 3
2 3
1 2
4 32
4 1537
2 3
16 2829
32 2552
3 10
24 17654
2 18
2 297
105 11062
5 301
5 32
2 288
2 4
2 588
4 82
3 3
1 2
3 3
1 5
12 204
2 588
26 10517
2 3
1 7
12 204
20 205779
4 10
32 9902
3 10
15 4006
4 8
7 95
6 4788
1 6
1 2
3 10
3 6
2 2
2 24
1 4
1 5
1 3
1 3
2 28
6 8
2 24
4 3594
11 26
21 2251
6 13319
2 9
8 31
3 3
3 11
56 28806
10 1039
5 31
2 2
1 3
3 6
2 23
4 82
3 23
38 14434
5 31
1 288
1 297
3 2077
8 378
2 5
168 362055
2 18
2 2
16 3196
2 2
6 93836
1 3
2 15
2 15
1 59
2 220
1 82
26 10517
1 3
2 2
1 5
2 18
6 93836
2 289
13 1610
2 89
1 3
1 29
1 8
26 4497
10 134097
2 2
4 2244
7 493
2 12
10 12677
1 5
5 23
3 289
8 73
2 12
25 1282
11 162
3 40
3 7
5 15
13 14218
4 1999
2 4
1 588
2 5
13 9789
1 72
2 2
3 297
1 22
3 10
4 11
3 941
12 39
6 327
10 1449
2 3
2 588
6 13297
199 54365
1 3
263 48156
12 1769
1 8
3 6
1 2
4 949
3 10
2 3
2 5
5 581
3 5
1 588
7 329
30 19393
32 2552
3 4
7 4962
1 6
3 1537
3 8
26 10517
1 296
6 95
1 15
1 6
4 56
2 22
23 323
7 929
15 4006
22 2819
24 2819
100 44569
1 2
3 14
1 5
2 2
47 9605
1 588
2 597
4 304
1 2
1 2
2 1999
1 2
2 2074
3 3
2 3
8 31
10 2878
2 22
2 4
2 2
1 33
1 59
1 15
8 327
2 24
2 161
1 2
1 5
2 6
1 2
1 29
1 6
23 20727
5 1293
2 44
5 327
1 9
3 290
2 2
16 21511
4 2244
1 76
8 1449
3 3
5 31
71 17245
2 949
21 335
2 354
1 3
15 11913
1 5
8 73
3 3
32 83097
4 11
1 35
1 588
1 29
9 121904
23 20727
1 15
1 5
5 45
1 22
8 36
1 297
1 72
2 11
17 95
155 32586
1 27
16 6795
2 275
10 1547
2 2
1 3
2 3
19 202606
3 320
19 8727
3 11
1 4
1 5
3 581
66 59187
26 4497
2 12
2 2
3 6
4 304
1 3
1 15
10 1839
7 2720
44 3529
1 6
3 290
2 936
3 288
1 288
7 52
3 6
1 29
4 4
1 3
7 35
2 2
2 13
2 2
103 47853
3 5
1 5
2 24
2 2
1 7
1 3
13 1610
1 949
9 1769
4 4
6 3729
27 9911
2 323
17 13618
6 312
6 327
10 135550
4 5
9 12677
1 288
168 43060
2 304
32 5863
1 40
3 6
6 13307
28 2251
1 588
52 16332
2 2
2 289
10 608
3 3
1 269
5 1769
1 5
1 5
4 5
4 45
22 691
13 7461
1 3
6 1537
2 2
2 2
22 37169
10 144
17 95
3 66
31 82
3 312
2 15
5 31
6 493
6 167
2 12
1 15
2 588
4 32
1 3
6 79
5 31
9 1360
1 64
4 595
2 309
8 3075
1 588
9 2244
2 2
3 14
1 3
3 4
11 162
4 3500
4 11
1 15
2 2
1 288
5 312
2 10
1 5
2 22
12 6143
3 949
1 21
2 15
2 2
1 7
26 4507
1 29
10 2237
3 288
1 2
5 581
2 588
46 834952
1 2
2 9
103 47853
2 6773
3 1537
1 2764
13 39
1 3
3 15
8 126948
2 18
4 28
1 14
1 2
2 6
2 4
1 3
1 3
11 34
5 71
2 89
2 150
6 13283
2 3
2 18
86 4546
6 327
4 2244
1 9
1 949
13 14218
1 3
2 22
38 14434
2 24
4 2074
6 4782
4 327
6 13307
1 3
3 8
60 9605
7 34
5 360
3 297
199 54365
6 13297
6 493
2 15
26 3452
1 2
1 3
8 327
1 6
6 95
3 2584
3 3
25 6029
6 95
19 6795
2 288
2 22
1 15
4 54
2 67
2 15
2 588
3 15
6 6
2 3
2 2
25 1282
39 261
4 19
10 1039
7 3452
9 89
4 10
3 304
2 2
2 304
2 7
1 6
2 3
56 4711
2 1169
13 14218
7 13
1 26
1 14
7 5168
16 6868
1 5
1 2
1 39
10 1039
9 97
3 1769
4 82
2 34
2 2
2 3
6 4788
2 304
1 3
