2 3
2 22
2 3
2 14
11 493
1 3
7 31
3 9
2 3
78 3451
3 304
338 834952
6 82
9 312
4 2065
5 10
4 4
41 2254
13 91
2 8
6 327
10 36
14 3075
78 3675
2 3
4 4
9 2526
7 588
1 48
9 23
1 64
111 5340
5 297
4 6
6 13
5 31
11 28
1 2
7 868
3 3
1 5
40 6795
2 22
1 3
15 1360
24 12937
3 14
2 3
3 8
5 2074
15 33311
7 32
34 14813
2 2
7 32
12 29
10 835
5 10
23 9797
3 3
107 3529
3 304
6 300
2 15
5 15
2 2
6 249
1 6
40 6795
3 89
1243 106497
3 3
5 10
3 3
2 3
2 588
4 52
30 2237
6 29
16 398
3 7
6 360
13 4962
6 82
13 3488
51 1567
5 15
2 3
8 23
4 52
4 52
6 10
8 941
15 4708
7 11
6 868
2 2
8 12
2 3
4 5
3 9
2 4
44 2251
4 19
277 11201
93 2819
3 3
4 55
11 93
202 4711
178 5158
3 588
1 6
2 2
287 834952
1 15
6 29
1 269
3 289
11 28
4 11
2 877
2 3
2 3
3 15
12 29
357 11062
2 3
2 3
3 304
3 588
15 1449
19 9789
1 297
2 9
87 9911
3 12
1 2
11 13297
3 2078
2 2
35 3452
12 2878
5 15
11 28
7 31
1 2
5 10
3 89
5 8
2 6
7 32
4 315
3 277
3 588
266 11913
2 4
7 8
111 261
5 11
3 588
10 329
4 11
5 41
4 289
83 14434
5 2077
2 5
32 8727
2 3
2 24
234 162468
2 3
11 13321
2 9
3 12
198 146328
6 32
4 4
33 3220
11 13321
4 26
35 3452
5 1742
2 2074
4 20
1 7
46 14435
2 3
30 3416
20 378
1 76
21 6773
10 1857
11 13283
13 26
3 15
1 6
3 12
3 596
7 105
6 868
3 7
21 6143
7 1558
105 1029
1 3
9 12
54 8861
5 885
2 304
5 12
1 5
20 378
2 2
21 134097
11 478
5 15
7 31
20 334
34 2829
5 10
3 15
4 597
4 28
7 82
1 5
3 297
1 35
36 205779
3 18
3 1169
6 6
296 39050
4 21
4 14
40 6795
2 22
73 2819
103 18428
1 588
20 1172
5 10
5 885
3 6
26 8879
96 56859
1 949
96 17120
3 596
147 36841
11 93
4 161
24 12580
74 2819
1 7
279 8430
5 300
2 2
28 730
91 12676
6 327
10 59
10 56
5 941
2 3
7 32
6 29
29 3087
3 89
6 312
2 69
3 18
6 2584
1799 407337
2 3
23 95
6 277
7 54
3 3
1 286
1 3
25 183
2 3
35 3452
5 581
2 2
15 144
2 2
6 300
1 2
3 1768
525 80942
2 3
2 3
1 8
9 320
2 8
2 2
2 2
104 6029
10 35
2 8
10 4591
2 3
2 10
2 8
9 6841
10 9789
277 25784
8 1293
3 7
109 29625
2 2
83 14434
2 2
4 588
2 27
10 329
6 2000
8 34
1 287
18 2243
27 2244
2 3
3 596
2 2
2 2
18 2243
3 304
2 9
317 42975
1 2
1 312
296 39050
75 2819
2 2
31 162
59 691
30 7461
13 29
210 3529
15 1449
3 289
206 17878
12 29
6 290
2 2
11 3056
39 6795
3 15
1 588
25 167
3 300
2 8
2 2
2 3
5 13
159 4528
4 9
9 8179
1 6
12 2878
2 6
2 288
17 228
1 2
3 9
19 2764
2 58
2 40
77 19393
2 1999
6 32
83 14434
9 312
2 3
2 2
2 588
1 855
63 1760
44 3179
4 11
3 5
44 2251
1013 62954
90 3543
3 22
1 3
3 277
1 1996
57 10998
1 6
9 12
10 1857
42 82
2 588
1 4
2 15
4 52
32 1547
2 3
3 33
3 8
7 32
2 588
5 12
1 5
2 7
59 691
3 8
2 5
20 378
10 1857
3 3
18 126948
7 32
7 32
4 8
4 5
4 304
1 8
6 1769
2 2
38 2251
6 1537
8 2074
11 13295
49 12580
1 14
8 5613
6 14
3 6
3 3
209 6134
2 3
2 3
5 68
1 11
2 5
234 162468
11 4672
9 12
368 54365
54 8861
2 2
2 15
17 1839
56 6029
136 28806
4 6
1 5
4 6
3 24
10 2552
4 7
3 89
2 3
9 13
1 5
5 41
3 290
21 3074
2 275
29 12677
2 6
2 58
7 10
5 3994
3512 334270
6 7
16 97
119 263
3 3
134 17917
1 303
4 1769
11 3416
3 3
10 941
2 6
91 122758
6 31
2 2
2 859
87 9911
2 29
1 5
1 76
2 2
36 205779
2 5
2 2
1 6
3 3
3 588
1 25
5 7
5 301
19 929
3 17
2 6
23 6433
1 312
118 19967
38 2251
4 289
6 6773
1 20
2 3
4 588
5 10
96 17120
10 329
1 288
6 6
2 288
156 1853
3 72
4 17
1 3
96 1282
1 6
2 6
4 1999
18 18
2 2
5 31
2 3
2 2
1300 58680
6 82
14 4672
21 2878
12 29
59 6320
14 89
5 10
2 2
2 3
2 3
5 39
7 13
108 20580
56 3452
3 35
2 3
3 3
11 3669
2 2
2 588
2 2
8 581
2 3
5 6
27 2244
11 10897
2 3
3 1999
2 3
2 588
1 2
23 95
3 9
39 1299
1 3
8 134
9 327
3 91
73 17654
10 36
5 68
31 6773
12 29
3 18
4 12
2 6
17 1839
29 12677
1297 58670
17 6143
42 82
2 2
3 35
9 51
9 92
6 4651
5 378
6 14
10 36
5 885
1 2
2 3
41 1299
98 15474
4 17
4 4
5 15
5 6
2 2
1 883
2 52
2 3
2 5
2 12
4 5
2 8
2 303
17 1839
1 6
49 12580
1 5
449 21781
3 6
2 3
19 1769
1 6
5 11
88 19393
3 11
4 2065
2 2
16 1360
4 588
2 3
2 2
3 9
13 91
6 34
176 146328
9 51
5 15
3 3
6 300
24 4698
12 29
5 304
20 7461
2 3
11 493
9 13
7 588
4 11
1 5
33 3220
34 2829
11 493
15 1449
107 3529
63 630
31 162
1 5
15 144
4 5
1 2
104 6029
1 2
2 5
6 4708
2 2
2 2
21 134097
11 3056
7 588
32 3198
11 493
5 2074
1 949
2 3
5 11
276 24303
5 5
3 89
7 12
27 12937
2 2
1 5
73 2819
6 327
2 2
5 15
8 1537
1 26
1 2
7 327
3 54
4 6
287 834952
3 12
17 1839
11 10873
10 327
6 327
3 304
2 6
6 1703
1 6
338 834952
2 5
1 58
484 32586
8 2074
284 24319
10 95
22 1610
2 3
234 162468
65 2552
10 1857
4 14
10 95
5 2074
44 3179
2 3
2 29
3 72
9 327
2 2
14 1360
1 3
2 304
3 15
3 12
17 33
1 64
2 3
1 855
2 3
138 4711
24 150
1 16
5 595
14 4672
30 7461
5 8
21 2878
116 11913
35 3452
1 58
7 10
2 3
1 3
8 461
2 4
334 36897
22 9690
7 25
2 3
65 2552
1 5
22 4787
134 17917
2 3
1 297
160 9876
4 5
64 2819
104 6029
6 327
23 95
12 29
3 3
2 3
59 691
41 202606
6 588
1 297
63 1760
2 3
3 304
9 327
2 3
15 1449
34 2829
6 82
2 3
5 11
2 6
1 5
5 10
1 6
5 581
5 7
2 6
6 868
2 3
3 30
21 167
4 289
45 20727
19 2246
2 2
16 1769
3 304
3 588
3 6
1297 58670
2 12
3 2074
2 288
2 15
1 5
2 588
6 31
6 31
4 5
1 34
8 885
4 288
2 3
6 312
1 3
17 34
3 588
5 8
5 7
2 12
338 834952
1 10
159 4528
6 156
2 15
1 891
29 12677
10 118
8 581
32 8727
1 2
29 335
6 32
277 25784
1 59
2 3
2 14
4 5
10 56
295 80633
7 12
90 83097
11 13283
4 949
11 10897
2 2
11 93
2 2
2 2
3 7
5 6
2 1999
5 8
9 327
46 3719
2 2
4 5
10 4016
2 2
276 24303
65 2552
8 581
1 288
7 32
2 3
25 167
24 12937
2 2
2 2
8 96
2 3
7 32
3 1999
2 3
3 3
6 581
26 1769
2 4
7 588
2 3
4 11924
6 13
2 2
21 2878
10 36
83 14434
23 9797
2 5
1 5
28 1894
3 3
8 34
34 2829
110 13394
34 2552
2 304
1 14
5 941
3 3
2 588
3 12
2 8
2 22
122 16391
5 885
1 4
1 588
1 5
41 2254
3 289
5 2074
8 34
1 297
64 2819
3 3
11 3056
5 31
23 95
2 3
29 12677
3 58
1 2
4 67
1 3
37 12678
124 9605
3 304
5 304
4 9
1 286
2 288
6 6773
5 581
9 603
22 9690
11 327
10 56
2 22
32 5092
5 6
11 493
10 1857
2 3
2 2
3 3
2 2
18 126948
2 5
1 64
2 3
1764 101789
4 1999
9 6841
2 304
13 3488
3 15
357 11062
4 327
87 9911
2 17
21 167
9 144
22 1039
11 493
6 290
22 1306
1 2
3 304
5 301
10 2829
3 1768
1 5
1 297
1 6
3 3
37 12677
7 588
2 3
4 289
69 6201
11 93
7 2080
5 12
2 2
368 54365
122 19415
1 4
3 7
2 2
5 7
503 20874
73 17654
3 18
2 3
5 68
23 9797
1 8
6 580
15 1360
114 262
11 3416
19 73
17 8876
2 288
1 6
46 12678
4 9
23 13701
2 2
2 3
1 58
1 14
3 289
15 1449
59 55313
39 6795
1 588
2 2
7 588
5 6
3 596
2 5
3 354
2 6
2 288
296 39050
3 5
3 3
10 3729
5 304
3 4
2 3
2 3
15 1360
91 12676
6 32
72 9911
2 2
3 8
2 2
8 34
15 144
11 13295
3 15
2 21
2 3
1 2
106 9605
1 588
1 2
5 17
1 855
8 34
32 8727
4 4
2 15
7 31
6 29
2 9
2 72
9 588
5 5
4 289
206 17878
1 5
2 3
75 2819
2 24
41 217403
39 6795
2 30
10 36
27 7461
7 64
3 36
11 4880
1297 58670
28 1894
38 2251
1 64
455 20704
2 3
6 581
9 2257
6 29
11 10873
9 598
5 10
3 3
19 19
2 5
17 608
4 256
103 18428
3 89
1 5
17 39
23 643
4 11
4 11
9 1180
7 31
6 24
1 297
11 493
48 20727
4 4
5 15
3 3
88 2930
15 1449
16 1769
6 2662
4 304
5 5
12 1610
5 12
1 10
3 89
5 10
6 32
2 5
15 144
13 26
3 15
5 7
18 3488
32 1547
1 9
1 297
21 6773
3 7
3 8
2 288
21 2878
72 9911
3 304
96 1282
19 9789
3 3
2 5
1 20
3 296
2 3
11 93
2 2
1 5
44 2251
1 6
2 5
90 3543
3 885
4 327
6 29
2 30
1 4
12 29
3 3
7 31
1 9
3 289
31 162
1 5
5 10
3 12
3 304
58 323
1 301
1 2
11 13307
3 3
22 1039
1 588
6 2662
9 31
2 3
15 39
9 2257
11 7952
2 3
37 5113
1 18
638 241395
2 2
484 32586
7 32
3 12
9 8179
22 9690
3 3
6 31
4 304
31 162
2 2
3 4
69 6201
121 4497
1 12
3 304
25 5904
3 290
79 17436
2 3
5 15
2 3
2 3
3 12
2 2
10 588
374 10474
1 64
3 30
52 10999
9 387
2 3
210 3529
1 6
118 7902
6 1537
2 2
1 2
35 3220
5 60
2 2
2 2
25 5904
156 1853
34 2829
3 304
11 13309
5 9
9 2764
1 5
3 30
2 24
8 8
4 289
4 55
1 6
2 1709
3 7
2 304
4 67
8 7952
3 588
17 39
2 288
2 2
1 12
2 588
1 2
4 6
19 73
75 2819
2 2
2 2
35 3452
4 13
44 2251
11 13283
4 33
2 3
4 8
176 146328
64 2819
2 3
2 14
6 2584
12 4708
6 360
3 14
18 9797
56 3452
4 327
5 595
2 3
2 2
1 3
6 22
13 59
5 5
3 8
90 3543
22 135550
6 31
16 1769
2 304
22 135550
2 2074
10 95
3 3
7 32
15 4708
364 37169
287 834952
2 3
2 2
6 12
3 3
8 7898
2 2
79 79
54 8861
27 2244
2 14
2 3
15 144
3 12
3 4
12 174
1 2
3 596
3 3
2 2
3 588
44 3179
17 17
15 6752
2 2
3 72
24 150
4 14
2 3
5 1537
4 52
2 2
2 3
3 596
8 22
4 11
6 29
6 156
2 4
10 36
20 1520
2 3
1 3
9 327
28 1894
11 493
2 2
6 6
2 588
6 1703
11 13319
135 18507
90 3543
3 7037
4 6
10 1857
5 19
1 5
24 12937
1 14
2 1999
6 32
11 13307
2 288
2 304
11 493
4 312
27 4410
10 329
6 1537
3 89
5 10
19 700
19 1769
2 3
3 3
21 6773
5 11
4 304
2 3
22 1610
1 2
4 588
4 12
3 596
137 556
1 2
9 9
1 312
2 3
3 3
2 2
5 10
2 2
11 93
6 29
12 29
15 929
1 11
11 10897
5 21
3 588
10 95
7 2080
3 24
4 33
50 13618
10 36
1 6
9 320
7 70
17 8876
18 1766
1 3
5 581
3 5
7 10
132 35971
46 14435
10 1857
107 4497
1 12
2 2
4 304
3 304
1 2
3 54
1 269
35 3452
2 72
15 90
8 23
6 156
2 5
22 4787
9 327
2 6
7 32
3 8
2 3
3 588
1 588
35 3452
1 2074
87 9911
7 588
7 312
2 3
484 32586
1 64
3 18
1 6
1889 407568
9 12
9 8179
3 5
7 10
1 3
27 2244
23 1520
2 72
4 7
11 4789
2 6
1300 58680
1 14
277 11201
23 95
111 261
2 3
7 13
5 31
21 2878
16 97
1 855
41 2254
1 6
2 2
6 597
2 1999
3 3
1 301
3 18
3 3
17 323
7 588
15 6752
13 26
231 156845
6 6773
134 17917
35 3452
17 35
8 868
2 24
12 29
31 162
6 327
1 9
1 5
2 79
4 4
1 64
2 3
50 13618
167 5519
2 2
41 4507
287 834952
3 4
6 1537
2 2
2 3
4 55
5 7
3 6
18 71
4 33
5 312
4 52
3 596
23 95
3 6
17 339
17 1815
32 3198
1 2
212 3529
3 58
2 304
9 31
2 3
11 10873
1 5
5 294
3 3
4 315
4 18
3 3
3 3
1 8
8 7898
5 31
1 2
2 67
26 7456
4 1999
45 10517
19 4788
2 2
8 34
3 354
20 378
124 3325
2 3
69 13618
34 2829
20 7461
1300 58680
120 18094
27 2244
12 1608
2 40
6 2662
3 289
44 2251
21 2878
8 581
11 73
2 288
2 588
8 23
24 150
305 836690
4 4
4 2142
1 288
2 3
26 7456
2 3
31 162
6 82
4 12
56 6029
2 3
2 3
22 334
3 326
4 297
287 834952
2 3
6 312
28 63
2 2
3 15
2 3
4 4
59 55313
4 297
2 2
2 2
1 76
12 5168
10 36
17 1293
8 34
6 34
3 13
1 2
2 3
157 12234
5 5
6 6773
1 5
3 3
9 2362
3 290
4 24
3 18
2 2
12 29
5 590
6 13
6 360
2 288
1 6
2 288
10 329
2 21
2 1709
12 1610
9 2764
14 4672
9 1610
6 1703
1 5
368 54365
3 290
6 154
9 51
6 312
30 2237
1 39
10 36
729 76615
11 517
90 3543
83 14434
20 1172
19 13262
1 3
6 3994
3 3
2 9
1 855
105 1029
3 44
11 10873
1 297
3 12
2 15
15 32978
3 9
27 2244
9 30
3 354
4 13
2 2
6 6773
29 12677
3 304
3 6
10 941
73 17654
8 1293
4 11
1 9
123 9876
5 10
5 297
2 3
7 32
2 2
1 30
2 6
8 55
5 8
59 6320
1 1293
3 12
5 19
1 297
1 9
2 6
7 31
5 301
9 3146
3 3
12 145
2 1999
2 2
5 2029
2 588
2 3
8 312
4 89
2 2
7 31
16 16
8 34
11 517
1 2074
2 22
2 3
9 2764
287 834952
17 179
15 71
8 55
1 297
2 4
2 2
1 7
15 1449
3 7
1 6
5 10
41 4506
19 4788
184 628876
10 903
8 23
5 15
2 3
4 9
137 556
16 1360
4 11
1 5
3 12
3 89
3 8
5 21
22 1039
3 3
6 360
9 31
3 3
4 33
2 8
1 6
14 929
11 2231
1 5
2 2074
19 3452
40 6795
4 52
3 3
2 288
138 4711
2 304
4 596
11 2552
5 304
2 2
6 14
374 10474
1 3
5 114
38 2251
3 3
457 39833
3 7
167 1853
5 304
1 13
6 156
8 23
210 3529
3 18
1 76
112 262
134 17917
4 10
4 52
2 22
2 2
10 36
8 8
2 304
6 588
11 13297
1 3
2 2
35 323
1 3
5 301
9 144
216 33033
4 354
1 301
58 20727
3 1768
3 3
3 354
2 3
41 4507
7 31
2 21
2 288
1 5
25 4787
13 134
3 4
6 22
96 1853
15 183
2 3
2 588
6 6
17 35
2 588
78 3675
2 22
2 3
2 3
6 32
55 2858
11 13319
1 855
31 162
3 6
30 2237
1 269
2 3
17 39
17 66
1 588
7 31
1 855
11 13319
5 297
25 167
3 89
2 3
34 2829
10 1857
27 8727
2 3
2 2
11 144
2 3
2 14
2 10
8 1528
19 1769
17 6143
1 5
320 54360
2 2
137 556
74 747
3 14
3 89
2 60548
87 12676
2 9
5 7
50 13618
8 581
34 2829
73 633
10 95
32 8727
4 20
2 2
5 10
2 3
23 9797
46 3719
12 2878
334 36897
92 12676
1300 58680
3 1999
14 3075
11 17
6 15
4 4
2 2
3 3
20 673
178 5158
1 5
2 6
5 6
124 9605
6 290
9 8179
14 28
2 3
8 10380
2 2
27 2244
8 1604
9 327
10 2552
2 3
27 2244
1 2
1 27
3 15
3 3
6 15
16 398
3 588
8 35
3 3
12 29
118 7902
19 4788
2 3
3 4
37 249
2 288
3 304
10 329
8 1602
12 1610
7 31
18 4962
1 10
5 56
31 162
1 289
8 868
15 1449
11 493
2 6
2 3
23 9797
3 1093
11 10873
5 297
14 89
1 7
2 2
3 3
2 6
2 2
234 162468
2 288
1 297
4 288
3 3
15 90
6 32
4 11
27 378
2 3
4 89
2 2
15 3431
2 588
9 8179
2 3
2 44
1 949
9 95
44 2251
3 5
1 2
3 289
18 3488
32 3198
2 588
14 89
2 3
29 121904
1300 58680
10 327
3 1768
1 1999
96 56855
4 289
77 19393
15 6752
10 329
3 3
12 3500
58 20727
374 10474
2 2
4 11
3 277
11 493
24 4698
16 31
3 89
1 64
2 29
8 22
3 9
4 5
5 941
4 4
1 91
3 304
40 6795
11 2764
4 304
27 8727
1 3
3 6
25 5904
22 135550
7 588
3 22
5 6
5 31
2 2
3 296
2 3
11 27
3 3
5 1768
16 1769
4 27
12 603
3 3
7 32
9 51
2 3
20 378
2 588
6 22
2 3
1 21
2 2
1 5
287 834952
1 26
3 304
11 2552
5 10
277 11201
1 287
4 11
5 22
24 12937
7 33
13 478
4 4
3 304
3 30
11 13321
11 13295
1 3
55 2858
1 588
1 297
6 14066
2 2
14 929
8 23
1 35
11 10873
2 2
7 2080
368 54365
1 297
75 2819
8 52
1 6
3 3
28 1894
2 588
2 3
32 18315
2 2
4 6
2 2
107 3529
4 112
2 588
3 3
73 1853
4 2065
2 24
27 2244
1 4
2 3
2 2
2 1999
3 14
5 17
3 89
3 3
9 92
3 89
3 289
22 1610
17 95
374 10474
2 2
2 588
2 2
1 5
6 32
2 3
118 15542
1 5
19 1610
1 287
19 195
12 2878
3 24
24 12937
2 5
2 4
3 3
9 6841
1 35
1 588
6 32
7 868
2 3
3 7
26 6841
209 6134
5 12
109 13386
14 638
305 836690
1 64
7 10
1 12
3 3
2 3
3 8
3 4
8 12
59 6320
1 2
1 24
1297 58670
3 12
75 2819
2 17
24 12937
2 5
2 2
5 9
5 301
10 56
6 12
8 23
29 14218
5 10
12 4708
1 5
27 7461
2 5
3 290
1 14
3 326
6 31
8 581
3 3
2 2
212 3529
3 6
2 5
1 2
12 29
6 2030
2 2
1 64
4 10
3 9
6 1769
7 588
12 8634
5 941
8 581
2 2
1 3
2 3
1 2
3 89
3 4
6 290
22 1039
4 315
21 2878
1 588
8 23
2 14
3 7
87 9911
1 5
2 2
1 9
23 95
29 14218
1 7
1 3
4 6
3 7
3 296
4 4
7 588
1 287
13 3488
118 19967
5 312
5 7
6 14
3 15
2 588
3 35
4 67
94 13618
1 15
2 2
472 20146
18 105
44 2251
207 4546
1 3
10 1857
5 595
11 2764
4 4
2 588
4 12
1 588
4 8
176 146328
2 7
2 3
2 2
1 22
6 6
5 301
40 6795
4 11
23 9797
3 354
1 301
6 290
3 24
76 2819
2 588
3 3
3 7
51 1760
3 15
3 8
7 31
7 32
1 2
29 12677
1 949
5 297
6 3994
2 3
15 144
3 3
17 608
210 3529
5 10
6 327
3 354
2 2
2 304
3 8
2 275
2 2
12 29
2 33
4 1528
42 120411
10 329
6 31
2 2
6 31
2 2
1 588
77 19393
63 630
11 2764
111 261
2 2
5 54
7 581
2 12
2 3
5 1742
4 11
2 1999
5 2077
2 3
10 95
6 10
10 1857
1 949
2 588
3 19
7 868
38 2251
11 93
6 32
58 4006
2 2
37 249
7 31
4 288
1 5
15 1172
2 588
6 10
55 2858
4 21
3 3
4 289
3 18
3 326
6 12
25 2755
7 31
338 834952
120 18094
3 24
137 556
2 2
2 2
3 289
6 31
1 301
1 3
138 4711
3 3
39 6795
8 312
7 17
16 38
1 2
176 146328
2 2
121 4497
11 493
115 20580
9 327
28 730
3 4
2 2
1 76
2 3
23 95
6 6
5 581
4 11
1 20
19 35
5 19
2 5
6 7
3 588
6 54
441 51956
22 9690
2 22
2 588
30 2237
124 3325
4 354
104 6029
2 7
31 162
2 2
2 136
9 8177
2 3
15 71
8 12
1 64
115 263
6 277
1 9
6 11
4 33
3 596
2 22
1 855
3 22
37 12678
9 2526
4 6
2 2
6 1703
4 10
124 9605
4 2065
4 21
77 19393
9 95
3 180
10 941
3 220
2 3
2 3
49 12580
6 32
3 3
2 288
1 1656
2 2
11 3416
3 9
17 1839
3 89
2 2
7 31
2 3
54 8861
8 1604
58 633
3 30
9 327
1 64
1 297
8 1604
8 1039
4 2074
2 588
2 9
12 144
27 378
1 6
1 12
3 3
9 312
3 12
12 29
9 8177
3 304
7 31
6 32
10 941
2 3
3 5
1 885
2 3
5 581
15 39
19 26
7 327
1 297
3 326
184 628876
1 64
6 28
3 18
2 7
44 2251
1 2
11 493
2 885
4 8
2 3
2 2
287 834952
3 89
5 44
15 1449
6 1703
320 54360
6 82
8 5613
4 11
368 54365
1 33
103 18428
20 1769
1 588
2 3
1 5
11 93
4 304
5 581
2 2
6 6
2 30
2 2
9 92
2 3
35 3452
8 52
3 12
6 312
2 3
52 10999
47 1029
3 3
10 13
3 288
2 3
123 16399
4 588
5 304
5 10
2 15
101 122329
1 588
2 3
78 3451
10 588
21 2878
22 2720
5 11
5 22
3 7
10 95
107 4497
93 17120
4 52
5 41
4 949
2 2
14 3075
92 12676
1 297
5 304
228 51212
17 608
3 354
9 327
4 949
2 2
1 15
41 217403
2 588
40 12677
1 9
119 16399
2 3
5 1768
374 10474
9 23
1 588
20 378
5 297
10 588
1 15
1 5
3 3
103 18428
4 24
32 8727
1 64
1 2
7 31
30 2237
3 6
2 3
104 6029
1 588
5 304
277 11201
9 144
4 354
1 5
2 2
3 65
1 588
9 327
2 58
2 9
6 588
2 2
290 47853
7 31
75 3543
6 14
29 14218
11 10873
15 3431
2 2
3 3
3 2074
9 9
7 46
7 54
2 588
1 588
2 2
2 5
2 61
21 1839
124 9605
9 6841
9 144
3 4
7 32
3 304
2 588
3 9
3 12
2 2
1444 330722
4 14
118 7902
3 12
16 183
147 36841
15 4708
1 294
11 13309
62 3482
3 290
3 3
5 2080
15 1449
17 6143
22 2720
9 95
2 288
2 2
2 3
7 12
3 22
96 7185
1 2
5 581
42 6868
2 34
2 3
2 2
4 11
2 3
14 929
3 8
3 3
2 3
5 883
2 9
1 12
6 1769
5 10
2 2
7 581
2 2
23 12937
20 378
1 4
1 22
7 91
5 15
10 4304
1 269
4 2074
58 323
32 8727
5 301
2 3
32 8727
4 2074
1 287
32 13323
2 2
8 8
17 66
2 8
1 296
107 3529
5 15
2 5
2 2
4 5
5 10
1 71
287 834952
2 4
7 2576
3 3
29 121904
4 6
3 6
4 8
3 15
1 588
10 835
1 3
24 12937
613 65422
64 2819
1 2
183 29421
2 3
12 17
1 2
7 11
3 304
5 56
6 4708
2 3
15 6752
10 95
4 52
11 13297
2 288
3 8
2 5
3 289
1297 58670
1 297
1651 21349
5 24
118 19967
4 4
123 9876
5 6
20 334
27 2244
35 3452
63 2552
6 2662
19 4788
3 12
7 2080
5 10
4 11
54 8861
729 76615
6 300
2 2
3 3
22 1039
2 286
2 3
9 327
1 6
133 548
40 6795
1 588
3 3
1 588
2 2
2 288
2 3
2 288
4 17
3 588
8 1039
3 15
58 20727
6 4708
2 2
266 11913
4 1769
1 71
1 2
2 288
2 3
7 588
1 2
3911 334270
79 79
9 51
1300 58680
173 29421
1 588
3 3
3 3
323 54365
9 2362
2 288
18 4789
58 20727
3 304
7 297
4 6
1 5
3 15
8 23
2 3
6 941
13 26
2 3
1 297
2 21
8 2686
4 55
8 8
3 7
5 10
29 14218
1 855
2 15
2 287
2 21
6 13
178 5158
2 2
3 3
2 2
16 16
88 1106
3 3
2 4
1 6
2 3
2 2
94 13618
1 297
11 2764
10 36
2 3
1 7
6 3994
5 31
11 93
147 36841
7 2080
11 493
2 3
9 327
4 297
41 2254
1 6
2 588
4 7
3 9
1 14
17 39
6 6773
5 294
2 9
3 22
3911 334270
7 597
3 9
3 290
41 2254
1 64
2 15
1 588
2 34
6 10
35 3452
147 36841
4 4
73 2819
33 40
20 9690
87 9911
78 3675
9 8179
2 2
17 1839
3 304
4 5
2 3
338 834952
2 112
2 14
2 29
4 6
112 262
5 10
83 14434
67 647
11 28
3 17
2 3
1 2
2 2
3 18
12 1610
7 31
4 10
2 2
13 26
11 3416
3 66
2 3
78 3451
7 32
1 949
6 941
9 31
3 12
3 5
2 2
4 312
2 3
6 360
1 287
3 5
2 2
58 4006
3911 334270
22 413
138 4711
14 89
1 3
97 3054
1 3
11 13295
9 51
9 134
11 1172
4 6
22 1610
15 1449
23 95
22 249
29 14218
3 3
17 1839
15 1449
417 20874
10 329
3 3
5 71
32 1547
3 289
262 37169
58 20727
10 95
2 2
5 1537
59 691
19 4788
1 3
69 6201
1 1999
56 6029
5 56
2 3
1 2
78 3675
1 5
4 4
18 18
65 9343
8 8
7 31
19 9789
7 3500
2 2
4 67
9 2257
5 588
6 31
11 3669
18 9797
8 8
6 13
2 6
11 517
11 493
17 1460
2 3
320 54360
8 23
22 1610
22 413
6 24
11 10897
31 162
4 289
11 93
2 2
1 12
31 162
3 89
2 588
3 89
10 118
63 630
4 32
2 3
296 39050
13 3416
41 4507
3 24
337 11062
5 24
4 5
13 3416
3 3
2 112
15 1360
120 18094
38 2251
3 10
65 2552
2 5
6 6
2 3
7 31
1 5
9 31
11 517
210 3529
2 3
4 28
15 1360
2 2
21 3074
6 312
12 29
18 1839
3 6
9 1537
1297 58670
2 2
2 2
503 20874
6 31
10 36
38 2251
3 72
7 31
4 65
2 2
19 73
3 35
1 13
23 9797
2 5
6 15
22 2720
2 8
7 12
2 3
4 588
36 205779
1 2
1 2
2 2
8 73
5 9
9 327
4 14
6 6773
8 868
2 6
3 14
3 8
42 6868
10 1610
11 13297
6 1537
9 30
20 1975
22 1610
6 32
6 327
25 4787
1 18
103 18428
1 35
216 33033
6 3994
11 13309
42 82
20 673
17 1839
5 10
5 10
1 5
2 3
338 834952
2 150
81 83097
11 13297
124 9605
1 2
2 18
2 588
17 639
106 5340
7 12
3 7
9 59
5 5
21 2878
77 19393
5 12
2 1999
122 16391
6 2662
6 15
10 59
39 1299
12 58
2 5
7 588
2 9
6 12
22 9690
1 5
5 10
28 1221
4 17
1 64
46 14435
3 3
3 3
9 45
37 12678
4 14
19 73
30 2237
3 304
2 3
2 588
19 1769
1 286
1 9
3 33
466 44569
2 2
11 4782
92 12676
2 2
2 5
60 3484
3 8
1 297
132 35971
4 33
32 3198
22 1610
8 1293
2 15
11 1537
2 5
479 29134
1 588
5 114
6 312
10 1857
2 2
7 868
1 76
1 2074
22 4787
2 5
115 263
3 7
13 3416
67 647
1651 21349
56 2858
1 5
6 6773
234 162468
2 2
2 2
1 312
15 5456
2 6
2 3
46 12678
1 5
2 2
5 294
9 327
11 493
384 39833
16 183
2 6
255 162468
3 301
357 11062
18 105
4 315
4 295
15 1449
17 35
9 95
1 297
3 174
7 327
277 25784
4 6
11 327
14 89
15 1360
21 2878
2 885
37 12678
2 21
10 941
3 18
15 144
2 288
183 29421
1 5
4 588
3 178
287 834952
6 1537
3 7
178 5158
1 3
40 6795
1 3
9 93836
5 595
1 7
1 288
7 12
12 1610
6 22
4 5
12 3500
5 1768
7 588
6 82
1 5
26 7456
3 290
3 3
3 3
13 3488
2 9
5 15
8 941
20 1172
3 12
2 5
1 6
15 144
3 3
3 3
2 3
3 3
2 3
14 89
2 34
22 4787
2 22
1 3
2 6
23 95
69 13618
107 3529
6 1703
41 4507
5 297
87 9911
2 2
2 2
2 21
2 2
4 312
7 597
1152 31852
11 1537
3 3
13 3416
3 17
8 34
2 5
1 2
2 2
5 300
11 10897
8 8
1 588
5 97
2 3
9 23
4 597
2 2
3 9
2 3
4 1528
5 6
3 3
4 52
1 14
2 3
3 24
1 59
17 608
9 144
3 8
2 3
2 3
73 633
3 8
1 5
92 12676
357 11062
2 6
2 288
1 297
64 2819
3 3
4 7
4 1769
2 14
5 5
65 10998
10 1857
232 17878
2 5
5 588
64 2819
8 23
2 286
3 11
5 10
3 15
111 261
9 327
6 56
9 1610
2 3
2 2
2 3
1 5
2 5
11 13285
2 3
11 517
2 12
1 5
1 6
3 12
7 32
3 588
11 2764
1 14
79 17436
65 2552
93 2819
7 588
18 639
65 2552
3 1805
3 18
8 885
2 288
4 303
9 2829
29 12677
17 4458
5 294
1 5
3 296
320 54360
2 304
1 6
50 13618
3 12
210 3529
13 3416
2 2872
23 95
22 4787
2 3
2 288
5 8
2 304
21 673
1 4
177 4103
32 3198
1 588
2 3
1 288
210 3529
3 301
5 2074
10 36
85 2819
3 54
5 309
11 2764
1 6
2 2
11 493
9 9
5 12
2 304
3 3
1 588
1 6
11 10873
6 6
5 3994
11 1172
5 3994
63 1760
4 19
3 89
6 12
5 7
4 2081
45 10517
6 13
2 3
7 10
14 638
15 1449
3 588
12 144
3 288
69 6201
2 2
1 5
14 3075
12 4830
15 3431
35 3452
5 10
2 3
5 301
2 2
1 5
3 89
11 10873
1 2
1 6
338 834952
3 72
3 3
3911 334270
5 6
103 18428
3 290
1 3
96 1282
1 6
4 303
6 13
3 3
46 3719
15 1360
4 9
2 288
16 14797
5 12
2 2
7 588
12 327
2 5
2 5
29 14218
2 15
3 12
1 3
1 269
262 37169
2 2
3 72
124 9857
15 1449
373 708004
118 7902
4 11924
3 304
1 949
3 15
277 11201
59 6320
147 36841
4 14
1 2
1 301
6 2584
41 4507
34 14813
14 929
6 300
17 1839
5 581
1 2
1 2
100 3000
5 304
1 7
17 6143
3 12
1 58
19 73
6 32
10 588
3 15
3 67
15 39
11 1537
1 303
6 312
6 10
3 354
7 13
80 12676
305 836690
1 35
3 5
1 312
4 2065
10 19
3 297
46 12678
201 4711
3 3
12 29
209 6134
6 327
484 32586
133 1515
15 1360
8 581
2 1999
14 29
3 885
26 7456
65 2552
1 297
1 949
3911 334270
26 8879
7 595
2 2
63 630
1 3
59 6320
2 6
4 297
4 4
58 20727
8 8
78 3451
206 17878
1 5
1 269
287 834952
2 213
2 288
14 3075
18 1764
29 121904
8 52
3 17
2 15
7 320
7 11
12 327
11 4672
4 327
2 3
457 39833
6 11
107 3529
6 7
59 6320
4 1528
12 17
4 6
1 2
3 15
19 73
2 2
2 285
5 16
5 5
6 156
13 3488
17 6143
2 3
1 8
2 5
6 290
8 1039
23 9797
1 2
1 297
191 33902
22 1039
9 31
2 2
27 2244
3 89
5 581
2 2
29 14218
287 834952
78 3451
7 941
2 2
3 1805
2 22
2 303
4 4
22 1306
15 1360
1 2
1 6
9 95
7 588
108 20580
192 24939
2 1767
3 304
109 29625
10 1293
10 53
6 327
1 39
7 588
81 83097
10 36
176 146328
2 2
11 1537
8 8
2 3
421 44569
1 64
6 7
6 1769
2 3
9 318
7 588
9 31
100 3325
1 297
2 287
2 3
1 2
3 304
1 10
2 2
3 18
2 2
3 9
2 2
1 588
1 2
5 304
83 14434
2 1999
2 2
5 10
2 3
7 31
1 72
1 2
1 12
1 5
8 23
8 581
41 2254
17 6143
3 18
3 936
10 95
22 34
6 12
1 2
22 1039
3 18
9 46
3 3
11 2230
2 3
6 2662
2 3
1 5
2 288
2 2
1 15
176 146328
24 12937
2 2
2 5
2 3
3 14
5 15
4 289
4 40
19 9789
6 580
64 14812
52 10999
1 5
2 2
1 6
2 12
17 34
22 2720
4 11
1 949
104 6029
17 35
5 301
1 286
11 1537
384 39833
5 31
18 105
1 286
5 304
4 4
5 15
1 5
2 3
2 3
1 2
6 1537
9 327
34 2829
65 2552
2 3
73 17654
7 31
4 297
3 3
4 8
337 11062
5 301
5 10
2 288
2 4
4 588
6 82
3 3
1 2
3 3
4 6
5 10
30 204
2 588
45 10517
3 3
2 7
30 204
36 205779
5 10
5 10
71 9902
6 10
58 4006
30 2237
5 10
19 4788
4 6
2 2
1 3
4 3594
13 26
6 32
11 493
3 9
4 4
16 31
3 3
5 11
136 28806
22 1039
4 6
1 12
3 23
6 82
8 23
83 14434
7 31
7 32
7 31
4 7
1 297
5 2077
20 378
6 24
2 5
320 362055
32 3196
2 3
9 93836
5 15
5 10
5 15
1 59
4 7
6 82
45 10517
2 3
2 15
9 93836
22 1610
3 89
12 29
1 8
121 4497
21 134097
2 2
11 493
3 12
37 12677
2 5
8 23
2 3
19 73
3 12
96 1282
31 162
3 40
9 327
3 7
6 31
5 15
31 14218
4 1999
44 2251
277 25784
1 588
2 5
19 9789
7 32
1 72
2 2
5 297
1 22
4 11
6 941
3 18
23 95
9 327
15 1449
2 2
3 588
10 95
368 54365
1 3
20 1172
3 12
2 3
16 1769
3 36
1 8
3 18
4 6
1 2
6 949
2 2
23 95
2 5
4 24
1 588
10 329
84 19393
65 2552
5 28
2 2
3 4
18 4962
3 5
7 32
6 1537
6 31
4 8
45 10517
1 296
10 95
3 15
3 3
1 6
6 56
16 34
41 4507
2 22
2 2
60 323
14 929
58 4006
73 2819
75 2819
421 44569
2 2
3 14
2 2
3 3
2 2
106 9605
1 588
2 3
4 597
5 304
1 2
1 2
2 1999
2 2
3 2074
3 3
3 3
9 32
3 18
16 31
21 2878
11 493
5 22
2 33
1 59
1 15
7 31
2 3
2 2
12 327
5 161
2 2
1 5
4 4
3 6
2 2
11 13297
58 20727
9 1293
5 44
11 13295
6 327
1 9
6 290
32 21511
3 3
8 34
11 493
162 17245
4 949
4 4
2 3
22 126948
3 354
4 19
2 2
3 1005
149 11913
1 5
19 73
5 10
3 3
90 83097
4 11
2 3
1 35
1 588
12 29
29 121904
58 20727
10 36
2 3
1 15
3 18
9 45
1 22
3 5
1 297
2 72
4 11
484 32586
1 27
39 6795
11 13307
2 275
2 3
32 1547
3 3
41 202606
3 3
7 320
32 8727
5 11
5 581
157 59187
6 24
2 2
121 4497
3 289
4 304
1 15
17 1839
11 2720
212 3529
1 6
6 290
2 3
2 2
3 288
2 288
3 3
2 3
8 52
4 6
12 29
2 288
23 13730
9 13
3 3
2 2
290 47853
3 5
2 3
2 2
3 7
22 1610
1 949
3 12
9 3441
19 1769
87 9911
5 323
69 13618
1 5
3 8
2 3
2 3
22 135550
2 2
25 920
5 10
29 12677
5 71
2 288
542 43060
4 304
8 581
136 5863
2 40
4 6
47 2251
1 588
85 16332
17 608
3 3
1 269
20 1769
2 5
2 5
4 5
7 45
59 691
30 7461
6 29
1 5
12 1537
2 2
3 3
3 9
2 2
262 37169
15 144
3 66
42 82
6 312
5 15
24 167
3 15
2 588
2 3
9 79
15 1360
1 64
7 595
5 309
2 3
1 3
3 9
14 3075
1 588
7 31
30 2244
4 14
3 8
4 4
31 162
7 3500
4 11
1 15
5 10
4 7
1 288
5 10
2 22
21 6143
5 949
5 24
9 95
2 21
2 15
5 5
2 2
44 2251
30 2237
3 288
2 2
5 31
6 588
2 2
2 2
9 92
2 9
290 47853
1 2
3 18
6 6773
6 1537
9 2764
5 15
28 126948
6 28
1 14
2 3
3 6
2 4
2 3
6 11
2 3
5 71
3 89
8 8
2 2
207 4546
20 1176
1 949
29 14218
1 3
2 22
2 3
83 14434
6 31
729 76615
27 2244
5 2074
16 40
11 4782
4 327
11 10873
124 9605
16 34
6 360
3 12
5 297
368 54365
3 36
55 3452
2 2
6 2584
3 3
104 6029
40 6795
2 288
2 22
3 15
6 54
3 67
5 15
7 588
3 15
6 6
2 2
15 39
3 24
96 1282
2 3
22 1039
11 517
18 3452
14 89
7 10
3 304
4 304
9 95
2 6
2 3
202 4711
3 18
1 5
29 14218
10 13
2 26
3 3
1 14
42 6868
1 5
1 2
1 39
22 1039
16 97
6 1769
2 3
3 288
6 82
13 5168
2 34
2 3
588 48156
19 4788
2 304
