27 493
6 22
3 18
13 461
3 14
1 76
142 3451
3 15
3 304
16 82
12 310
4 2065
5 10
3 12
11 32
3 5
19 91
5 8
14 323
29 3075
352 3675
2 3
4 4
20 2526
13 588
1 48
11 21
2 64
178 5312
7 297
17 1449
4 6
3 3
13 28
1 2
3 3
1 5
3 18
14 36
62 6795
6 22
2 3
158 263
29 1360
88 12937
27 493
6 14
9 2074
24 33311
108 14806
2 2
14 29
11 835
2 2
5 10
42 9797
326 3529
5 304
9 300
3 13
1 287
5 13
2 2
28 249
3 6
62 6795
4 89
3723 106483
3 3
35 95
6 588
4 52
49 398
4 7
8 360
55 4962
16 82
55 3488
13 34
141 1567
5 13
16 23
4 52
3 3
13 34
4 52
5 1169
9 31
8 10
24 941
24 4708
8 11
11 12
5 5
2 4
6 15
301 2819
3 3
9 31
8 8
4 55
22 93
650 4711
2 2
496 5156
6 10
4 588
2 2
1 15
2 24
3 9
1 269
4 11
4 877
1 4
3 3
27 10873
3 5
27 13295
8 15
14 29
1064 11062
3 3
3 3
3 304
10 588
6 19
38 9789
4 297
2 9
296 9907
8 12
3 3
9 2078
3 3
87 3452
30 2878
5 13
1 2
7 10
3 89
2 2
4 6
8 313
10 588
958 11913
4 24
2 4
7 8
1 2
7 11
98 4507
4 588
11 329
4 11
2 2
6 41
3 79
199 14428
5 2077
2 5
54 8727
2 9
576 146328
86 3220
27 13321
4 26
87 3452
5 1742
6 2074
6 20
9 31
1 7
142 14429
522 11201
74 3415
150 378
89 6771
14 1857
14 26
8 15
1 6
6 596
7 105
4 7
31 6143
28 1558
297 1029
1 3
11 12
1900 834952
80 8861
11 885
6 304
9 12
5 10
150 378
40 134097
24 478
5 13
20 334
1 5
65 2829
5 10
3 13
7 597
6 28
17 82
3 5
3 3
4 297
3 35
67 205779
6 6
14 36
695 39050
6 21
6 14
62 6795
6 22
303 2819
217 18424
2 588
11 885
6 6
79 8875
217 56859
1 949
195 17115
6 596
3 174
511 36841
22 93
6 161
3 5
1 12
84 12573
2 2
300 2819
35 95
2 7
990 8430
5 300
2 2
47 722
1750 834952
199 12669
14 323
17 59
12 56
7 941
2 2
5 289
59 3087
4 89
5 1093
13 310
12 2584
3 3
10 277
153 262
8 54
27 13297
13 34
5 289
1 286
1 3
40 183
4 12
2 3
3 3
87 3452
8 581
22 144
601 162468
9 300
4 4
2 2
6 1769
15 323
1273 80929
2 3
2 8
15 316
3 8
2 2
232 6029
19 35
3 8
2 2
2 3
2 10
3 8
49 6837
21 9789
25 1293
3 7
301 29611
17 1449
5 10
35 95
8 8
2 2
199 14428
2 2
8 588
3 27
11 329
6 2000
1 287
30 2243
6 596
30 2243
4 304
2 9
1557 42975
2 2
2 2
9 15
9 310
152 261
695 39050
301 2819
2 2
43 162
163 691
71 7461
2 2
5 10
10 32
15 29
689 3529
14 29
12 290
2 2
2 2
18 3056
98 6795
3 13
1 588
64 167
5 300
3 8
3 3
3 3
11 13
397 4528
3 3
4 9
9 8179
1 6
31 2878
4 288
3 9
35 228
1 2
25 2764
6 58
6 40
185 19393
3 1999
2 2
1750 834952
199 14428
6 588
1 855
326 1760
169 3179
5 11
2823 62954
122 3543
4 22
2 3
9 31
2 1996
129 10995
3 3
3 6
11 12
14 1857
48 82
6 588
3 13
4 52
12 31
62 1547
11 31
2 3
3 33
4 12
663 17878
5 5
2 588
5 12
1 5
22 1172
4 7
163 691
5 8
2 5
150 378
61 2251
14 1857
3 3
5 5
4 304
1 8
24 1769
2 2
5 8
1 5
18 1537
8 2074
27 517
143 12573
3 12
3 12
31 5613
8 14
5 6
5 289
1071 6134
3 3
6 68
3 3
2 5
49 4672
11 12
27 13297
801 54349
80 8861
2 2
17 1449
9 868
5 13
28 1839
167 6029
395 28792
4 6
4 6
187 558
24 2552
34 643
4 89
2 5
6 41
3 290
27 3074
2 275
120 12670
6 58
3 3
1 4
9 10
6 3994
5 10
10818 334222
6 7
32 97
3 3
161 263
3 3
2 2
13 34
1 303
1 91
13 1769
3 3
40 3415
15 941
3 6
169 122758
27 13319
2 859
3 3
296 9907
4 29
2 5
2 2
67 205779
2 5
2 2
3 3
4 588
6 7
6 301
2 2
32 925
2 2
3 3
187 558
3 6
2 2
33 6433
9 310
344 19960
5 289
45 6771
2 20
4 588
195 17115
11 329
1 288
6 6
5 8
8 24
3 18
445 1853
4 72
2 3
6 17
3 3
216 17917
10 31
272 1282
1 6
2 6
5 1999
18 18
2 2
5023 407297
9 378
2 2
5460 58680
10 82
22 4672
43 2878
14 29
82 6320
15 89
5 10
2 2
3 3
11 32
2 2
5 39
3 3
216 20569
120 3452
6 35
3 3
44 3669
6 588
8 581
5 6
4 1999
2 588
3 3
1900 834952
2 2
3 18
24 673
3 3
15 134
7 91
10 10
9 868
175 17654
6 68
124 6771
14 29
9 12
5 7
11 32
28 1839
120 12670
5456 58670
29 6143
48 82
1 12
61 2251
7 35
16 51
21 4651
8 14
3 3
2 2
1 3
15 323
3 3
1 3
11 885
27 493
5 8
65 1285
204 15470
27 493
27 493
4 4
5 13
1 6
5 6
1 883
1750 834952
2 52
2 3
3 5
5 5
3 8
2 303
3 6
143 12573
11 32
2 2
1750 834952
4 6
22 1769
1 6
6 11
192 19393
7 11
4 4
4 2065
3 3
3 6
15 36
2 2
15 36
1 11
29 1360
27 493
8 588
19 91
6 34
514 146328
16 51
5 13
10 300
57 4694
14 29
6 304
79 7461
13 13
13 588
4 11
1980 76610
1 5
86 3220
65 2829
326 3529
139 628
43 162
1 5
22 144
5 5
2 2
232 6029
1 5
1 2
2 2
2 5
21 4708
2 2
40 134097
18 3056
3 3
12 588
85 3198
9 2074
1 949
7 11
662 24303
5 5
4 89
7 12
93 12937
2 2
303 2819
14 323
1980 76610
5 13
17 1537
2 26
1 2
14 323
1 76
3 54
5 289
4 6
4 12
3 3
6 12
57 126948
2 2
14 327
3 9
14 323
5 304
11 1703
1 6
3 3
2 5
1 58
1723 32586
8 2074
673 24319
17 95
3 3
28 1610
120 2552
14 1857
6 14
17 95
11 2074
169 3179
4 29
4 72
31 1360
2 5
27 493
1 3
6 304
4 13
6 24
1 64
3 3
1 855
2 3
489 4711
35 150
3 14
7 595
2 2
22 4672
3 3
26 5168
5 289
71 7461
43 2878
701 11913
87 3452
1 58
9 10
1 3
3 4
728 36897
69 9689
7 25
120 2552
62 4783
2 150
4 297
4 4
51 2237
17 1449
552 9876
8 581
4 5
295 2819
3682 330687
232 6029
14 323
9 31
35 95
14 29
2 2
3 3
163 691
102 202606
14 588
3 297
326 1760
2 3
5 304
15 323
3 3
27 493
65 2829
15 323
11 82
3 3
6 11
3 6
2 5
56 2244
157 262
187 558
3 6
8 581
6 7
2 6
9 868
7 26
61 167
15 95
142 20727
2 2
32 2246
27 13297
2 2
18 1769
3 304
4 588
3 3
4 6
5456 58670
5 17
11 2074
3 288
3 13
3 5
6 588
5 289
4 5
3 3
3 3
1 34
15 885
4 288
61 2251
13 310
1 3
3 3
29 34
10 588
9 12
27 517
3 6
397 4528
16 156
1 5
601 162468
5 13
3 891
120 12670
10 118
3 3
7 295
8 13
54 8727
1 2
1 59
4 14
5 5
12 56
657 80597
3 3
7 12
251 83097
6 949
522 11201
22 93
2 2
17 1449
2 2
1 5
56 2244
5 7
3 1999
5 8
61 3719
5 5
3 178
3 3
2 2
662 24303
17 39
1 76
120 2552
2 288
11 31
64 167
88 12937
2 2
2 2
14 96
3 3
4 1999
2 3
61 2251
5 10
3 3
3 3
73 1769
3 4
13 588
5 11924
43 2878
3 3
199 14428
8 24
42 9797
2 5
1 5
59 1894
3 3
20 29
1 3
65 2829
2 2
184 13390
65 2552
8 8
5 304
5 10
2 12
3 3
8 13
6 941
17 26
3 3
6 588
15 95
3 8
6 22
259 16387
11 885
3 3
1 588
1 71
27 13283
3 17
2 2
8 8
1 5
9 2074
16 16
4 297
295 2819
3 3
18 3056
17 39
1 6
13 34
120 12670
6 58
1 2
5 67
5 10
6 24
1 3
136 12671
1 4
285 9601
5 304
6 304
5 9
1 286
3 288
45 6771
8 581
14 603
69 9689
15 323
5 10
12 56
6 22
80 5092
3 3
14 1857
2 2
3 3
2 5
1 64
3 3
3797 101778
5 1999
49 6837
9 868
27 13321
6 304
55 3488
1 2
1064 11062
11 323
11 31
296 9907
3 17
152 261
15 36
2 2
61 167
18 144
24 32
47 1039
12 290
47 1306
8 581
1 2
3 3
4 304
6 301
5 7
21 2829
18 1768
1 5
4 297
9 13
3 3
136 12670
12 588
184 6201
61 2251
22 93
23 2080
5 12
801 54349
317 19404
27 13309
5 7
2 2
12 32
6 7
1760 20874
175 17654
6 68
42 9797
2 8
8 580
2 2
28 1360
40 3415
29 73
11 32
61 8872
4 288
1 6
142 12671
5 9
2 2
5 58
2 12
1112 48153
82 55313
98 6795
1 588
12 588
6 596
8 8
2 5
4 354
2 288
695 39050
3 3
3 3
6 304
28 1360
199 12669
3 3
288 9907
3 3
2 2
2 2
22 144
3 13
2 2
2 21
2 3
2 2
266 9601
2 2
2 588
1 2
35 95
6 17
1 855
5 8
54 8727
4 4
2 2
3 13
9 31
2 9
3 72
13 588
5 5
11 31
1 5
301 2819
102 217403
98 6795
3 26
56 7461
8 64
5456 58670
59 1894
1 64
1557 20704
9 2257
17 1449
1 71
10 598
6 10
9 31
19 19
2 5
18 608
12 224
217 18424
15 92
3 89
4 11
5 11
12 1180
4 297
162 20727
4 4
6 15
3 3
460 2930
16 1769
10 2662
4 304
3 17
5 5
33 1610
9 12
12 32
4 89
11 32
2 5
3 15
6 21
35 95
1 5
22 144
19 4304
3 3
14 26
3 13
6 7
57 3488
62 1547
1 9
4 297
89 6771
5 7
5 8
3 288
43 2878
3 3
2 2
288 9907
3 304
272 1282
1 6
33 9789
3 3
2 5
2 20
35 95
4 296
2 3
5 289
9 31
2 2
22 93
2 2
2 5
14 36
3 6
2 5
122 3543
3 3
3 885
13 323
2 2
3 26
14 29
3 3
1 9
43 162
5 12
4 304
15 36
125 323
3 301
1 2
3 3
47 1039
1 588
10 2662
3 3
3 3
8 581
4 6
9 2257
10 7952
114 5113
8 16
1572 241381
1723 32586
3 277
9 31
9 8179
69 9689
8 8
4 304
43 162
11 31
34 35
184 6201
577 4497
6 304
48 5904
13 28
3 290
13 34
244 17429
2 3
5 13
2 3
3 3
5 12
13 588
4 4
2 2
1141 10474
1 64
7 26
123 10996
9 387
689 3529
1 6
1 12
274 7898
18 1537
27 493
1 2
97 3220
4 288
5 60
2 2
48 5904
445 1853
65 2829
4 304
15 310
5 9
24 2764
2 5
7 26
17 39
4 55
3 6
2 1709
5 7
1 3
5 304
5 67
7 7952
4 24
4 588
3 288
6 588
1 2
4 6
29 73
301 2819
3 18
87 3452
4 11
4 33
3 3
2 2
1900 834952
4 8
27 13297
514 146328
295 2819
2 14
12 2584
4 12
3 9
5 289
23 4708
5 5
8 360
6 14
35 95
30 9797
120 3452
11 323
7 595
2 2
10 22
1 6
17 59
12 32
5 5
5 8
122 3543
80 135550
16 16
16 1769
6 304
5 17
80 135550
15 323
3 3
5 2074
17 95
3 3
24 4708
3 3
1130 37169
11 12
3 3
7 7898
2 2
3 3
3 5
79 79
80 8861
4 14
2 3
22 144
3 4
23 174
1 2
6 596
13 10380
56 2244
1 5
3 3
2 2
4 588
8 13
2 2
169 3179
98 4507
17 17
83 6752
10 32
4 72
35 150
6 14
4 12
9 1537
6 24
2 2
4 52
8 24
2 2
3 3
6 596
14 22
4 11
16 156
3 4
28 1520
3 3
1 3
59 1894
6 6
6 588
11 1703
3 3
277 18503
11 31
122 3543
4 7037
14 310
4 6
14 1857
6 15
88 12937
2 2
4 1999
4 288
6 304
12 310
149 4410
13 34
11 329
12 1537
4 89
4 36
22 1769
1 6
15 323
89 6771
27 517
6 11
6 304
2 2
3 9
28 1610
8 588
7 12
6 596
2 2
9 9
9 310
3 3
3 288
7 10
22 93
14 29
27 10873
29 925
8 581
1 11
4 588
23 2080
7 33
171 13613
12 31
15 316
5 289
61 8872
23 1766
3 3
8 581
9 10
362 35971
142 14429
14 1857
583 4497
3 3
4 304
64 2254
3 304
9 868
1 2
3 54
1 269
87 3452
3 72
10 23
16 156
4 288
12 31
2 5
3 3
58 4783
1 76
3 3
4 588
1 588
87 3452
15 36
6 6
61 2251
4 2074
2489 31844
296 9907
13 588
12 310
1723 32586
1 64
1 6
5113 407530
11 12
3 3
9 8179
5 5
2 2
2 2
1 3
28 1520
3 72
3 3
49 4785
1750 834952
5 6
5460 58680
3 12
2 3
3 3
1980 76610
9 13
43 2878
32 97
23 4880
1 855
4 24
6 597
3 1999
3 3
3 301
3 3
5 294
3 18
40 323
12 588
3 3
65 6752
14 26
644 156845
45 6771
3 3
87 3452
8 868
2 2
14 29
43 162
14 323
5 10
1 64
171 13613
563 5519
18 1537
27 493
4 55
13 13
1 76
3 18
15 95
3 6
33 71
7 33
11 310
4 52
9 29
6 596
4 6
91 2852
10 31
13 34
27 339
36 1815
522 25784
85 3198
2 2
6 24
690 3529
6 58
6 304
17 26
2 3
8 313
4 18
3 3
3 3
2 8
7 7898
2 67
53 7456
3 3
5 1999
91 10517
64 4784
4 354
4 12
150 378
15 323
9 31
344 3325
3 3
18 40
189 13613
65 2829
2 3
79 7461
11 31
5460 58680
228 18090
15 323
32 1608
1750 834952
6 40
10 2662
43 2878
1 4
4 4
1 2
16 73
2 2
2 588
16 23
8 8
35 150
7 2142
2 288
53 7456
3 18
43 162
11 82
7 12
167 6029
2 3
22 334
4 326
5 297
6 71
2 3
13 310
42 63
65 1285
3 13
1 3
4 4
82 55313
5 297
8 581
3 18
2 2
2 2
25 5168
39 1293
5 13
1 2
449 12232
45 6771
1 5
3 3
16 2362
28 1839
5 290
3 3
27 13309
2 2
14 29
5 590
8 360
1 6
2 2
11 329
2 21
2 1709
33 1610
24 2764
22 4672
29 1610
11 1703
1 5
801 54349
3 290
5 8
27 13319
15 154
16 51
3 3
13 310
1 39
5 10
35 95
13 2686
122 3543
199 14428
66 13262
3 3
6 3994
3 3
3 3
2 9
1 855
297 1029
9 44
5 8
4 297
5 13
6 28
24 32978
5 9
4 354
10 13
45 6771
522 25784
12 32
120 12670
3 304
5 6
15 941
175 17654
25 1293
56 2244
5 11
1 9
511 9876
5 10
7 297
3 3
2 2
5 26
3 3
2 5
3 6
9 55
82 6320
18 1293
8 581
6 15
4 297
1 9
6 301
2 2
20 145
3 1999
9 29
2 2
6 2029
2 588
3 3
3 3
10 89
2 2
4 2074
2 2
6 22
27 10873
13 34
24 2764
1 6
17 179
21 71
9 55
4 297
2 4
14 36
3 3
2 7
98 4507
61 2251
3 18
5 7
3 6
6 10
98 4506
64 4784
553 628876
14 903
16 23
5 13
2 3
5 9
29 1360
2 2
2 2
4 11
9 12
3 18
4 89
8 8
47 1039
9 360
3 3
663 17878
7 33
3 8
3 6
28 925
26 2231
15 323
1 5
5 2074
64 3452
3 3
62 6795
4 52
27 10897
3 3
3 288
489 4711
5 304
6 596
4 12
3 9
23 2552
6 304
1 24
6 14
1141 10474
2 3
5 114
1146 39833
4 7
443 1853
6 304
1 13
16 156
10 23
689 3529
2 3
3 17
27 10897
6 10
4 52
6 22
2 2
2 2
5 304
10 588
1 3
12 31
68 323
15 36
10 34
2 3
6 301
18 144
526 33017
12 31
11 354
3 301
149 20727
6 1769
3 3
5 354
2 3
15 95
2 21
64 4783
21 134
3 4
14 22
27 10897
312 1853
33 183
3 3
6 588
6 6
64 2254
2 588
352 3675
9 31
6 22
3 3
2 3
1 855
43 162
4 6
1 269
8 24
27 66
1 588
1 855
7 297
64 167
4 89
17 1449
3 3
10 32
65 2829
14 1857
2 2
8 13
48 8727
3 89
19 144
3 14
2 10
10 1528
9 31
27 13309
22 1769
29 6143
1 5
757 54344
1 5
176 747
8 12
4 89
4 60548
2 287
3 3
199 12669
12 32
2 9
11 31
6 7
171 13613
65 2829
5 10
178 633
3 288
9 31
27 13297
54 8727
6 20
2 2
42 9797
61 3719
30 2878
11 32
728 36897
206 12669
5460 58680
4 1999
29 3075
17 17
7 15
3 3
64 2254
23 673
496 5156
2 5
2 6
6 6
27 10873
285 9601
12 290
12 32
9 8179
19 28
27 13295
6 10
29 1604
24 2552
61 2251
1 2
1 27
3 13
6 15
49 398
10 588
3 3
16 35
3 3
14 29
274 7898
64 4784
2 3
3 3
3 4
3 3
86 249
2 288
2 2
5 304
11 329
3 3
28 1602
33 1610
66 4962
7 56
3 3
43 162
5 289
8 868
1 5
42 9797
27 13319
3 3
7 297
15 89
3 3
3 7
3 3
8 581
3 3
2 6
9 31
2 2
4 288
3 297
5 8
3 3
3 3
4 288
35 95
1 12
3 18
2 2
16 90
5 11
149 378
2 2
10 89
2 2
2 2
47 3428
27 493
6 588
9 8179
3 3
3 3
5 10
8 44
1 949
27 13295
3 5
3 3
13 28
57 3488
85 3198
2 588
15 89
2 3
9 29
64 121904
12 27
5460 58680
14 327
18 1768
3 1999
217 56855
9 29
185 19393
83 6752
11 329
27 3500
9 31
149 20727
1141 10474
4 11
5 8
3 3
57 4694
17 31
4 89
56 2244
1 64
15 95
4 29
14 22
6 9
5 5
6 941
1 5
9 29
6 6
5 10
6 304
62 6795
9 31
26 2764
4 304
48 8727
1 3
5 6
48 5904
2 2
80 135550
12 588
4 22
5 6
4 296
1 6
23 1768
4 289
18 1769
4 27
29 633
1 12
15 603
16 51
3 3
150 378
6 588
5 10
10 22
3 3
1 21
3 3
2 2
2 26
3 3
2 2
6 304
29 5456
28 696
23 2552
10 31
1 287
5 11
3 5
9 22
88 12937
5 17
26 478
3 304
7 26
1695 65417
3 3
3 6
2 588
4 297
10 14066
3 3
4 4
3 3
28 925
16 23
3 35
3 277
2 2
1750 834952
23 2080
2 2
801 54349
4 297
301 2819
9 52
3 3
5 7
2 2
3 6
59 1894
2 588
2 2
3 3
11 31
3 3
83 18315
4 6
326 3529
11 112
2 588
3 3
15 92
3 3
288 1853
4 2065
1750 834952
3 3
2 2
15 36
3 1999
6 14
6 17
4 89
3 3
4 89
28 1610
1141 10474
5 10
2 2
2 2
6 588
2 2
2 5
274 15534
2 2
26 1610
36 195
30 2878
9 31
3 6
88 12937
3 5
2 4
3 3
27 13307
3 3
49 6837
3 35
4 24
2 588
5 7
72 6837
1071 6134
11 32
5 12
181 13382
19 638
2 64
9 10
3 3
3 3
12 12
82 6320
1 2
5456 58670
301 2819
88 12937
15 36
2 5
2 2
7 9
6 301
12 56
7 12
10 23
4 4
99 14218
5 10
23 4708
56 7461
2 2
2 5
3 290
4 14
4 326
3 3
3 6
690 3529
6 6
12 31
3 3
2 5
1 2
14 29
6 2030
2 2
3 3
8 8
1 64
6 10
5 9
6 71
24 1769
13 588
30 8634
7 941
3 3
3 3
2 2
4 89
4 4
12 290
47 1039
8 313
43 2878
15 3441
1 588
16 23
4 14
3 3
7 7
296 9907
1 5
1 9
99 14218
4 7
1 3
17 1449
4 6
4 7
4 296
13 588
27 13295
55 3488
344 19960
11 310
6 7
6 14
3 13
6 588
6 35
5 67
209 13613
5 13
4 4
3 3
2 2
12 32
1709 20146
42 105
545 4546
14 1857
7 595
26 2764
6 588
7 12
1 588
7 8
514 146328
4 7
17 1449
2 2
1 22
6 6
6 301
62 6795
4 11
3 3
42 9797
5 354
3 9
3 3
2 301
12 290
327 2819
56 2244
6 588
4 7
266 1760
5 15
5 8
11 32
2 2
5 7
1 2
19 39
120 12670
1 949
7 297
6 3994
4 4
22 144
3 3
3 9
18 608
689 3529
14 323
5 354
2 2
64 2254
6 304
2 275
182 550
2 2
14 29
9 33
8 1528
4 4
94 120411
3 3
11 329
2 2
64 2254
2 2
7 17
2 588
185 19393
139 628
26 2764
7 54
7 581
4 12
5 1742
9 11
3 3
3 1999
27 10873
5 10
5 2077
8 10
14 1857
1 949
3 3
6 588
3 3
3 19
3 3
2 2
6 7
216 17917
4 12
23 93
4 12
236 4006
86 249
2 2
4 288
15 1172
6 588
3 6
2 2
8 10
6 21
3 326
11 12
27 13321
64 2755
1772 836690
228 18090
27 13283
4 12
2 2
2 2
3 301
1 3
489 4711
2 2
3 3
98 6795
5 8
14 310
176 5312
601 162468
24 38
2 2
1 2
514 146328
4 24
577 4497
225 20569
18 58
3 4
15 323
8 581
4 11
2 20
6 15
2 5
7 7
4 588
7 54
1338 51956
69 9689
33 35
3 3
1750 834952
6 22
6 588
344 3325
5 354
232 6029
4 7
3 3
2 2
43 162
9 8177
3 3
21 71
12 12
1 64
9 868
10 277
1 9
7 33
6 596
6 22
1 855
4 22
136 12671
3 3
20 2526
2 2
11 1703
6 10
3 3
285 9601
4 2065
6 21
185 19393
15 941
143 12573
3 3
12 32
2 2
4 288
1 1656
2 2
40 3415
28 1839
4 89
2 3
80 8861
29 1604
157 633
10 26
22 1172
13 323
1 64
27 13307
4 297
29 1604
15 1039
8 2074
5 289
3 3
6 11
6 588
2 9
22 144
149 378
6 6
3 6
2 6
14 29
9 8177
3 304
15 941
9 13
12 31
2 2
2 3
1 885
15 95
8 581
1 5
19 26
14 323
4 297
4 326
553 628876
98 4507
1 64
2 5
10 28
4 7
35 95
2 885
5 8
3 3
4 89
12 44
11 1703
757 54344
16 82
31 5613
4 11
801 54349
8 33
217 18424
25 1769
2 588
2 5
22 93
4 304
3 3
8 581
6 6
3 26
15 92
2 3
87 3452
9 52
13 310
123 10996
195 1029
2 2
11 13
522 11201
3 17
262 16395
4 588
3 18
6 304
3 13
183 122329
2 2
1 588
142 3451
13 588
3 180
43 2878
57 2720
7 11
11 22
3 7
3 3
583 4497
206 17115
2 3
4 52
3 3
2 2
6 41
4 949
29 3075
1 12
206 12669
4 297
6 304
467 51184
18 608
5 354
4 949
1 15
61 2251
102 217403
5 588
132 12670
1 9
237 16395
2 3
23 1768
2 2
1141 10474
3 3
11 21
1 588
150 378
7 297
13 588
2 13
217 18424
3 3
54 8727
1 64
4 6
2 2
232 6029
2 588
6 304
18 144
11 354
2 5
10 32
3 65
2 588
6 58
2 9
10 588
2 2
4 4
659 47853
19 39
96 3543
6 14
99 14218
6 7
27 13307
3 3
47 3428
3 3
11 2074
9 9
10 46
8 54
6 588
5 7
2 213
2 588
2 2
2 5
36 1839
285 9601
49 6837
18 144
17 1449
5 304
64 2254
6 588
5 5
4 12
2 2
6 14
274 7898
5 12
4 24
32 183
511 36841
24 4708
3 294
27 493
115 3462
5 290
9 31
5 10
9 2080
2 2
29 6143
57 2720
4 288
2 2
3 3
7 12
4 22
405 7185
2 2
1 2
5 10
8 581
88 6864
2 34
2 3
4 11
28 925
15 95
6 8
11 883
2 9
3 18
24 1769
5 10
2 2
1 76
7 581
2 2
83 12937
150 378
3 288
2 4
10 29
1 22
14 91
5 13
1 269
8 2074
2 3
125 323
51 2237
54 8727
5 8
6 301
54 8727
522 11201
3 3
6 2074
3 3
1 287
80 13323
2 2
8 13
27 66
3 8
4 296
326 3529
5 13
2 5
2 2
5 5
3 4
12 2576
64 121904
4 6
4 6
8 15
17 1449
2 588
11 835
2 3
88 12937
295 2819
1 2
425 29413
22 1176
17 17
5 8
1 2
8 11
3 304
5 10
7 56
21 4708
83 6752
2 2
4 52
3 3
27 10873
1750 834952
3 288
4 5
5456 58670
4 297
4229 21341
344 19960
4 4
511 9876
20 334
522 25784
87 3452
122 2552
10 2662
6 19
65 4784
15 95
23 2080
2 3
5 11
8 11
80 8861
9 300
1 5
3 3
1 12
3 3
2 2
47 1039
8 8
13 323
62 6795
2 588
3 3
1 588
3 288
28 1839
3 288
10 588
153 262
15 1039
149 20727
21 4708
27 13295
958 11913
13 1769
3 288
3 3
57 126948
13 588
1 2
11342 334222
79 79
16 51
3 3
5460 58680
406 29413
3 3
2 588
3 3
3 3
761 54349
16 2362
60 4785
149 20727
4 304
7 297
4 288
7 70
4 6
1 5
3 13
1 5
16 23
11 941
14 26
4 297
216 17917
2 21
2 286
19 39
3 3
4 55
2 3
3 7
5 10
99 14218
1 855
3 13
2 287
2 21
496 5156
3 3
3 3
291 1106
3 3
3 3
3 4
4 4
1 6
4 936
209 13613
4 297
26 2764
2 2
17 4016
3 3
4 7
6 3994
22 93
51 2237
511 36841
45 722
23 2080
17 39
5 297
28 493
2 588
6 9
4 14
45 6771
5 294
8 9
4 22
11342 334222
15 597
4 220
5 290
2 2
1900 834952
1 64
3 13
1 588
2 34
4 4
3 6
8 10
17 1449
1 4
87 3452
3 3
91 2852
13 28
511 36841
303 2819
3 3
40 40
70 9689
5 10
296 9907
352 3675
9 8179
28 1839
3 304
1 5
8 13
4 5
3 5
8 112
4 14
4 29
5 6
199 14428
141 643
9 31
1 12
2 3
1750 834952
1 2
10 32
33 1610
6 10
2 2
3 3
14 26
3 5
40 3415
3 66
142 3451
1 10
1 949
23 941
3 3
5 12
3 5
7 311
9 360
236 4006
11342 334222
34 413
489 4711
15 89
1 3
341 3054
16 51
14 134
674 21781
15 1172
4 12
4 6
28 1610
1 2
48 249
1 9
99 14218
6 6
28 1839
3 3
601 162468
1421 20874
11 329
3 3
11 32
62 1547
1056 37169
149 20727
17 95
9 29
11 1537
163 691
64 4784
4 12
33 35
184 6201
3 1999
27 13297
167 6029
7 56
11 31
2 2
352 3675
1 5
18 18
163 9339
38 9789
9 3500
2 2
5 67
9 2257
9 588
44 3669
5 289
12 31
31 9797
9 29
2 2
3 3
18 1460
61 2251
11 32
757 54344
16 23
28 1610
34 413
43 162
2 2
22 93
27 10873
43 162
4 89
2 588
4 89
10 118
139 628
12 28
2 3
36 920
695 39050
39 3415
5 289
1121 11062
3 3
5 5
39 3415
8 112
28 1360
3 3
228 18090
4 10
120 2552
2 287
5 10
8 8
3 5
6 6
51 2237
61 2251
1 5
1 5
689 3529
6 28
28 1360
56 2244
2 2
27 3074
13 310
14 29
29 1839
3 6
16 1537
8 11
5456 58670
2 2
1760 20874
4 72
5 65
29 73
6 35
1 13
15 95
42 9797
2 5
8 15
61 2251
57 2720
61 2251
3 8
10 12
2 3
8 588
67 205779
12 32
1 2
3 3
10 73
5 9
6 14
45 6771
8 868
3 3
6 14
3 8
88 6864
27 493
32 1610
18 1537
2 2
39 1975
5 8
28 1610
14 323
64 4783
8 16
217 18424
3 3
3 3
3 35
526 33017
6 3994
48 82
28 1839
1 5
8 581
8 581
242 83097
285 9601
4 18
3 9
6 588
30 633
3 3
10 12
4 7
16 59
2 24
115 3464
43 2878
185 19393
5 12
3 1999
2 2
259 16387
10 2662
17 59
2 5
12 588
8 9
7 12
69 9689
2 288
131 1221
31 95
1 64
23 673
142 14429
15 323
10 45
136 12671
6 14
34 73
51 2237
4 304
65 1285
11 32
6 588
22 1769
1 286
1 9
3 33
1225 44569
46 4778
206 12669
2 2
2 5
3 3
4 297
362 35971
7 33
3 3
85 3198
28 1610
25 1293
3 13
16 1537
2 5
1764 29134
5 8
19 39
1 588
5 114
13 310
14 1857
2 2
2 2
4 2074
58 4783
2 5
33 35
3 3
5 7
39 3415
141 643
4229 21341
95 2852
1 5
45 6771
27 517
12 31
9 310
34 34
142 12671
2 5
2 2
5 294
1099 39833
32 183
3 6
625 162468
6 301
2 24
1064 11062
42 105
8 313
3 3
1 6
4 297
14 323
64 126948
4 6
15 323
15 89
9 31
61 2251
4 36
28 1360
43 2878
2 885
136 12671
2 21
15 941
22 144
3 288
425 29413
56 2244
3 5
8 588
15 310
32 34
18 1537
5 7
496 5156
12 32
1 3
9 31
1 25
10 32
62 6795
5 289
2 3
16 93836
7 595
4 7
3 6
2 288
7 12
33 1610
4 288
3 3
14 22
4 5
27 3500
27 13283
23 1768
13 588
11 82
3 5
53 7456
27 493
5 290
3 3
2 2
55 3488
2 9
5 13
24 941
5 12
35 95
2 5
27 517
22 144
3 3
4 6
3 12
3 3
15 89
2 34
58 4783
6 22
3 3
98 4507
2 6
189 13613
326 3529
11 1703
5 297
296 9907
2 21
2 2
7 311
15 597
16 1537
39 3415
2 61
2 2
2 5
2 2
8 300
1 588
11 97
3 3
11 21
7 597
12 31
2 2
3 3
8 1528
5 6
15 36
3 3
4 52
2 12
2 2
2 2
1 59
18 608
18 144
2 3
3 3
178 633
3 8
1 5
206 12669
1064 11062
3 288
3 297
295 2819
3 3
13 1769
4 14
5 5
139 10995
33 35
14 1857
692 17878
2 5
9 588
295 2819
10 23
2 286
3 3
3 13
15 323
8 56
29 1610
15 323
2 3
4 4
2 2
3 3
2 3
3 5
4 12
3 6
3 3
10 588
26 2764
2 12
3 3
244 17429
120 2552
301 2819
13 588
120 2552
10 1805
15 885
4 288
5 303
16 2829
120 12670
27 493
45 4458
5 294
2 5
4 296
757 54344
3 3
6 304
1 6
3 3
2 2
171 13613
689 3529
39 3415
3 2872
3 3
58 4783
27 10873
3 288
6 304
9 31
660 4103
85 3198
1 588
1 288
689 3529
56 2244
6 301
9 2074
318 2819
3 54
12 32
2 2
6 309
26 2764
1 6
35 95
9 9
5 12
6 304
2 588
11 32
1 2
6 6
6 3994
15 1172
2 2
5 289
6 3994
326 1760
7 12
3 3
6 7
12 2081
2 3
91 10517
5 8
7 10
19 638
10 588
22 144
4 288
3 3
184 6201
2 5
29 3075
33 4830
47 3428
2 24
5 289
87 3452
17 1449
6 301
2 2
4 89
15 36
3 6
4 72
3 3
11342 334222
217 18424
15 92
3 290
1 3
3 3
263 1282
3 6
5 303
3 3
61 3719
28 1360
5 9
2 288
29 14797
9 12
3 3
13 588
15 327
3 5
2 5
99 14218
3 13
1 3
1 269
3 3
1056 37169
2 2
4 72
5 289
280 9857
2 2
1980 708004
7 8
274 7898
5 11924
5 304
1 949
3 13
82 6320
511 36841
6 14
4 12
3 277
1 2
2 301
15 323
12 2584
3 3
108 14806
28 925
9 300
28 1839
8 581
1 2
337 3000
3 3
4 24
6 304
4 7
29 6143
11 32
5 12
1 58
34 73
13 588
7 13
9 31
5 10
5 67
16 1537
1 303
3 24
13 310
1900 834952
8 10
4 354
195 12669
5 10
3 35
3 5
51 2237
9 310
4 2065
3 3
15 19
4 297
5 289
56 2244
9 31
2 2
142 12671
649 4711
3 3
14 29
3 3
1 5
1071 6134
14 323
4 4
1723 32586
433 1515
28 1360
3 1999
5 885
53 7456
120 2552
4 297
663 17878
1 949
11342 334222
79 8875
8 595
2 2
139 628
1 3
82 6320
12 31
216 17917
2 6
5 297
149 20727
142 3451
1 5
1 269
3 3
6 6
3 3
22 1172
3 288
4 12
5 10
34 3075
21 1764
1 5
64 121904
9 52
5 13
14 316
8 11
15 327
49 4672
11 323
1146 39833
9 29
7 11
11 32
326 3529
82 6320
10 32
8 1528
4 12
17 17
3 18
4 6
1 2
8 15
29 73
2 2
4 285
6 16
16 156
55 3488
29 6143
3 3
2 8
2 5
12 290
14 1039
42 9797
3 3
2 2
4 297
432 33894
8 581
47 1039
2 2
4 89
3 3
1 5
1772 836690
8 581
99 14218
142 3451
1 6
23 941
10 1805
6 22
2 303
4 4
47 1306
28 1360
152 261
1 2
3 6
12 588
216 20569
391 24931
11 1767
3 304
3 18
301 29611
29 1293
24 53
14 323
8 37
12 588
242 83097
514 146328
16 1537
3 3
1224 44569
2 2
1 64
9 868
24 1769
2 3
12 314
13 588
305 3325
3 297
2 287
1 2
8 8
4 304
1 10
2 2
2 2
1 588
1 2
6 304
2 2
199 14428
1900 834952
4 1999
3 3
3 72
2 2
3 18
1 4
1 5
3 3
3 3
16 23
29 6143
17 95
7 12
1 2
47 1039
10 46
3 3
25 2230
22 1172
3 3
10 2662
158 263
2 5
4 288
2 2
2 13
8 13
5 289
514 146328
88 12937
4 24
2 5
12 33
3 3
6 14
5 13
9 40
33 9789
12 31
11 32
8 580
184 14805
3 3
2 2
2 2
123 10996
6 24
3 18
2 2
1 6
29 34
57 2720
4 11
1 949
232 6029
3 3
5 301
1 286
16 1537
5 1005
3 3
1099 39833
61 2251
42 105
1 286
6 304
5 13
1 5
2 3
2 3
3 18
1 2
2 3
3 3
12 1537
65 2829
120 2552
601 162468
175 17654
2 2
5 297
1121 11062
6 301
3 288
2 4
8 588
16 82
3 3
1 2
3 3
57 204
6 588
91 10517
3 3
4 7
1 5
57 204
67 205779
6 10
3 3
285 9898
8 10
236 4006
11 31
64 4784
4 6
2 2
8 8
1 3
3 3
22 3594
14 26
1 2
15 95
5 289
6 9
17 31
3 3
7 11
3 3
395 28792
47 1039
2 69
3 18
4 4
4 6
61 2251
3 23
3 6
16 82
5 7
16 23
199 14428
12 31
14 323
4 297
5 2077
150 378
2 5
757 361995
84 3196
16 93836
5 13
17 1449
5 13
1 59
3 3
27 13285
10 82
91 10517
12 31
9 31
4 4
16 93836
2 2
28 1610
4 89
14 29
15 95
2 8
577 4497
27 10897
40 134097
2 2
4 288
9 31
1900 834952
31 493
13 34
8 12
2 136
3 3
5 8
136 12670
2 5
10 23
522 25784
29 73
4 12
3 15
263 1282
43 162
4 40
5 7
5 10
5 15
3 6
102 14218
1 2
5 1999
522 11201
1 588
3 3
2 5
38 9789
56 2244
1 12
3 72
6 24
56 2244
4 12
7 297
1 22
4 11
23 941
15 323
17 1449
7 588
801 54349
1 3
27 493
4 4
16 1769
2 8
3 3
4 6
91 2852
1 2
13 949
2 5
1 588
11 329
190 19393
33 335
1 10
120 2552
3 4
66 4962
61 2251
18 1537
7 8
3 3
27 493
91 10517
1 296
15 95
3 13
5 6
5 5
13 56
14 3146
27 493
6 22
11 32
129 323
28 925
236 4006
27 10897
303 2819
301 2819
187 558
1224 44569
27 517
2 2
8 12
4 4
3 3
1 5
2 2
266 9601
2 588
7 597
6 304
2 2
1750 834952
1 2
3 1999
2 2
11 2074
3 3
4 4
17 31
43 2878
16 90
9 22
9 33
1 59
1 15
15 327
5 161
2 2
3 18
2 2
1 5
2 2
15 36
4 6
2 2
149 20727
13 1293
12 44
14 323
3 3
1 9
3 3
12 290
84 21511
3 6
5 10
3 3
3 3
418 17237
6 949
51 2237
7 7
4 354
21 4591
784 11913
1 5
1 3
29 73
3 3
251 83097
4 11
3 35
1 588
14 29
64 121904
149 20727
4 13
35 13730
10 45
1 22
4 297
3 72
9 11
1723 32586
3 27
98 6795
2 275
62 1547
3 3
102 202606
14 316
54 8727
1 14
7 11
3 3
8 581
449 59183
577 4497
4 304
5 289
1 15
11 32
28 1839
42 2720
690 3529
1 6
10 32
12 290
3 288
3 288
9 52
5 6
14 29
6 7
13 13
9 31
2 2
659 47853
3 5
2 2
7 7
2 5
28 1610
1 949
3 36
22 1769
296 9907
8 322
189 13613
3 3
80 135550
2 2
120 12670
3 288
1946 43060
4 304
400 5863
6 40
4 6
11 31
61 2251
1 588
197 16328
11 32
18 608
6 21
3 3
1 269
25 1769
2 5
4 5
5 5
10 45
163 691
71 7461
14 1537
28 493
2 2
1056 37169
22 144
3 66
48 82
13 310
16 3729
9 13
63 167
3 13
2 588
2 3
3 3
15 79
28 1360
1 64
8 595
6 309
29 3075
4 12
2 588
56 2244
6 14
35 13701
4 4
43 162
9 3500
5 11
1 15
2 2
3 3
1 10
1 288
5 10
6 22
31 6143
5 949
2 21
3 13
52 2237
4 288
2 2
2 2
14 588
15 95
2 2
15 95
2 9
659 47853
45 6771
6 6
18 1537
24 2764
1772 836690
8 15
66 126948
27 10873
9 31
10 28
2 12
5 6
3 4
2 2
4 12
6 71
4 89
3 3
2 2
545 4546
3 17
1 949
99 14218
3 3
98 4507
6 22
8 581
199 14428
9 2074
17 1449
46 4778
11 323
5 10
285 9601
27 34
9 360
7 297
1 2
801 54349
120 3452
2 2
12 2584
3 3
3 3
27 10873
2 2
232 6029
62 6795
4 288
6 22
3 13
7 54
5 67
3 18
5 13
13 588
8 15
6 6
2 2
263 1282
3 3
8 8
47 1039
61 3452
15 89
9 10
3 9
3 304
6 304
2 2
152 261
5 6
2 3
650 4711
11 31
99 14218
11 13
2 26
4 14
88 6864
1 5
5 10
3 3
2 2
1 39
47 1039
32 97
24 1769
15 323
16 82
2 34
1 5
65 4784
6 304
3 3
5 7
4 4
